25 0.891288 0.199063 0.016837 0.049375
14 0.865300 0.198750 0.020498 0.050000
18 0.836750 0.197500 0.032211 0.050000
9 0.799780 0.196250 0.010981 0.048750
25 0.778184 0.195625 0.030747 0.050000
24 0.751098 0.195000 0.023426 0.050000
0 0.725110 0.195000 0.028551 0.050000
12 0.696925 0.194062 0.026354 0.049375
9 0.673133 0.192500 0.010981 0.048750
4 0.655198 0.192188 0.024890 0.049375
5 0.636896 0.191875 0.010249 0.048750
4 0.621157 0.191250 0.021230 0.050000
0 0.588580 0.190000 0.017570 0.048750
12 0.568082 0.189375 0.019034 0.050000
4 0.539531 0.189375 0.019034 0.050000
9 0.528551 0.188125 0.011713 0.048750
16 0.516837 0.188125 0.011713 0.048750
5 0.504758 0.187188 0.013909 0.049375
9 0.475110 0.187188 0.010249 0.049375
4 0.456808 0.186875 0.026354 0.050000
5 0.439239 0.185312 0.008785 0.049375
4 0.423133 0.185625 0.023426 0.050000
0 0.380307 0.183750 0.027086 0.050000
7 0.354319 0.183125 0.024890 0.050000
3 0.320644 0.181875 0.038067 0.050000
5 0.281845 0.180625 0.010249 0.048750
0 0.265373 0.180000 0.019766 0.050000
4 0.236091 0.179375 0.021230 0.050000
1 0.213763 0.179375 0.020498 0.050000
26 0.183016 0.178125 0.030747 0.050000
0 0.133602 0.175937 0.013909 0.049375
5 0.110908 0.175937 0.008053 0.049375
9 0.898609 0.236875 0.009517 0.043750
4 0.878111 0.236875 0.013909 0.043750
5 0.863104 0.236875 0.014641 0.043750
4 0.844436 0.235937 0.010981 0.043125
0 0.805271 0.235937 0.008785 0.043125
12 0.786237 0.235937 0.016105 0.043125
4 0.761347 0.235937 0.016105 0.043125
9 0.748170 0.235313 0.011713 0.043125
10 0.733163 0.235313 0.009517 0.043125
1 0.703514 0.235313 0.008785 0.043125
11 0.684480 0.235313 0.016105 0.043125
12 0.664348 0.235313 0.010981 0.043125
12 0.630307 0.234375 0.011713 0.043750
1 0.611274 0.234375 0.017570 0.043750
1 0.586750 0.234375 0.015373 0.043750
10 0.571010 0.233437 0.020498 0.043125
5 0.540630 0.233437 0.008053 0.043125
1 0.524890 0.233437 0.021962 0.043125
11 0.502196 0.233437 0.019034 0.043125
12 0.478404 0.233437 0.021230 0.043125
16 0.453514 0.232500 0.010981 0.043750
20 0.437408 0.232500 0.015373 0.043750
25 0.413250 0.232500 0.019766 0.043750
10 0.384334 0.232500 0.026354 0.043750
4 0.751098 0.272813 0.017570 0.036875
0 0.725842 0.272813 0.018302 0.036875
12 0.704612 0.271562 0.016837 0.036875
4 0.678990 0.271562 0.022694 0.036875
0 0.643485 0.270937 0.024890 0.036875
25 0.616398 0.270937 0.029283 0.036875
24 0.591142 0.269688 0.018302 0.036875
0 0.560761 0.269688 0.008785 0.036875
16 0.544290 0.269688 0.012445 0.036875
11 0.527452 0.269062 0.013909 0.036875
9 0.511347 0.269062 0.009517 0.036875
14 0.487921 0.269062 0.015373 0.036875
22 0.460835 0.267813 0.019766 0.036875
5 0.444363 0.267813 0.011713 0.036875
10 0.430454 0.267813 0.016105 0.036875
4 0.400805 0.267188 0.022694 0.036875
9 0.384334 0.267188 0.008785 0.036875
5 0.374451 0.267188 0.008053 0.036875
13 0.359078 0.267188 0.018302 0.036875
5 0.788799 0.306875 0.006589 0.038750
3 0.776354 0.306875 0.013909 0.038750
1 0.748902 0.306875 0.019034 0.038750
24 0.724744 0.305625 0.020498 0.038750
26 0.697291 0.305625 0.013909 0.038750
1 0.659590 0.305000 0.020498 0.038750
13 0.636530 0.305000 0.019766 0.038750
1 0.599561 0.303750 0.021962 0.038750
25 0.573572 0.303750 0.028551 0.038750
1 0.545754 0.303125 0.022694 0.038750
26 0.521596 0.303125 0.024158 0.038750
10 0.498170 0.301875 0.022694 0.038750
1 0.463031 0.301875 0.024158 0.038750
1 0.438141 0.301250 0.024158 0.038750
9 0.419473 0.301250 0.010249 0.038750
26 0.403367 0.301250 0.020498 0.038750
10 0.380673 0.301250 0.020498 0.038750
23 0.625183 0.338438 0.007321 0.034375
25 0.606515 0.337813 0.018302 0.034375
24 0.574671 0.337500 0.023426 0.035000
26 0.543924 0.336250 0.020498 0.035000
13 0.521230 0.335938 0.016105 0.034375
9 0.870791 0.375937 0.008053 0.036875
15 0.859078 0.375937 0.010981 0.036875
18 0.835286 0.375312 0.013177 0.036875
9 0.814056 0.375312 0.013177 0.036875
16 0.806735 0.374063 0.010249 0.036875
9 0.794656 0.374063 0.010981 0.036875
10 0.777086 0.374063 0.019766 0.036875
5 0.744143 0.373437 0.008053 0.036875
11 0.725476 0.372188 0.020498 0.036875
26 0.691069 0.371875 0.024890 0.037500
1 0.660688 0.371875 0.022694 0.037500
26 0.631772 0.370312 0.020498 0.036875
13 0.603953 0.370000 0.026354 0.037500
18 0.561127 0.369063 0.022694 0.038125
12 0.523426 0.368125 0.046852 0.037500
14 0.477306 0.366563 0.021962 0.036875
6 0.459370 0.366563 0.009517 0.036875
6 0.448023 0.366563 0.008785 0.036875
5 0.436676 0.365938 0.009517 0.036875
26 0.412152 0.366250 0.036603 0.037500
24 0.781113 0.338125 0.038067 0.076250
9 0.759883 0.340000 0.017570 0.073750
1 0.743045 0.340938 0.024890 0.074375
23 0.717789 0.342813 0.022694 0.074375
5 0.709736 0.343750 0.018302 0.073750
16 0.692533 0.344687 0.021962 0.074375
5 0.675329 0.346562 0.019766 0.074375
24 0.668375 0.346562 0.016105 0.074375
23 0.627745 0.350000 0.016837 0.073750
25 0.602489 0.352187 0.042460 0.075625
24 0.535505 0.357812 0.038799 0.075625
5 0.247072 0.357500 0.009517 0.030000
1 0.230966 0.356875 0.027086 0.031250
25 0.199122 0.354375 0.032211 0.032500
18 0.166911 0.351250 0.029283 0.031250
24 0.147145 0.349687 0.010249 0.030625
5 0.759151 0.405938 0.007321 0.046875
4 0.742313 0.405625 0.021962 0.047500
9 0.726940 0.405313 0.007321 0.046875
4 0.711933 0.404687 0.019766 0.048125
0 0.678258 0.403750 0.027086 0.047500
13 0.653001 0.402813 0.020498 0.048125
25 0.622255 0.402187 0.019034 0.048125
14 0.599561 0.400625 0.014641 0.047500
5 0.590410 0.400625 0.012445 0.047500
18 0.565886 0.400313 0.032211 0.048125
26 0.532211 0.399062 0.024890 0.048125
25 0.504758 0.398438 0.027086 0.048125
14 0.478038 0.397188 0.024890 0.048125
18 0.454246 0.396562 0.022694 0.048125
5 0.436310 0.395937 0.008785 0.046875
0 0.409590 0.394062 0.012445 0.046875
12 0.388726 0.394062 0.013177 0.046875
14 0.356149 0.393125 0.012445 0.047500
22 0.330527 0.392813 0.018302 0.048125
5 0.314422 0.391250 0.013909 0.047500
26 0.297950 0.390313 0.016105 0.046875
9 0.277086 0.390313 0.012445 0.046875
0 0.244876 0.389062 0.027086 0.048125
25 0.216325 0.387813 0.030015 0.048125
24 0.186676 0.387188 0.024890 0.048125
0 0.143851 0.385937 0.010981 0.046875
16 0.123353 0.385313 0.019766 0.048125
11 0.096633 0.384375 0.020498 0.047500
9 0.075769 0.384062 0.012445 0.046875
14 0.894949 0.447813 0.016837 0.050625
22 0.861640 0.446562 0.023426 0.050625
5 0.845900 0.445312 0.013909 0.049375
4 0.825769 0.444688 0.023426 0.050625
0 0.788067 0.444063 0.025622 0.050625
26 0.763543 0.443125 0.020498 0.051250
11 0.738653 0.442188 0.023426 0.050625
13 0.714861 0.441250 0.022694 0.051250
4 0.684846 0.440000 0.015373 0.050000
9 0.667643 0.440000 0.013177 0.050000
5 0.657394 0.438750 0.011713 0.050000
13 0.637628 0.438437 0.023426 0.050625
12 0.602855 0.436875 0.012445 0.050000
0 0.576135 0.436563 0.020498 0.050625
4 0.554173 0.436563 0.019034 0.050625
1 0.527818 0.435625 0.020498 0.051250
4 0.506223 0.434375 0.013909 0.050000
0 0.474012 0.432812 0.028551 0.050625
26 0.445827 0.432812 0.021962 0.050625
9 0.419473 0.431250 0.010249 0.050000
4 0.403001 0.430625 0.013909 0.050000
5 0.385432 0.430625 0.015373 0.050000
4 0.370425 0.429688 0.011713 0.049375
0 0.331991 0.428750 0.010981 0.050000
12 0.311127 0.428438 0.020498 0.050625
4 0.284407 0.427187 0.018302 0.050625
9 0.267936 0.425938 0.014641 0.049375
11 0.251464 0.426563 0.018302 0.050625
13 0.224744 0.425000 0.016105 0.050000
5 0.190337 0.424063 0.008785 0.049375
12 0.175695 0.423125 0.016105 0.050000
18 0.153734 0.422812 0.019034 0.050625
1 0.127013 0.421875 0.022694 0.051250
3 0.100293 0.420938 0.020498 0.050625
5 0.080527 0.420625 0.016105 0.050000
1 0.893485 0.477187 0.022694 0.045625
11 0.868960 0.476250 0.019034 0.045000
12 0.841874 0.476250 0.027818 0.045000
12 0.803807 0.475313 0.016105 0.045625
1 0.775988 0.475313 0.021962 0.045625
1 0.750732 0.474375 0.018302 0.045000
11 0.730600 0.474375 0.017570 0.045000
13 0.706442 0.473438 0.020498 0.045625
5 0.680088 0.473438 0.007321 0.045625
1 0.666545 0.473438 0.015373 0.045625
11 0.641654 0.472500 0.019766 0.045000
12 0.620791 0.472500 0.011713 0.045000
16 0.585652 0.471562 0.008785 0.045625
20 0.571376 0.471562 0.015373 0.045625
25 0.546486 0.470625 0.021230 0.045000
11 0.517204 0.470625 0.019766 0.045000
13 0.494143 0.470000 0.024890 0.045000
5 0.471449 0.470000 0.005857 0.045000
16 0.461567 0.470000 0.012445 0.045000
26 0.441801 0.468750 0.018302 0.045000
26 0.417277 0.468750 0.016105 0.045000
9 0.403001 0.468750 0.013909 0.045000
14 0.367862 0.468125 0.024158 0.045000
8 0.344802 0.468125 0.020498 0.045000
24 0.317716 0.467187 0.024890 0.045625
0 0.279283 0.466250 0.025622 0.045000
24 0.255124 0.466250 0.022694 0.045000
22 0.226940 0.465625 0.029283 0.046250
11 0.197657 0.465313 0.024890 0.045625
13 0.174231 0.465313 0.021962 0.045625
9 0.900439 0.514687 0.008785 0.049375
5 0.888726 0.514687 0.008785 0.049375
24 0.868960 0.513750 0.026354 0.050000
4 0.841508 0.513750 0.027086 0.050000
5 0.809297 0.513750 0.002196 0.050000
14 0.804173 0.512813 0.008053 0.049375
12 0.786237 0.512813 0.024890 0.049375
23 0.745974 0.512188 0.049780 0.050625
5 0.714129 0.511875 0.006589 0.050000
25 0.692899 0.510938 0.031479 0.049375
5 0.664348 0.510938 0.010981 0.049375
0 0.642020 0.510938 0.017570 0.049375
17 0.618960 0.510000 0.016837 0.050000
20 0.596999 0.510000 0.018302 0.050000
26 0.573572 0.510000 0.012445 0.050000
3 0.541362 0.509375 0.010981 0.050000
2 0.517570 0.509375 0.016105 0.050000
16 0.501098 0.509375 0.012445 0.050000
10 0.490483 0.508125 0.008785 0.050000
5 0.451318 0.508125 0.008053 0.050000
26 0.435212 0.507500 0.015373 0.050000
9 0.412518 0.507500 0.015373 0.050000
24 0.395681 0.507500 0.018302 0.050000
25 0.362372 0.506250 0.024890 0.050000
10 0.334187 0.506250 0.015373 0.050000
5 0.300146 0.505625 0.007321 0.050000
9 0.288799 0.505625 0.010981 0.050000
22 0.272694 0.505625 0.016837 0.050000
4 0.244510 0.504375 0.019034 0.050000
24 0.221816 0.504375 0.019034 0.050000
10 0.194729 0.504375 0.014641 0.050000
18 0.901537 0.555312 0.015373 0.045625
25 0.872987 0.554688 0.022694 0.046875
1 0.841874 0.554063 0.027818 0.046875
1 0.806735 0.552500 0.016105 0.046250
25 0.780381 0.552188 0.023426 0.046875
3 0.744143 0.551250 0.022694 0.047500
10 0.719619 0.551250 0.026354 0.047500
12 0.681918 0.550000 0.015373 0.046250
1 0.660688 0.548750 0.018302 0.046250
4 0.633602 0.548750 0.018302 0.046250
14 0.614202 0.548125 0.020498 0.046250
26 0.582723 0.546875 0.020498 0.046250
10 0.558565 0.547500 0.026354 0.047500
5 0.529649 0.546250 0.009517 0.046250
0 0.511347 0.545000 0.018302 0.046250
11 0.485359 0.545000 0.019034 0.046250
12 0.465593 0.544375 0.017570 0.046250
26 0.437775 0.543750 0.026354 0.047500
5 0.407028 0.543125 0.008785 0.046250
25 0.392020 0.542500 0.018302 0.046250
1 0.360908 0.541250 0.020498 0.046250
18 0.341142 0.541250 0.017570 0.046250
26 0.312225 0.540937 0.028551 0.046875
4 0.276720 0.540000 0.024890 0.047500
25 0.244876 0.539062 0.035871 0.046875
14 0.214129 0.538125 0.025622 0.047500
24 0.187042 0.538125 0.025622 0.047500
5 0.168741 0.537500 0.010981 0.046250
20 0.896047 0.591250 0.021962 0.046250
15 0.877013 0.590000 0.011713 0.045000
9 0.856515 0.589063 0.010249 0.045625
20 0.841874 0.589375 0.017570 0.046250
26 0.816252 0.588750 0.020498 0.046250
4 0.788433 0.586875 0.029283 0.046250
12 0.746706 0.585625 0.019034 0.046250
1 0.721083 0.585000 0.020498 0.046250
1 0.696193 0.583750 0.020498 0.046250
11 0.670571 0.583125 0.020498 0.046250
13 0.644949 0.581875 0.023426 0.046250
5 0.614568 0.580625 0.010981 0.045000
17 0.598463 0.581250 0.016837 0.046250
24 0.573206 0.580000 0.020498 0.046250
26 0.549048 0.579375 0.020498 0.046250
13 0.517570 0.577500 0.036603 0.046250
5 0.483529 0.576875 0.010981 0.045000
18 0.465227 0.576562 0.025622 0.045625
1 0.438873 0.575625 0.027086 0.046250
3 0.412884 0.575000 0.026354 0.046250
26 0.385432 0.573750 0.028551 0.046250
13 0.357613 0.573125 0.027086 0.046250
0 0.324305 0.571250 0.033675 0.046250
12 0.290264 0.570000 0.022694 0.046250
4 0.259883 0.569375 0.021962 0.046250
9 0.239385 0.568125 0.017570 0.046250
13 0.217789 0.567500 0.022694 0.046250
0 0.179722 0.566250 0.021230 0.046250
6 0.153734 0.565625 0.017570 0.046250
6 0.138360 0.565625 0.017570 0.046250
24 0.112738 0.564375 0.021962 0.046250
9 0.087848 0.563750 0.017570 0.046250
13 0.076867 0.563125 0.008785 0.045000
5 0.903367 0.621875 0.007321 0.042500
4 0.883236 0.621875 0.016837 0.042500
25 0.859810 0.620625 0.022694 0.042500
26 0.821010 0.620625 0.022694 0.042500
12 0.802343 0.620000 0.016105 0.042500
6 0.784041 0.620000 0.011713 0.042500
5 0.774158 0.620000 0.009517 0.042500
9 0.759151 0.620000 0.011713 0.042500
26 0.745608 0.619375 0.015373 0.042500
13 0.714861 0.618750 0.028551 0.043750
12 0.668741 0.618125 0.019766 0.042500
4 0.640922 0.617500 0.019766 0.042500
13 0.614202 0.617500 0.024890 0.042500
5 0.581625 0.616250 0.009517 0.042500
7 0.562225 0.616250 0.020498 0.042500
24 0.539531 0.615625 0.024890 0.042500
4 0.513177 0.614375 0.024890 0.042500
0 0.475476 0.614375 0.018302 0.042500
19 0.448755 0.613750 0.020498 0.042500
9 0.415081 0.613750 0.010249 0.042500
4 0.394583 0.612500 0.016105 0.042500
5 0.379941 0.612500 0.013177 0.042500
4 0.354685 0.612187 0.031479 0.043125
1 0.314422 0.611250 0.028551 0.043750
11 0.285139 0.611250 0.027086 0.043750
13 0.259517 0.610000 0.022694 0.042500
5 0.227306 0.610000 0.008053 0.042500
18 0.213031 0.610000 0.017570 0.042500
22 0.180454 0.608750 0.022694 0.042500
24 0.150073 0.608437 0.029283 0.043125
0 0.106149 0.606875 0.026354 0.042500
26 0.067350 0.607500 0.029283 0.043750
4 0.894949 0.661250 0.028551 0.041250
25 0.861274 0.660625 0.034407 0.042500
14 0.829795 0.659375 0.027086 0.041250
9 0.810029 0.659375 0.008053 0.041250
13 0.793558 0.659375 0.020498 0.041250
5 0.767204 0.658438 0.008785 0.041875
12 0.753294 0.658438 0.017570 0.041875
0 0.717423 0.657500 0.027818 0.041250
9 0.686676 0.657500 0.010249 0.041250
4 0.668741 0.656563 0.024158 0.041875
9 0.649707 0.656563 0.009517 0.041875
4 0.632870 0.656563 0.022694 0.041875
14 0.597365 0.655625 0.026354 0.041250
8 0.572108 0.655625 0.022694 0.041250
24 0.546852 0.654687 0.024890 0.041875
5 0.518302 0.654687 0.008785 0.041875
4 0.501830 0.653750 0.022694 0.041250
0 0.474744 0.653750 0.027086 0.041250
3 0.448023 0.652813 0.026354 0.041875
14 0.422035 0.652813 0.025622 0.041875
4 0.396413 0.651875 0.022694 0.041250
12 0.359810 0.651875 0.018302 0.041250
0 0.330161 0.650937 0.027818 0.041875
26 0.290996 0.650000 0.024158 0.041250
26 0.264641 0.650000 0.022694 0.041250
15 0.245608 0.650000 0.012445 0.041250
0 0.213763 0.649375 0.029283 0.042500
26 0.185578 0.648125 0.022694 0.041250
9 0.154832 0.648125 0.010981 0.041250
1 0.136530 0.647188 0.025622 0.041875
5 0.115300 0.647188 0.009517 0.041875
12 0.095168 0.647188 0.023426 0.041875
4 0.077233 0.647188 0.009517 0.041875
5 0.904466 0.700625 0.009517 0.042500
0 0.883968 0.699375 0.018302 0.042500
1 0.859810 0.699375 0.018302 0.042500
3 0.836018 0.698750 0.020498 0.042500
26 0.807467 0.698750 0.019034 0.042500
13 0.782577 0.698750 0.023426 0.042500
14 0.751098 0.697500 0.014641 0.042500
4 0.721449 0.696875 0.022694 0.042500
24 0.698023 0.696875 0.016837 0.042500
4 0.672035 0.696875 0.026354 0.042500
14 0.633968 0.695625 0.024890 0.042500
18 0.609444 0.695625 0.021230 0.042500
12 0.581991 0.695000 0.024890 0.042500
4 0.555271 0.695000 0.015373 0.042500
0 0.531479 0.693750 0.017570 0.042500
24 0.512445 0.693750 0.016105 0.042500
21 0.486823 0.693125 0.024890 0.042500
4 0.457906 0.693125 0.016837 0.042500
8 0.436676 0.693125 0.018302 0.042500
1 0.408858 0.691875 0.018302 0.042500
4 0.385798 0.691875 0.024890 0.042500
0 0.354319 0.691250 0.020498 0.042500
25 0.327233 0.691250 0.020498 0.042500
24 0.294290 0.690000 0.027818 0.042500
9 0.263177 0.690000 0.010981 0.042500
4 0.243411 0.689375 0.024158 0.042500
5 0.226208 0.689375 0.010249 0.042500
4 0.209736 0.689375 0.022694 0.042500
16 0.179356 0.688125 0.011713 0.042500
26 0.159224 0.688125 0.024158 0.042500
15 0.138726 0.688125 0.010981 0.042500
5 0.906296 0.734062 0.010249 0.050625
25 0.883602 0.733125 0.033675 0.051250
14 0.852855 0.733125 0.026354 0.051250
26 0.827965 0.733125 0.023426 0.051250
13 0.799048 0.732187 0.031479 0.050625
0 0.765373 0.732187 0.027086 0.050625
26 0.739751 0.732187 0.022694 0.050625
3 0.707906 0.731250 0.017570 0.051250
1 0.680454 0.731250 0.018302 0.051250
24 0.663616 0.731250 0.015373 0.051250
9 0.642020 0.730313 0.017570 0.050625
0 0.614202 0.730313 0.020498 0.050625
12 0.587848 0.730313 0.017570 0.050625
4 0.562225 0.729688 0.026354 0.050625
18 0.527818 0.729688 0.024890 0.050625
12 0.504026 0.728437 0.022694 0.050625
12 0.480600 0.728437 0.010981 0.050625
1 0.454978 0.728437 0.018302 0.050625
1 0.433016 0.728437 0.016837 0.050625
11 0.411420 0.727812 0.017570 0.050625
13 0.394217 0.727812 0.010981 0.050625
5 0.364568 0.727812 0.008785 0.050625
18 0.347731 0.726562 0.016105 0.050625
12 0.325769 0.726562 0.013177 0.050625
16 0.294290 0.726562 0.008785 0.050625
20 0.279283 0.726562 0.015373 0.050625
25 0.256589 0.725938 0.019766 0.050625
11 0.228404 0.725938 0.019034 0.050625
13 0.203880 0.724688 0.022694 0.050625
5 0.175329 0.724688 0.008053 0.050625
23 0.160688 0.724688 0.018302 0.050625
25 0.134700 0.724688 0.029283 0.050625
24 0.107247 0.724063 0.025622 0.050625
26 0.080527 0.724063 0.024890 0.050625
13 0.052709 0.724063 0.024890 0.050625
0 0.901537 0.770938 0.025622 0.046875
26 0.870059 0.770312 0.025622 0.046875
13 0.841874 0.770312 0.026354 0.046875
12 0.803441 0.770312 0.013909 0.046875
0 0.780381 0.769062 0.019034 0.046875
5 0.759517 0.769062 0.015373 0.046875
26 0.738653 0.769062 0.023426 0.046875
18 0.705344 0.768437 0.022694 0.046875
12 0.673133 0.768437 0.032943 0.046875
9 0.647145 0.767188 0.008785 0.046875
3 0.629941 0.767188 0.024158 0.046875
11 0.604685 0.767188 0.024890 0.046875
13 0.581259 0.767188 0.021962 0.046875
5 0.551977 0.766563 0.008785 0.046875
4 0.537335 0.766563 0.014641 0.046875
9 0.521230 0.766563 0.011713 0.046875
5 0.509517 0.766563 0.013177 0.046875
12 0.484993 0.765625 0.015373 0.047500
8 0.463397 0.765625 0.017570 0.047500
5 0.441801 0.765625 0.015373 0.047500
8 0.425329 0.765625 0.017570 0.047500
20 0.400073 0.764687 0.018302 0.046875
26 0.375549 0.764687 0.023426 0.046875
1 0.346999 0.763750 0.011713 0.047500
9 0.330893 0.763750 0.011713 0.047500
15 0.316984 0.763750 0.019034 0.047500
18 0.290630 0.763750 0.020498 0.047500
9 0.273792 0.763750 0.008785 0.047500
16 0.262079 0.762813 0.013177 0.046875
9 0.250000 0.762813 0.008053 0.046875
11 0.232430 0.762813 0.022694 0.046875
13 0.205710 0.762813 0.023426 0.046875
5 0.175329 0.761875 0.006589 0.047500
12 0.161786 0.761875 0.014641 0.047500
14 0.139824 0.761875 0.020498 0.047500
3 0.108712 0.760938 0.022694 0.046875
26 0.082723 0.760938 0.020498 0.046875
13 0.051977 0.760938 0.027818 0.046875
0 0.904100 0.811250 0.011713 0.061250
26 0.877379 0.811250 0.022694 0.061250
13 0.849561 0.810312 0.015373 0.060625
0 0.808931 0.809375 0.014641 0.061250
26 0.781479 0.809375 0.015373 0.061250
1 0.740849 0.808438 0.011713 0.060625
16 0.719619 0.808438 0.014641 0.060625
9 0.706808 0.808438 0.010981 0.060625
11 0.692533 0.807500 0.017570 0.061250
13 0.665813 0.807500 0.015373 0.061250
12 0.624451 0.806562 0.010249 0.060625
3 0.604319 0.806562 0.018302 0.060625
1 0.577599 0.805625 0.020498 0.061250
24 0.556369 0.805625 0.013177 0.061250
1 0.523060 0.804688 0.013909 0.060625
13 0.495608 0.804688 0.014641 0.060625
1 0.465227 0.803750 0.025622 0.061250
25 0.434114 0.802813 0.021962 0.060625
1 0.407028 0.802813 0.021962 0.060625
26 0.379941 0.802813 0.019034 0.060625
10 0.353221 0.802188 0.031479 0.061875
1 0.325769 0.801875 0.010249 0.061250
1 0.306003 0.801250 0.016105 0.061250
9 0.285139 0.801250 0.016837 0.061250
26 0.264275 0.800000 0.017570 0.061250
10 0.243777 0.800000 0.013177 0.061250
5 0.209736 0.799375 0.010981 0.061250
1 0.189971 0.799375 0.018302 0.061250
12 0.162884 0.798438 0.022694 0.060625
11 0.128477 0.798438 0.027086 0.060625
5 0.101025 0.798438 0.007321 0.060625
5 0.472182 0.835000 0.007321 0.052500
11 0.454612 0.835625 0.021962 0.052500
26 0.427892 0.835625 0.022694 0.052500
1 0.401171 0.836250 0.024890 0.053750
26 0.373353 0.837187 0.026354 0.053125
13 0.347731 0.837187 0.024890 0.053125
18 0.307101 0.838125 0.027086 0.053750
12 0.274890 0.838750 0.032943 0.053750
14 0.239751 0.839375 0.021230 0.052500
6 0.214129 0.840313 0.015373 0.053125
5 0.202416 0.840313 0.010981 0.053125
6 0.190703 0.840313 0.010981 0.053125
5 0.177892 0.841250 0.011713 0.052500
26 0.156662 0.840625 0.024890 0.053750
1 0.112006 0.842187 0.010249 0.053125
9 0.095168 0.842187 0.013177 0.053125
26 0.076867 0.843125 0.019034 0.052500
10 0.048682 0.844063 0.015373 0.053125
5 0.909590 0.887188 0.008053 0.051875
1 0.889458 0.887188 0.017570 0.051875
25 0.867130 0.885938 0.022694 0.051875
18 0.827965 0.885938 0.026354 0.051875
24 0.800878 0.885312 0.019034 0.051875
9 0.782943 0.885312 0.013909 0.051875
10 0.762811 0.885312 0.024890 0.051875
11 0.727672 0.884062 0.016105 0.051875
14 0.704612 0.884062 0.019766 0.051875
18 0.676428 0.884062 0.019034 0.051875
15 0.655564 0.883437 0.018302 0.051875
9 0.628111 0.883437 0.007321 0.051875
24 0.607980 0.883437 0.018302 0.051875
1 0.586384 0.882188 0.017570 0.051875
5 0.564788 0.882188 0.019766 0.051875
9 0.546120 0.882188 0.007321 0.051875
14 0.530015 0.882188 0.016105 0.051875
9 0.508053 0.881563 0.016105 0.051875
11 0.491215 0.881563 0.017570 0.051875
13 0.461201 0.881563 0.026354 0.051875
5 0.431186 0.880313 0.007321 0.051875
9 0.421303 0.880313 0.009517 0.051875
14 0.403367 0.880313 0.024890 0.051875
9 0.383602 0.880313 0.007321 0.051875
1 0.360176 0.879687 0.020498 0.051875
16 0.342606 0.879687 0.011713 0.051875
9 0.328331 0.879687 0.009517 0.051875
11 0.308199 0.878750 0.029283 0.051250
13 0.280747 0.878750 0.022694 0.051250
18 0.239751 0.877812 0.027086 0.051875
12 0.209736 0.877812 0.031479 0.051875
4 0.171303 0.876875 0.020498 0.051250
0 0.142753 0.876875 0.021962 0.051250
3 0.113470 0.876875 0.021962 0.051250
14 0.086750 0.875938 0.024158 0.051875
4 0.046486 0.875938 0.034407 0.051875
0 0.902635 0.931875 0.013177 0.060000
25 0.875549 0.931250 0.026354 0.061250
24 0.840776 0.930000 0.019766 0.060000
16 0.806369 0.929063 0.010981 0.060625
25 0.785871 0.928750 0.021230 0.061250
1 0.751098 0.927813 0.023426 0.060625
18 0.730234 0.927500 0.013909 0.060000
9 0.693265 0.926250 0.011713 0.060000
4 0.673499 0.925937 0.029283 0.060625
5 0.652269 0.925625 0.011713 0.060000
4 0.633236 0.925000 0.026354 0.061250
12 0.597365 0.923750 0.017570 0.060000
0 0.570644 0.923125 0.022694 0.061250
1 0.543558 0.922188 0.022694 0.060625
26 0.515007 0.922188 0.021230 0.060625
9 0.494876 0.920625 0.016105 0.060000
11 0.480234 0.920625 0.016105 0.060000
13 0.453880 0.920312 0.024890 0.060625
12 0.411054 0.918750 0.015373 0.060000
26 0.391288 0.918125 0.018302 0.060000
26 0.367130 0.917500 0.027086 0.061250
12 0.322474 0.916250 0.019766 0.060000
4 0.295388 0.915625 0.021230 0.061250
13 0.268302 0.914687 0.025622 0.060625
11 0.238287 0.914375 0.015373 0.060000
9 0.218887 0.913125 0.016105 0.060000
14 0.204612 0.913125 0.015373 0.060000
9 0.184114 0.912813 0.021230 0.060625
4 0.151537 0.911875 0.021962 0.061250
25 0.122621 0.910937 0.022694 0.060625
14 0.095168 0.910000 0.023426 0.061250
9 0.067350 0.909375 0.020498 0.061250
13 0.040996 0.909375 0.032211 0.061250
18 0.902635 0.971562 0.027818 0.038125
12 0.873353 0.970625 0.030747 0.037500
4 0.837848 0.968750 0.030015 0.037500
0 0.808565 0.967812 0.028551 0.038125
24 0.779283 0.966875 0.030015 0.037500
21 0.750000 0.965938 0.028551 0.038125
