25 0.684333 0.422500 0.006000 0.019000
9 0.676667 0.422500 0.006667 0.019000
14 0.668667 0.422500 0.009333 0.019000
18 0.651333 0.423500 0.018667 0.019000
9 0.635000 0.423500 0.004667 0.019000
25 0.628000 0.423500 0.009333 0.019000
24 0.611667 0.423500 0.012667 0.019000
0 0.598667 0.424500 0.010667 0.019000
12 0.584000 0.424500 0.017333 0.019000
9 0.568667 0.424500 0.005333 0.019000
4 0.560667 0.424500 0.008000 0.019000
5 0.552667 0.425000 0.008000 0.019000
4 0.541667 0.425000 0.011333 0.019000
0 0.526333 0.425000 0.011333 0.019000
12 0.511667 0.425000 0.011333 0.019000
4 0.497000 0.426000 0.010000 0.019000
9 0.486667 0.426000 0.008000 0.019000
16 0.481000 0.426000 0.006000 0.019000
5 0.475667 0.426000 0.007333 0.019000
9 0.464333 0.426000 0.004667 0.019000
4 0.456667 0.427000 0.008000 0.019000
5 0.448667 0.427000 0.008000 0.019000
4 0.438333 0.427000 0.010000 0.019000
0 0.419667 0.427000 0.012667 0.019000
12 0.407000 0.428000 0.012667 0.019000
3 0.384667 0.427500 0.032000 0.020000
5 0.357333 0.428500 0.005333 0.019000
0 0.348667 0.428500 0.009333 0.019000
4 0.334333 0.428500 0.010000 0.019000
1 0.324000 0.428500 0.010667 0.019000
26 0.308333 0.429500 0.014000 0.019000
0 0.287667 0.429500 0.011333 0.019000
26 0.273000 0.430500 0.019333 0.019000
9 0.686000 0.436000 0.006667 0.022000
4 0.678000 0.436000 0.006667 0.022000
5 0.670333 0.436000 0.008667 0.022000
4 0.654333 0.436750 0.022000 0.021500
0 0.638667 0.436750 0.009333 0.021500
12 0.624667 0.436750 0.012000 0.021500
4 0.612000 0.436750 0.009333 0.021500
9 0.604000 0.437750 0.006667 0.021500
10 0.587667 0.437250 0.027333 0.022500
1 0.579667 0.437750 0.004667 0.021500
11 0.570000 0.437750 0.010667 0.021500
12 0.556000 0.438750 0.008000 0.021500
12 0.538000 0.438750 0.009333 0.021500
1 0.524667 0.438750 0.010667 0.021500
1 0.514667 0.439500 0.008000 0.022000
10 0.504333 0.439500 0.012667 0.022000
5 0.489000 0.439500 0.003333 0.022000
1 0.482000 0.439500 0.008000 0.022000
11 0.471667 0.440250 0.008667 0.021500
12 0.458000 0.440250 0.017333 0.021500
16 0.440000 0.440250 0.006667 0.021500
20 0.431333 0.441250 0.008000 0.021500
25 0.421000 0.441250 0.010000 0.021500
10 0.405333 0.441250 0.013333 0.021500
5 0.392667 0.442250 0.012000 0.021500
1 0.381333 0.442250 0.009333 0.021500
11 0.367667 0.442250 0.010000 0.021500
12 0.355000 0.442250 0.015333 0.021500
14 0.342667 0.443000 0.009333 0.022000
0 0.328000 0.443000 0.012000 0.022000
3 0.318000 0.443000 0.008000 0.022000
10 0.306333 0.443750 0.012667 0.021500
5 0.291000 0.443750 0.004667 0.021500
4 0.280333 0.443750 0.014000 0.021500
9 0.270333 0.443750 0.004667 0.021500
5 0.266333 0.444750 0.006000 0.021500
4 0.687000 0.446750 0.008667 0.022500
3 0.675333 0.446750 0.009333 0.022500
1 0.665667 0.447750 0.008667 0.022500
24 0.656667 0.447750 0.008000 0.022500
9 0.647667 0.447750 0.007333 0.022500
13 0.639000 0.447750 0.012667 0.022500
4 0.624667 0.448750 0.012000 0.022500
0 0.612000 0.448750 0.009333 0.022500
12 0.600000 0.449250 0.010667 0.022500
4 0.583333 0.449250 0.016000 0.022500
0 0.570667 0.449250 0.009333 0.022500
25 0.557333 0.450250 0.010667 0.022500
24 0.542000 0.450250 0.017333 0.022500
0 0.529333 0.451250 0.008000 0.022500
16 0.519000 0.451250 0.008667 0.022500
11 0.511333 0.451250 0.006667 0.022500
9 0.504000 0.451250 0.008000 0.022500
14 0.492667 0.452250 0.008000 0.022500
22 0.478000 0.452250 0.012000 0.022500
5 0.467667 0.452250 0.007333 0.022500
10 0.462000 0.452750 0.009333 0.022500
4 0.448000 0.452750 0.004000 0.022500
9 0.440333 0.452750 0.006000 0.022500
5 0.436000 0.452750 0.005333 0.022500
13 0.427667 0.453750 0.006000 0.022500
18 0.410333 0.453750 0.006000 0.022500
12 0.400000 0.454750 0.005333 0.022500
12 0.382667 0.454750 0.008000 0.022500
1 0.372333 0.454750 0.010000 0.022500
1 0.359333 0.455750 0.009333 0.022500
10 0.348333 0.455750 0.012667 0.022500
5 0.333000 0.456250 0.006000 0.022500
25 0.324000 0.456250 0.010667 0.022500
16 0.311333 0.456250 0.008000 0.022500
16 0.304333 0.456250 0.010000 0.022500
26 0.285667 0.457250 0.012667 0.022500
13 0.273000 0.458250 0.015333 0.022500
12 0.686333 0.460750 0.006000 0.022500
1 0.673333 0.460750 0.009333 0.022500
16 0.665667 0.461750 0.006000 0.022500
9 0.660000 0.461750 0.005333 0.022500
10 0.655333 0.461750 0.004000 0.022500
5 0.638333 0.461750 0.004667 0.022500
3 0.630667 0.462250 0.009333 0.022500
1 0.615000 0.462250 0.010000 0.022500
24 0.604667 0.463250 0.010667 0.022500
26 0.588333 0.463250 0.008667 0.022500
1 0.569667 0.464250 0.012667 0.022500
13 0.557000 0.464250 0.012667 0.022500
1 0.541000 0.465250 0.012667 0.022500
25 0.528333 0.465250 0.010000 0.022500
1 0.514333 0.465750 0.010000 0.022500
26 0.503333 0.465750 0.009333 0.022500
10 0.491333 0.466750 0.013333 0.022500
1 0.477667 0.466750 0.012667 0.022500
1 0.464667 0.467750 0.008000 0.022500
9 0.456667 0.467750 0.008000 0.022500
26 0.445667 0.467750 0.008667 0.022500
10 0.429333 0.468250 0.018667 0.023500
5 0.414333 0.468750 0.004667 0.022500
1 0.408000 0.469250 0.008000 0.022500
12 0.395333 0.469250 0.010667 0.022500
11 0.379333 0.470250 0.014667 0.022500
26 0.358333 0.470250 0.012667 0.022500
5 0.346333 0.471250 0.014000 0.022500
1 0.324333 0.471750 0.014000 0.022500
3 0.306000 0.471500 0.022667 0.023000
24 0.286000 0.472250 0.017333 0.023500
15 0.271667 0.473750 0.012667 0.022500
5 0.694333 0.475000 0.003333 0.023000
1 0.687333 0.475000 0.008000 0.023000
25 0.676000 0.475000 0.010667 0.023000
11 0.662333 0.475750 0.010000 0.023500
1 0.650000 0.475750 0.009333 0.023500
10 0.639667 0.475750 0.011333 0.023500
5 0.624333 0.476750 0.006000 0.023500
1 0.617667 0.476750 0.007333 0.023500
23 0.606667 0.476750 0.010667 0.023500
5 0.594667 0.477750 0.006667 0.023500
14 0.590667 0.477750 0.008000 0.023500
10 0.573667 0.477750 0.014000 0.023500
9 0.556333 0.478500 0.004667 0.023000
23 0.549333 0.478500 0.008000 0.023000
25 0.537333 0.478500 0.010667 0.023000
24 0.521333 0.479250 0.010667 0.023500
26 0.509667 0.479250 0.010000 0.023500
13 0.496000 0.480250 0.008000 0.023500
12 0.479333 0.480250 0.006667 0.023500
0 0.465333 0.481250 0.009333 0.023500
5 0.458000 0.481250 0.008000 0.023500
26 0.445667 0.481250 0.007333 0.023500
18 0.430333 0.482000 0.006000 0.023000
12 0.418000 0.482000 0.006667 0.023000
9 0.401667 0.482000 0.004667 0.023000
3 0.393333 0.482750 0.008000 0.023500
10 0.383000 0.482750 0.006000 0.023500
5 0.365000 0.483750 0.004667 0.023500
4 0.355000 0.483750 0.010000 0.023500
9 0.343333 0.483750 0.008000 0.023500
5 0.339000 0.483750 0.006000 0.023500
12 0.326333 0.484500 0.012667 0.023000
8 0.310667 0.484500 0.012000 0.023000
8 0.296667 0.485250 0.012000 0.023500
20 0.283333 0.485250 0.010667 0.023500
26 0.271667 0.486250 0.012667 0.023500
1 0.694333 0.489750 0.012667 0.021500
9 0.685333 0.489750 0.005333 0.021500
15 0.676667 0.489750 0.012000 0.021500
18 0.665667 0.490750 0.008667 0.021500
9 0.655333 0.490750 0.008000 0.021500
16 0.649667 0.490750 0.006000 0.021500
10 0.640333 0.491500 0.012667 0.022000
5 0.623000 0.491500 0.006000 0.022000
11 0.613667 0.491500 0.012667 0.022000
26 0.600000 0.492250 0.014667 0.021500
1 0.585333 0.492250 0.012000 0.021500
26 0.571333 0.493250 0.016000 0.021500
13 0.556667 0.493250 0.012000 0.021500
18 0.540333 0.493250 0.007333 0.021500
12 0.527667 0.494000 0.007333 0.022000
14 0.509333 0.494000 0.006667 0.022000
6 0.495333 0.495000 0.009333 0.022000
6 0.487667 0.495000 0.006000 0.022000
5 0.482667 0.495000 0.006667 0.022000
26 0.473000 0.495000 0.006000 0.022000
1 0.448333 0.495750 0.003333 0.021500
9 0.440667 0.496750 0.010667 0.021500
26 0.422333 0.496750 0.012667 0.021500
10 0.408667 0.496750 0.006667 0.021500
5 0.389333 0.497500 0.009333 0.022000
1 0.379333 0.497500 0.008000 0.022000
25 0.366000 0.498250 0.012000 0.021500
18 0.349667 0.498250 0.011333 0.021500
24 0.341333 0.499250 0.008000 0.021500
3 0.284333 0.502250 0.004667 0.012500
9 0.279000 0.502250 0.003333 0.012500
24 0.272000 0.503000 0.010667 0.012000
5 0.620000 0.505750 0.006667 0.022500
4 0.609667 0.505750 0.014000 0.022500
9 0.599667 0.506750 0.006000 0.022500
4 0.590000 0.506750 0.013333 0.022500
0 0.571000 0.506750 0.012667 0.022500
13 0.558333 0.507250 0.012667 0.022500
25 0.542000 0.507250 0.010667 0.022500
14 0.527000 0.508250 0.010000 0.022500
18 0.514333 0.508250 0.015333 0.022500
26 0.498667 0.508250 0.009333 0.022500
25 0.488000 0.509250 0.010667 0.022500
14 0.471667 0.509250 0.012667 0.022500
18 0.458667 0.509250 0.009333 0.022500
5 0.449333 0.510250 0.009333 0.022500
0 0.437000 0.510250 0.006000 0.022500
12 0.426667 0.510250 0.005333 0.022500
14 0.410000 0.510750 0.006667 0.022500
22 0.395333 0.510750 0.010667 0.022500
5 0.383333 0.511750 0.009333 0.022500
26 0.373333 0.511750 0.008000 0.022500
9 0.365667 0.511750 0.006000 0.022500
0 0.352667 0.511750 0.010667 0.022500
25 0.338333 0.512750 0.011333 0.022500
24 0.321333 0.512750 0.017333 0.022500
0 0.302333 0.513750 0.014000 0.022500
16 0.289333 0.513750 0.008000 0.022500
11 0.281333 0.513750 0.008000 0.022500
9 0.273667 0.514250 0.007333 0.022500
14 0.698000 0.518000 0.008000 0.021000
22 0.683667 0.518000 0.011333 0.021000
5 0.672667 0.518000 0.008000 0.021000
4 0.662333 0.518750 0.012667 0.020500
0 0.647333 0.518750 0.010667 0.020500
26 0.633333 0.518750 0.010667 0.020500
11 0.621333 0.519500 0.009333 0.021000
13 0.609000 0.519500 0.012667 0.021000
4 0.591667 0.519500 0.012667 0.021000
9 0.579667 0.520500 0.007333 0.021000
5 0.575667 0.520500 0.006000 0.021000
13 0.564000 0.520500 0.017333 0.021000
12 0.547333 0.521250 0.013333 0.020500
0 0.527000 0.521250 0.012667 0.020500
4 0.517333 0.521250 0.009333 0.020500
1 0.505333 0.522250 0.010667 0.020500
4 0.489000 0.522250 0.019333 0.020500
0 0.464667 0.522750 0.026667 0.021500
26 0.449667 0.523000 0.003333 0.021000
9 0.444333 0.523000 0.004667 0.021000
4 0.434667 0.523000 0.014667 0.021000
5 0.425000 0.524000 0.004667 0.021000
4 0.414000 0.524000 0.014667 0.021000
0 0.400000 0.524000 0.010667 0.021000
12 0.387333 0.524750 0.010667 0.020500
4 0.372333 0.524750 0.010000 0.020500
9 0.362667 0.524750 0.006667 0.020500
11 0.356000 0.524750 0.008000 0.020500
13 0.342000 0.525750 0.016000 0.020500
5 0.325000 0.525750 0.006000 0.020500
12 0.317000 0.525750 0.008667 0.020500
18 0.305333 0.526500 0.010667 0.021000
1 0.290333 0.526500 0.010000 0.021000
3 0.281333 0.526500 0.008000 0.021000
5 0.272000 0.527500 0.008000 0.021000
1 0.697667 0.531250 0.014000 0.021500
11 0.684333 0.531250 0.012667 0.021500
12 0.667667 0.531750 0.020667 0.022500
12 0.647667 0.532250 0.011333 0.021500
1 0.632333 0.533000 0.010000 0.022000
1 0.622000 0.533000 0.010667 0.022000
11 0.608667 0.533000 0.009333 0.022000
13 0.594000 0.533250 0.020000 0.022500
5 0.581000 0.533750 0.004667 0.021500
1 0.573333 0.533750 0.008000 0.021500
11 0.561333 0.534750 0.009333 0.021500
12 0.548667 0.534750 0.016000 0.021500
16 0.535667 0.534750 0.004667 0.021500
20 0.528000 0.535750 0.008000 0.021500
25 0.515667 0.535750 0.010000 0.021500
11 0.503000 0.536500 0.010000 0.022000
13 0.490333 0.536500 0.012667 0.022000
5 0.475000 0.536500 0.003333 0.022000
16 0.470000 0.537250 0.006667 0.021500
26 0.457333 0.537250 0.012000 0.021500
26 0.442667 0.537250 0.010667 0.021500
9 0.433000 0.538250 0.008667 0.021500
14 0.420333 0.538250 0.008667 0.021500
8 0.407000 0.538250 0.010000 0.021500
24 0.392667 0.539250 0.016000 0.021500
0 0.372333 0.540000 0.010000 0.022000
24 0.358667 0.540000 0.010667 0.022000
22 0.346000 0.540000 0.010667 0.022000
11 0.332667 0.540750 0.009333 0.021500
13 0.322333 0.540750 0.011333 0.021500
1 0.306000 0.540750 0.009333 0.021500
18 0.294667 0.541750 0.009333 0.021500
26 0.282667 0.541750 0.009333 0.021500
5 0.273667 0.542500 0.008667 0.022000
9 0.701667 0.547250 0.006000 0.022500
5 0.695667 0.548250 0.006000 0.022500
24 0.686000 0.548250 0.009333 0.022500
4 0.669667 0.548250 0.016667 0.022500
5 0.653667 0.549250 0.004667 0.022500
14 0.646000 0.549250 0.008000 0.022500
12 0.632333 0.549250 0.012667 0.022500
23 0.614333 0.549750 0.011333 0.022500
5 0.606333 0.549750 0.007333 0.022500
25 0.591000 0.549500 0.023333 0.023000
5 0.576333 0.550750 0.004667 0.022500
0 0.568667 0.550750 0.008000 0.022500
17 0.557333 0.550750 0.010667 0.022500
20 0.543333 0.551750 0.010667 0.022500
26 0.529333 0.551750 0.014667 0.022500
3 0.515000 0.551750 0.008667 0.022500
2 0.501333 0.552750 0.009333 0.022500
16 0.496000 0.552750 0.005333 0.022500
10 0.486333 0.552750 0.011333 0.022500
5 0.469333 0.552750 0.008000 0.022500
26 0.454333 0.553250 0.010000 0.022500
9 0.446000 0.553250 0.008000 0.022500
24 0.436000 0.553250 0.010667 0.022500
25 0.421667 0.554250 0.011333 0.022500
10 0.405333 0.554250 0.013333 0.022500
5 0.391667 0.554250 0.004667 0.022500
9 0.386333 0.555250 0.006000 0.022500
22 0.376667 0.555250 0.009333 0.022500
4 0.363667 0.555250 0.011333 0.022500
24 0.346333 0.555750 0.014000 0.022500
10 0.328667 0.555750 0.014667 0.022500
5 0.313667 0.555750 0.003333 0.022500
16 0.308667 0.556750 0.008000 0.022500
26 0.294333 0.556750 0.011333 0.022500
26 0.281333 0.556750 0.010667 0.022500
9 0.272667 0.557750 0.006667 0.022500
18 0.700333 0.561500 0.008667 0.025000
25 0.688667 0.561500 0.010667 0.025000
1 0.672000 0.561500 0.013333 0.025000
1 0.654667 0.562500 0.009333 0.025000
25 0.642000 0.562500 0.012000 0.025000
3 0.625000 0.562500 0.012667 0.025000
10 0.610333 0.563500 0.015333 0.025000
12 0.594667 0.563500 0.012000 0.025000
1 0.578333 0.563500 0.011333 0.025000
4 0.567000 0.564250 0.008667 0.025500
14 0.556000 0.564250 0.010667 0.025500
26 0.541667 0.564250 0.011333 0.025500
10 0.527667 0.565000 0.011333 0.025000
5 0.512000 0.565000 0.005333 0.025000
0 0.503333 0.565000 0.009333 0.025000
11 0.490000 0.565000 0.010667 0.025000
12 0.478667 0.566000 0.010667 0.025000
26 0.459333 0.566000 0.018667 0.025000
5 0.441667 0.567000 0.003333 0.025000
25 0.435333 0.567000 0.009333 0.025000
1 0.418000 0.567000 0.012000 0.025000
18 0.407000 0.567000 0.010000 0.025000
26 0.392000 0.567500 0.008000 0.025000
4 0.366667 0.567500 0.005333 0.025000
25 0.355000 0.568500 0.010000 0.025000
14 0.337667 0.568500 0.012667 0.025000
24 0.322333 0.568500 0.011333 0.025000
5 0.310667 0.569500 0.006667 0.025000
12 0.299667 0.569500 0.006000 0.025000
11 0.285667 0.569500 0.010000 0.025000
13 0.274667 0.570250 0.006667 0.025500
20 0.699667 0.576750 0.004667 0.020500
15 0.692333 0.577500 0.006000 0.021000
9 0.680333 0.577500 0.004667 0.021000
20 0.672667 0.577500 0.008000 0.021000
26 0.660000 0.577500 0.010667 0.021000
4 0.646667 0.578500 0.006667 0.021000
12 0.630000 0.578500 0.010667 0.021000
1 0.615000 0.578500 0.010000 0.021000
1 0.604667 0.579500 0.010667 0.021000
11 0.591333 0.579500 0.009333 0.021000
13 0.579667 0.579500 0.014000 0.021000
5 0.564000 0.579500 0.005333 0.021000
17 0.556000 0.580250 0.008000 0.020500
24 0.542667 0.580250 0.012000 0.020500
26 0.525667 0.580250 0.012667 0.020500
13 0.508000 0.581000 0.018667 0.021000
5 0.495667 0.581000 0.004667 0.021000
18 0.488000 0.581000 0.008000 0.021000
1 0.476667 0.581000 0.009333 0.021000
3 0.464333 0.582000 0.014000 0.021000
26 0.440667 0.582000 0.014667 0.021000
13 0.425333 0.582000 0.017333 0.021000
0 0.405333 0.582750 0.009333 0.020500
12 0.390000 0.582750 0.017333 0.020500
4 0.360000 0.583750 0.017333 0.020500
9 0.346667 0.583750 0.009333 0.020500
13 0.335000 0.583750 0.014000 0.020500
0 0.315000 0.584500 0.004667 0.021000
6 0.309000 0.584500 0.006000 0.021000
5 0.300667 0.584500 0.008000 0.021000
24 0.290667 0.584500 0.008000 0.021000
9 0.281333 0.584500 0.008000 0.021000
13 0.274333 0.585500 0.006000 0.021000
5 0.703667 0.589750 0.006000 0.022500
4 0.691000 0.589750 0.010000 0.022500
25 0.676000 0.590750 0.014667 0.022500
26 0.650667 0.590750 0.014667 0.022500
6 0.638000 0.591500 0.008000 0.023000
9 0.631000 0.591500 0.006000 0.023000
5 0.625333 0.591500 0.005333 0.023000
9 0.617667 0.591500 0.007333 0.023000
26 0.608000 0.591500 0.010667 0.023000
13 0.592667 0.592250 0.008000 0.022500
12 0.571667 0.592250 0.007333 0.022500
4 0.555000 0.593250 0.012667 0.022500
13 0.540000 0.593250 0.008000 0.022500
5 0.523000 0.593250 0.007333 0.022500
6 0.516667 0.594250 0.005333 0.022500
9 0.509333 0.594250 0.006667 0.022500
24 0.499000 0.594250 0.011333 0.022500
4 0.477333 0.594750 0.017333 0.022500
0 0.457333 0.594750 0.012000 0.022500
19 0.446333 0.594750 0.010000 0.022500
9 0.433667 0.595750 0.006000 0.022500
4 0.422667 0.595750 0.006667 0.022500
5 0.416000 0.595750 0.008000 0.022500
4 0.405667 0.595750 0.006000 0.022500
1 0.387000 0.596750 0.004667 0.022500
11 0.377333 0.596750 0.009333 0.022500
13 0.365000 0.596750 0.007333 0.022500
5 0.347667 0.597750 0.007333 0.022500
18 0.340000 0.597750 0.008000 0.022500
22 0.327333 0.597750 0.010667 0.022500
24 0.313000 0.598250 0.016667 0.022500
0 0.292333 0.598250 0.014000 0.022500
26 0.277333 0.599250 0.018667 0.022500
4 0.699000 0.605750 0.012667 0.021500
25 0.683667 0.605750 0.011333 0.021500
14 0.668000 0.606750 0.013333 0.021500
9 0.653333 0.606750 0.009333 0.021500
13 0.644333 0.606750 0.011333 0.021500
5 0.631000 0.607500 0.006000 0.022000
12 0.619333 0.607500 0.010667 0.022000
0 0.604667 0.607500 0.008000 0.022000
9 0.588333 0.607500 0.006000 0.022000
4 0.578000 0.608250 0.008000 0.021500
9 0.570000 0.608250 0.008000 0.021500
4 0.559667 0.608250 0.006000 0.021500
14 0.543333 0.609250 0.010667 0.021500
8 0.529000 0.609250 0.011333 0.021500
24 0.512667 0.609250 0.016000 0.021500
5 0.496333 0.609250 0.004667 0.021500
4 0.486667 0.610250 0.010667 0.021500
0 0.471000 0.610250 0.011333 0.021500
3 0.458000 0.610250 0.010667 0.021500
14 0.445000 0.611000 0.010000 0.022000
4 0.428000 0.611000 0.017333 0.022000
12 0.407667 0.611750 0.011333 0.021500
0 0.391667 0.611750 0.014000 0.021500
26 0.373667 0.611750 0.006000 0.021500
26 0.359667 0.612750 0.010000 0.021500
15 0.349333 0.612750 0.005333 0.021500
0 0.333000 0.612750 0.006000 0.021500
26 0.322667 0.612750 0.005333 0.021500
9 0.308333 0.613750 0.004667 0.021500
1 0.300333 0.613750 0.007333 0.021500
5 0.293667 0.613750 0.006000 0.021500
12 0.285333 0.613750 0.009333 0.021500
4 0.273333 0.614500 0.008000 0.022000
5 0.702333 0.622250 0.004667 0.023500
0 0.694667 0.622250 0.008000 0.023500
1 0.682667 0.622250 0.009333 0.023500
3 0.671000 0.622250 0.011333 0.023500
26 0.653667 0.623250 0.011333 0.023500
13 0.640333 0.623250 0.015333 0.023500
14 0.623333 0.623250 0.009333 0.023500
4 0.607667 0.624000 0.012667 0.023000
24 0.593667 0.624000 0.011333 0.023000
4 0.579000 0.624000 0.012667 0.023000
14 0.564667 0.624000 0.006667 0.023000
18 0.549667 0.624750 0.011333 0.023500
12 0.536333 0.624750 0.008667 0.023500
4 0.518333 0.624750 0.007333 0.023500
0 0.504000 0.625750 0.010667 0.023500
24 0.492667 0.625750 0.010667 0.023500
21 0.478667 0.625750 0.008000 0.023500
4 0.461333 0.626750 0.005333 0.023500
8 0.449333 0.626750 0.009333 0.023500
1 0.438333 0.626750 0.010000 0.023500
4 0.426000 0.626750 0.006667 0.023500
0 0.410000 0.627250 0.009333 0.023500
25 0.397667 0.627250 0.010000 0.023500
24 0.382667 0.627250 0.014667 0.023500
9 0.369667 0.627250 0.004667 0.023500
4 0.363667 0.628250 0.007333 0.023500
5 0.355333 0.628250 0.008000 0.023500
4 0.345333 0.628250 0.012000 0.023500
16 0.334667 0.628250 0.006667 0.023500
26 0.323333 0.628250 0.009333 0.023500
15 0.314000 0.629250 0.009333 0.023500
12 0.299667 0.629250 0.012667 0.023500
11 0.285333 0.629250 0.009333 0.023500
13 0.274333 0.630000 0.012667 0.023000
5 0.704333 0.633500 0.004667 0.023000
25 0.694667 0.634250 0.010667 0.023500
11 0.680000 0.634250 0.009333 0.023500
5 0.672667 0.634250 0.005333 0.023500
26 0.665667 0.634250 0.008667 0.023500
13 0.652000 0.635250 0.008000 0.023500
0 0.632667 0.635250 0.006667 0.023500
26 0.619333 0.635250 0.008000 0.023500
3 0.601000 0.636250 0.008667 0.023500
1 0.587667 0.636250 0.011333 0.023500
24 0.574000 0.636250 0.009333 0.023500
9 0.565333 0.637000 0.010667 0.023000
0 0.547333 0.637000 0.004000 0.023000
12 0.537333 0.637000 0.010667 0.023000
4 0.524333 0.637750 0.007333 0.023500
18 0.510333 0.637750 0.007333 0.023500
12 0.497667 0.637750 0.007333 0.023500
12 0.478667 0.638750 0.008000 0.023500
1 0.466000 0.638750 0.010667 0.023500
1 0.455333 0.638750 0.010667 0.023500
11 0.441667 0.638750 0.010000 0.023500
13 0.429667 0.639750 0.014000 0.023500
5 0.413667 0.639750 0.004667 0.023500
18 0.405333 0.639750 0.012000 0.023500
12 0.392667 0.640250 0.013333 0.023500
16 0.380333 0.640250 0.006000 0.023500
20 0.373333 0.640250 0.008000 0.023500
25 0.361333 0.640250 0.009333 0.023500
9 0.353333 0.641250 0.006667 0.023500
11 0.347000 0.641250 0.008667 0.023500
13 0.335333 0.641250 0.010667 0.023500
5 0.322667 0.641250 0.005333 0.023500
12 0.316333 0.641250 0.007333 0.023500
25 0.306667 0.642250 0.008000 0.023500
9 0.298333 0.642250 0.006000 0.023500
24 0.293333 0.642250 0.006667 0.023500
26 0.282333 0.642250 0.008667 0.023500
13 0.273667 0.643000 0.011333 0.023000
0 0.702000 0.649250 0.012000 0.021500
26 0.689333 0.649250 0.009333 0.021500
13 0.676000 0.649250 0.014667 0.021500
12 0.655000 0.650000 0.012667 0.022000
0 0.636333 0.650000 0.011333 0.022000
5 0.628667 0.650000 0.008000 0.022000
26 0.617667 0.650750 0.011333 0.021500
18 0.600000 0.650750 0.008000 0.021500
12 0.586000 0.650750 0.017333 0.021500
9 0.571000 0.651750 0.006000 0.021500
3 0.563000 0.651750 0.010000 0.021500
11 0.546667 0.651750 0.010667 0.021500
13 0.533333 0.652500 0.016000 0.022000
5 0.520333 0.652500 0.006000 0.022000
4 0.510000 0.652500 0.008000 0.022000
9 0.499333 0.652500 0.008000 0.022000
5 0.493000 0.652500 0.004667 0.022000
12 0.480333 0.653250 0.014000 0.021500
8 0.467000 0.653250 0.010000 0.021500
5 0.453333 0.653250 0.008000 0.021500
8 0.448667 0.653250 0.008000 0.021500
20 0.434667 0.654250 0.010667 0.021500
26 0.423000 0.654250 0.012667 0.021500
1 0.406333 0.654250 0.011333 0.021500
9 0.397667 0.655250 0.006000 0.021500
15 0.390667 0.655250 0.008000 0.021500
18 0.378667 0.655250 0.006667 0.021500
9 0.368667 0.655250 0.008000 0.021500
16 0.363000 0.655250 0.006000 0.021500
9 0.358333 0.655250 0.006000 0.021500
11 0.350667 0.656000 0.008000 0.022000
13 0.337333 0.656000 0.016000 0.022000
5 0.325000 0.656000 0.003333 0.022000
12 0.318000 0.656000 0.008000 0.022000
14 0.307667 0.656750 0.010000 0.021500
3 0.294667 0.656750 0.009333 0.021500
26 0.286667 0.656750 0.008000 0.021500
13 0.275667 0.657750 0.012667 0.021500
0 0.703667 0.662750 0.010000 0.022500
26 0.691667 0.663250 0.008667 0.022500
13 0.677333 0.663250 0.014667 0.022500
0 0.657667 0.664250 0.012667 0.022500
26 0.645000 0.664250 0.012667 0.022500
1 0.631000 0.664250 0.012667 0.022500
16 0.619000 0.664250 0.007333 0.022500
9 0.615000 0.665250 0.006000 0.022500
11 0.605667 0.665250 0.008667 0.022500
13 0.593667 0.665250 0.014000 0.022500
12 0.576000 0.665750 0.009333 0.022500
3 0.565333 0.665750 0.010667 0.022500
1 0.551333 0.665750 0.010667 0.022500
24 0.537667 0.666750 0.015333 0.022500
1 0.519000 0.666750 0.012667 0.022500
13 0.505667 0.667750 0.014000 0.022500
1 0.487000 0.667750 0.004667 0.022500
25 0.479333 0.667750 0.009333 0.022500
1 0.462333 0.668750 0.012667 0.022500
26 0.445667 0.668750 0.011333 0.022500
10 0.434000 0.668750 0.006667 0.022500
1 0.415000 0.669250 0.012667 0.022500
1 0.402000 0.669250 0.009333 0.022500
9 0.390333 0.670250 0.011333 0.022500
26 0.372333 0.670250 0.012667 0.022500
10 0.356333 0.671250 0.019333 0.022500
5 0.343000 0.671250 0.004667 0.022500
1 0.334667 0.671250 0.009333 0.022500
12 0.322667 0.671250 0.010667 0.022500
11 0.309000 0.672250 0.012667 0.022500
26 0.289000 0.672250 0.012667 0.022500
10 0.277667 0.672750 0.012667 0.022500
1 0.705000 0.678250 0.006000 0.022500
3 0.690333 0.678250 0.011333 0.022500
24 0.674333 0.678750 0.011333 0.022500
10 0.664333 0.678750 0.006000 0.022500
5 0.645000 0.679750 0.003333 0.022500
1 0.639333 0.679750 0.008000 0.022500
25 0.624667 0.679750 0.012000 0.022500
11 0.608333 0.680750 0.011333 0.022500
1 0.597000 0.680750 0.008667 0.022500
10 0.587000 0.680750 0.006000 0.022500
5 0.570333 0.681750 0.004667 0.022500
1 0.564667 0.681750 0.006667 0.022500
23 0.553667 0.681750 0.010000 0.022500
5 0.542000 0.681750 0.008000 0.022500
14 0.537000 0.681750 0.007333 0.022500
10 0.522000 0.682250 0.016000 0.022500
5 0.509667 0.682250 0.006000 0.022500
11 0.501333 0.682250 0.009333 0.022500
26 0.487333 0.683250 0.012000 0.022500
1 0.473333 0.683250 0.012000 0.022500
26 0.459667 0.684250 0.011333 0.022500
13 0.439667 0.683750 0.020667 0.023500
18 0.424333 0.685250 0.008667 0.022500
12 0.404000 0.684750 0.025333 0.023500
14 0.385000 0.685750 0.010000 0.022500
6 0.370667 0.685750 0.009333 0.022500
5 0.365667 0.685750 0.006000 0.022500
6 0.361000 0.685750 0.006000 0.022500
5 0.351333 0.685750 0.008000 0.022500
26 0.340667 0.686750 0.013333 0.022500
1 0.325667 0.686750 0.008667 0.022500
9 0.313667 0.687750 0.012667 0.022500
26 0.291000 0.687750 0.014000 0.022500
10 0.279000 0.688250 0.015333 0.022500
5 0.705667 0.689750 0.004667 0.023500
1 0.698000 0.690750 0.008000 0.023500
25 0.687667 0.690750 0.010000 0.023500
18 0.671000 0.691500 0.011333 0.023000
24 0.658667 0.691500 0.010667 0.023000
9 0.647333 0.691500 0.008000 0.023000
10 0.638333 0.691500 0.011333 0.023000
12 0.624000 0.692250 0.010667 0.023500
14 0.609667 0.692250 0.011333 0.023500
18 0.597000 0.693250 0.008667 0.023500
15 0.587333 0.693250 0.010667 0.023500
9 0.573667 0.693250 0.004667 0.023500
24 0.565333 0.693250 0.010667 0.023500
1 0.552000 0.694250 0.009333 0.023500
5 0.541000 0.694250 0.015333 0.023500
9 0.530333 0.694250 0.003333 0.023500
14 0.526000 0.695000 0.008000 0.023000
9 0.511333 0.695000 0.009333 0.023000
11 0.504000 0.695000 0.008000 0.023000
13 0.492333 0.695750 0.012667 0.023500
5 0.477667 0.695750 0.003333 0.023500
9 0.472333 0.695750 0.004667 0.023500
14 0.467333 0.695750 0.008000 0.023500
9 0.453667 0.696750 0.007333 0.023500
1 0.444000 0.696750 0.010667 0.023500
16 0.434667 0.696750 0.005333 0.023500
9 0.430333 0.696750 0.006000 0.023500
11 0.422000 0.696750 0.008000 0.023500
13 0.408667 0.697750 0.012000 0.023500
18 0.392000 0.697750 0.005333 0.023500
12 0.375333 0.698000 0.021333 0.024000
4 0.352000 0.698500 0.016000 0.023000
0 0.333667 0.699250 0.011333 0.023500
3 0.321667 0.699250 0.010000 0.023500
14 0.305333 0.700250 0.014667 0.023500
4 0.281667 0.701000 0.018000 0.023000
18 0.704667 0.714000 0.008000 0.015000
12 0.690000 0.714500 0.017333 0.016000
4 0.675333 0.715250 0.009333 0.015500
0 0.663333 0.716250 0.010667 0.015500
24 0.652333 0.717250 0.011333 0.015500
21 0.636667 0.718750 0.017333 0.015500
0 0.701667 0.703250 0.006000 0.020500
25 0.687000 0.704000 0.011333 0.021000
24 0.674333 0.704000 0.007333 0.021000
16 0.660333 0.705000 0.004667 0.021000
25 0.653000 0.705000 0.008667 0.021000
1 0.640333 0.705000 0.010000 0.021000
18 0.630000 0.705750 0.005333 0.020500
9 0.613000 0.705750 0.004667 0.020500
4 0.605667 0.705750 0.008667 0.020500
5 0.597000 0.706750 0.007333 0.020500
4 0.588333 0.706750 0.010000 0.020500
12 0.571000 0.707500 0.008667 0.021000
0 0.560667 0.707500 0.008000 0.021000
1 0.550333 0.707500 0.010000 0.021000
26 0.533667 0.708500 0.011333 0.021000
9 0.523333 0.708500 0.009333 0.021000
11 0.512667 0.709250 0.009333 0.020500
13 0.497667 0.708750 0.018000 0.021500
12 0.481000 0.710000 0.010000 0.021000
26 0.466333 0.710000 0.011333 0.021000
26 0.448000 0.710500 0.021333 0.022000
12 0.431333 0.711000 0.010667 0.021000
4 0.417333 0.712000 0.010667 0.021000
13 0.402333 0.712000 0.015333 0.021000
11 0.385667 0.712250 0.018000 0.021500
9 0.372000 0.712750 0.006667 0.020500
14 0.364333 0.713500 0.008667 0.021000
9 0.349667 0.713500 0.014000 0.021000
4 0.336333 0.714500 0.012667 0.021000
25 0.321000 0.714500 0.011333 0.021000
14 0.305667 0.715250 0.012667 0.020500
9 0.292000 0.715250 0.009333 0.020500
13 0.281000 0.716250 0.015333 0.020500
