24 0.253000 0.505750 0.002000 0.013500
9 0.247000 0.505750 0.004667 0.013500
24 0.237667 0.506500 0.011333 0.014000
18 0.762667 0.417750 0.005333 0.028500
9 0.752000 0.417750 0.008000 0.028500
1 0.744667 0.417750 0.006667 0.028500
5 0.734000 0.417750 0.008000 0.028500
18 0.718333 0.417750 0.023333 0.028500
9 0.702000 0.417750 0.002667 0.028500
25 0.695667 0.417750 0.010000 0.028500
24 0.672667 0.417750 0.014667 0.028500
0 0.654333 0.417750 0.012667 0.028500
12 0.633667 0.417750 0.020667 0.028500
9 0.619667 0.417750 0.006000 0.028500
4 0.608000 0.417750 0.008000 0.028500
5 0.596000 0.417750 0.009333 0.028500
4 0.585000 0.417750 0.006000 0.028500
0 0.562667 0.417750 0.008000 0.028500
12 0.543000 0.417750 0.012667 0.028500
4 0.527667 0.417750 0.011333 0.028500
9 0.512667 0.417750 0.009333 0.028500
16 0.505000 0.417750 0.006000 0.028500
5 0.497667 0.417750 0.004667 0.028500
9 0.484333 0.417750 0.003333 0.028500
4 0.474667 0.417750 0.009333 0.028500
5 0.463333 0.417750 0.008000 0.028500
4 0.451000 0.417750 0.012667 0.028500
0 0.428333 0.417750 0.004667 0.028500
7 0.417667 0.417750 0.012667 0.028500
3 0.395333 0.417750 0.010667 0.028500
5 0.348667 0.417750 0.006667 0.028500
0 0.337667 0.417750 0.010000 0.028500
4 0.322333 0.417750 0.011333 0.028500
1 0.307667 0.417750 0.010000 0.028500
26 0.289333 0.417750 0.020000 0.028500
0 0.264667 0.417750 0.009333 0.028500
26 0.242333 0.417750 0.020667 0.028500
9 0.767333 0.437000 0.005333 0.027000
4 0.754667 0.437000 0.010667 0.027000
5 0.744000 0.437000 0.008000 0.027000
4 0.725333 0.437000 0.025333 0.027000
0 0.705333 0.437000 0.009333 0.027000
12 0.691000 0.437000 0.012667 0.027000
4 0.672000 0.437000 0.012000 0.027000
9 0.661667 0.437000 0.007333 0.027000
10 0.649333 0.437000 0.017333 0.027000
1 0.630000 0.437000 0.005333 0.027000
11 0.616000 0.437000 0.010667 0.027000
12 0.601000 0.437000 0.008667 0.027000
12 0.576667 0.437000 0.005333 0.027000
1 0.561667 0.437000 0.010000 0.027000
1 0.548000 0.437000 0.010667 0.027000
10 0.532667 0.437000 0.008000 0.027000
5 0.515000 0.437000 0.004667 0.027000
1 0.504667 0.437000 0.009333 0.027000
11 0.489667 0.437000 0.011333 0.027000
12 0.475667 0.437000 0.007333 0.027000
16 0.453667 0.437000 0.004667 0.027000
20 0.444000 0.437000 0.008000 0.027000
25 0.430333 0.437000 0.012667 0.027000
10 0.408000 0.437000 0.010667 0.027000
5 0.391000 0.437000 0.006000 0.027000
1 0.378667 0.437000 0.009333 0.027000
11 0.365333 0.437000 0.010667 0.027000
12 0.350667 0.437000 0.008000 0.027000
14 0.333333 0.437000 0.008000 0.027000
0 0.314000 0.437000 0.012000 0.027000
3 0.300667 0.437000 0.010667 0.027000
10 0.286333 0.437000 0.007333 0.027000
5 0.269000 0.437000 0.008667 0.027000
4 0.254000 0.437000 0.012000 0.027000
9 0.239000 0.437000 0.008667 0.027000
5 0.233667 0.437000 0.003333 0.027000
4 0.765667 0.449750 0.007333 0.023500
3 0.752333 0.449750 0.010000 0.023500
1 0.737333 0.449750 0.010667 0.023500
24 0.725333 0.449750 0.009333 0.023500
9 0.714000 0.449750 0.008000 0.023500
13 0.703000 0.449750 0.014000 0.023500
4 0.683000 0.449750 0.010000 0.023500
0 0.668000 0.450750 0.010667 0.023500
12 0.656333 0.450750 0.010000 0.023500
4 0.638000 0.450750 0.014667 0.023500
0 0.613000 0.450750 0.014000 0.023500
25 0.589000 0.450750 0.030000 0.023500
24 0.571667 0.450750 0.002000 0.023500
0 0.562667 0.450750 0.008000 0.023500
16 0.552667 0.450750 0.008000 0.023500
11 0.541000 0.450750 0.008667 0.023500
9 0.530667 0.450750 0.008000 0.023500
14 0.515333 0.450750 0.008000 0.023500
22 0.498333 0.450750 0.012667 0.023500
5 0.486000 0.450750 0.006667 0.023500
10 0.478667 0.450750 0.010667 0.023500
4 0.459667 0.450750 0.004667 0.023500
9 0.452000 0.451750 0.005333 0.023500
5 0.445667 0.451750 0.007333 0.023500
13 0.434667 0.451750 0.005333 0.023500
18 0.413333 0.451750 0.006667 0.023500
12 0.399333 0.451750 0.006667 0.023500
12 0.378667 0.451750 0.006667 0.023500
1 0.365333 0.451750 0.010667 0.023500
1 0.350333 0.451750 0.010000 0.023500
10 0.336000 0.451750 0.013333 0.023500
5 0.316333 0.451750 0.004667 0.023500
25 0.302000 0.451750 0.020000 0.023500
16 0.287333 0.451750 0.006667 0.023500
16 0.278667 0.451750 0.008000 0.023500
26 0.261333 0.451750 0.024000 0.023500
13 0.240667 0.452500 0.014667 0.023000
12 0.766667 0.467750 0.012000 0.022500
1 0.749333 0.468750 0.012000 0.022500
16 0.738000 0.468750 0.006667 0.022500
9 0.731667 0.468750 0.006000 0.022500
10 0.718000 0.468750 0.016000 0.022500
5 0.702667 0.468750 0.005333 0.022500
3 0.691000 0.468750 0.010000 0.022500
1 0.674333 0.468750 0.011333 0.022500
24 0.659333 0.468750 0.012000 0.022500
26 0.638667 0.468750 0.018667 0.022500
1 0.614333 0.468750 0.014000 0.022500
13 0.598333 0.468750 0.014000 0.022500
1 0.578333 0.468750 0.011333 0.022500
25 0.561667 0.468750 0.012667 0.022500
1 0.541000 0.468750 0.012667 0.022500
26 0.527000 0.468750 0.010000 0.022500
10 0.513333 0.468750 0.010667 0.022500
1 0.487000 0.469250 0.030000 0.022500
1 0.467667 0.469250 0.004667 0.022500
9 0.455000 0.469250 0.016667 0.022500
26 0.437667 0.469250 0.011333 0.022500
10 0.428333 0.469250 0.002000 0.022500
5 0.418000 0.469250 0.004000 0.022500
1 0.409333 0.469250 0.008000 0.022500
12 0.394333 0.469250 0.012667 0.022500
11 0.371333 0.469250 0.017333 0.022500
26 0.345667 0.469250 0.015333 0.022500
10 0.331333 0.469250 0.012000 0.022500
1 0.305333 0.469250 0.014667 0.022500
3 0.281667 0.469250 0.027333 0.022500
24 0.257000 0.469250 0.019333 0.022500
10 0.241000 0.470250 0.012667 0.022500
5 0.774333 0.486250 0.006000 0.023500
1 0.765000 0.486250 0.008667 0.023500
25 0.752333 0.486250 0.012667 0.023500
11 0.730333 0.486250 0.012667 0.023500
1 0.718000 0.486250 0.009333 0.023500
10 0.705000 0.486250 0.012667 0.023500
5 0.685333 0.486250 0.004000 0.023500
1 0.674333 0.486250 0.008667 0.023500
23 0.662333 0.486250 0.010000 0.023500
5 0.649333 0.486250 0.008000 0.023500
14 0.639667 0.486250 0.008667 0.023500
10 0.620667 0.486250 0.017333 0.023500
5 0.597667 0.486250 0.006000 0.023500
12 0.586667 0.486250 0.012000 0.023500
25 0.562000 0.486250 0.033333 0.023500
24 0.536333 0.486250 0.015333 0.023500
26 0.520333 0.486250 0.015333 0.023500
13 0.509333 0.486250 0.002667 0.023500
12 0.497667 0.486250 0.011333 0.023500
0 0.482000 0.486250 0.010667 0.023500
5 0.469333 0.486250 0.008000 0.023500
26 0.456000 0.486250 0.016000 0.023500
18 0.437000 0.486250 0.006000 0.023500
12 0.414333 0.486250 0.030000 0.023500
9 0.403000 0.486250 0.004667 0.023500
3 0.392000 0.486250 0.010667 0.023500
10 0.376000 0.486250 0.008000 0.023500
5 0.355000 0.486250 0.006000 0.023500
4 0.342667 0.486250 0.017333 0.023500
9 0.329000 0.486250 0.004667 0.023500
5 0.322333 0.486250 0.004667 0.023500
12 0.306000 0.486250 0.016000 0.023500
8 0.285667 0.486250 0.012667 0.023500
8 0.269000 0.486250 0.011333 0.023500
20 0.254667 0.486250 0.010667 0.023500
26 0.239000 0.486250 0.016667 0.023500
1 0.777000 0.505000 0.011333 0.026000
9 0.765000 0.505000 0.008667 0.026000
15 0.751667 0.505000 0.014000 0.026000
18 0.737333 0.505000 0.010667 0.026000
9 0.723333 0.505000 0.008000 0.026000
16 0.716000 0.505000 0.006667 0.026000
10 0.703667 0.505000 0.012667 0.026000
5 0.682333 0.505000 0.007333 0.026000
11 0.672000 0.505000 0.009333 0.026000
26 0.654667 0.505000 0.013333 0.026000
1 0.634000 0.505000 0.013333 0.026000
26 0.617000 0.505000 0.012667 0.026000
13 0.599333 0.505000 0.016000 0.026000
18 0.579333 0.505000 0.008000 0.026000
12 0.562000 0.505000 0.008000 0.026000
14 0.537000 0.505000 0.007333 0.026000
6 0.520000 0.505000 0.010667 0.026000
6 0.509667 0.505000 0.006000 0.026000
5 0.502667 0.505000 0.008000 0.026000
26 0.488333 0.505000 0.007333 0.026000
1 0.461000 0.505000 0.004667 0.026000
9 0.450333 0.505000 0.011333 0.026000
26 0.427667 0.505000 0.015333 0.026000
10 0.410667 0.505000 0.008000 0.026000
5 0.385667 0.505000 0.004667 0.026000
1 0.375333 0.505000 0.009333 0.026000
25 0.358333 0.505000 0.012667 0.026000
18 0.337667 0.505000 0.015333 0.026000
24 0.321667 0.505000 0.006000 0.026000
5 0.678000 0.524750 0.006667 0.024500
4 0.664000 0.524750 0.016000 0.024500
9 0.651667 0.524750 0.006000 0.024500
4 0.638667 0.524750 0.016000 0.024500
0 0.615000 0.524750 0.015333 0.024500
13 0.598333 0.524750 0.014000 0.024500
25 0.576667 0.524750 0.010667 0.024500
14 0.559667 0.524750 0.012667 0.024500
18 0.542667 0.524000 0.018667 0.024000
26 0.522000 0.524000 0.012000 0.024000
25 0.508667 0.524000 0.010667 0.024000
14 0.490333 0.524000 0.015333 0.024000
18 0.470000 0.524000 0.012000 0.024000
5 0.460000 0.524000 0.008000 0.024000
0 0.443000 0.524000 0.006000 0.024000
12 0.429667 0.524000 0.007333 0.024000
14 0.410667 0.524000 0.010667 0.024000
22 0.391000 0.524000 0.012667 0.024000
5 0.377000 0.524000 0.008667 0.024000
26 0.368000 0.524000 0.008000 0.024000
9 0.356000 0.524000 0.008000 0.024000
0 0.337667 0.524000 0.012667 0.024000
25 0.321000 0.524000 0.011333 0.024000
24 0.299667 0.524000 0.022000 0.024000
0 0.275333 0.524000 0.014667 0.024000
16 0.259333 0.524000 0.010667 0.024000
11 0.246667 0.524000 0.008000 0.024000
9 0.238667 0.524000 0.008000 0.024000
14 0.777333 0.543000 0.009333 0.024000
22 0.760333 0.543000 0.012667 0.024000
5 0.744667 0.543000 0.009333 0.024000
4 0.732667 0.542250 0.014667 0.024500
0 0.713000 0.542250 0.012667 0.024500
26 0.694333 0.542250 0.012667 0.024500
11 0.679667 0.542250 0.010000 0.024500
13 0.663333 0.542250 0.014667 0.024500
4 0.642000 0.542250 0.012000 0.024500
9 0.628000 0.542250 0.006667 0.024500
5 0.623000 0.542250 0.006000 0.024500
13 0.610333 0.542250 0.015333 0.024500
12 0.584333 0.542250 0.014000 0.024500
0 0.557667 0.542250 0.016667 0.024500
4 0.543333 0.542250 0.010667 0.024500
1 0.531667 0.542250 0.010000 0.024500
4 0.509333 0.542250 0.022667 0.024500
0 0.488333 0.541250 0.014000 0.024500
26 0.472000 0.541250 0.017333 0.024500
9 0.453000 0.541250 0.006000 0.024500
4 0.441333 0.541250 0.016000 0.024500
5 0.428333 0.541250 0.004667 0.024500
4 0.415667 0.541250 0.016667 0.024500
0 0.397000 0.541250 0.011333 0.024500
12 0.380333 0.541250 0.012667 0.024500
4 0.361333 0.541250 0.012000 0.024500
9 0.349333 0.541250 0.008000 0.024500
11 0.340000 0.541250 0.008000 0.024500
13 0.322667 0.541250 0.017333 0.024500
5 0.304333 0.541250 0.006000 0.024500
12 0.293333 0.541250 0.009333 0.024500
18 0.279000 0.541250 0.012667 0.024500
1 0.259667 0.541250 0.011333 0.024500
3 0.248000 0.541250 0.009333 0.024500
5 0.236667 0.541250 0.009333 0.024500
1 0.776667 0.559500 0.014667 0.024000
11 0.759333 0.559500 0.014667 0.024000
12 0.738000 0.559500 0.025333 0.024000
12 0.713000 0.559500 0.012667 0.024000
1 0.694333 0.559500 0.012667 0.024000
1 0.679000 0.559500 0.011333 0.024000
11 0.664667 0.559500 0.010667 0.024000
13 0.643000 0.559500 0.023333 0.024000
5 0.625333 0.559500 0.004000 0.024000
1 0.615000 0.559500 0.010000 0.024000
11 0.600000 0.559500 0.010667 0.024000
12 0.582667 0.559500 0.017333 0.024000
16 0.567667 0.559500 0.006000 0.024000
20 0.558333 0.559500 0.008667 0.024000
25 0.543000 0.559500 0.012667 0.024000
11 0.525333 0.559500 0.012000 0.024000
13 0.510333 0.558500 0.016667 0.024000
5 0.490333 0.558500 0.003333 0.024000
16 0.484000 0.558500 0.006667 0.024000
26 0.469667 0.558500 0.012667 0.024000
26 0.448333 0.558500 0.012667 0.024000
9 0.438000 0.558500 0.008000 0.024000
14 0.421000 0.558500 0.010000 0.024000
8 0.403667 0.558500 0.012667 0.024000
24 0.386000 0.558500 0.017333 0.024000
0 0.361000 0.558500 0.012667 0.024000
24 0.343667 0.558500 0.015333 0.024000
22 0.327000 0.558500 0.014000 0.024000
11 0.312333 0.558500 0.010000 0.024000
13 0.298000 0.558500 0.012000 0.024000
1 0.277667 0.558500 0.008667 0.024000
18 0.265000 0.558500 0.010000 0.024000
26 0.250000 0.558500 0.010667 0.024000
5 0.237333 0.558500 0.010667 0.024000
9 0.780667 0.578750 0.002667 0.023500
5 0.775333 0.578750 0.005333 0.023500
24 0.763333 0.578750 0.012000 0.023500
4 0.740667 0.578750 0.020000 0.023500
5 0.718333 0.578750 0.004667 0.023500
14 0.709667 0.578750 0.010000 0.023500
12 0.688667 0.578750 0.014667 0.023500
23 0.670333 0.578750 0.010000 0.023500
5 0.661333 0.578750 0.008000 0.023500
25 0.638667 0.578250 0.028000 0.023500
5 0.620667 0.578250 0.004000 0.023500
0 0.610333 0.578250 0.010000 0.023500
17 0.595000 0.578250 0.012667 0.023500
20 0.577333 0.578250 0.012000 0.023500
26 0.559333 0.578250 0.020000 0.023500
3 0.541000 0.578250 0.010000 0.023500
2 0.526000 0.578250 0.010667 0.023500
16 0.516000 0.578250 0.006667 0.023500
10 0.505333 0.577250 0.014667 0.023500
5 0.485000 0.577250 0.007333 0.023500
26 0.467000 0.577250 0.012667 0.023500
9 0.454000 0.577250 0.009333 0.023500
24 0.442667 0.577250 0.010667 0.023500
25 0.423667 0.577250 0.014000 0.023500
10 0.403333 0.577250 0.017333 0.023500
5 0.384333 0.577250 0.004667 0.023500
9 0.378333 0.577250 0.003333 0.023500
22 0.366667 0.576250 0.014667 0.023500
4 0.347333 0.576250 0.018667 0.023500
24 0.324000 0.576250 0.024000 0.023500
10 0.303667 0.576250 0.011333 0.023500
5 0.286333 0.576250 0.004667 0.023500
16 0.278667 0.576250 0.008000 0.023500
26 0.264000 0.576250 0.017333 0.023500
26 0.246000 0.576250 0.016000 0.023500
9 0.234333 0.576250 0.004667 0.023500
18 0.779333 0.598500 0.006667 0.024000
25 0.762333 0.598500 0.014000 0.024000
1 0.743333 0.598500 0.017333 0.024000
1 0.718333 0.598500 0.011333 0.024000
25 0.703667 0.598500 0.012667 0.024000
3 0.682000 0.597500 0.014667 0.024000
10 0.662000 0.597500 0.017333 0.024000
12 0.639333 0.597500 0.008000 0.024000
1 0.619667 0.597500 0.012667 0.024000
4 0.606000 0.597500 0.009333 0.024000
14 0.594667 0.596750 0.012000 0.024500
26 0.575000 0.596750 0.014000 0.024500
10 0.559333 0.596750 0.008000 0.024500
5 0.537000 0.596750 0.004667 0.024500
0 0.526000 0.596750 0.010667 0.024500
11 0.510333 0.595750 0.011333 0.024500
12 0.495000 0.595750 0.012667 0.024500
26 0.471667 0.595750 0.019333 0.024500
5 0.447000 0.595750 0.004667 0.024500
25 0.435333 0.595750 0.012000 0.024500
1 0.417667 0.595000 0.012667 0.024000
18 0.404333 0.595000 0.011333 0.024000
26 0.382667 0.595000 0.017333 0.024000
4 0.355000 0.595000 0.024667 0.024000
25 0.332667 0.595000 0.018667 0.024000
14 0.314000 0.594000 0.016000 0.024000
24 0.296333 0.594000 0.015333 0.024000
5 0.284333 0.594000 0.004667 0.024000
12 0.269667 0.594000 0.010000 0.024000
11 0.253000 0.594000 0.011333 0.024000
13 0.235333 0.594000 0.016000 0.024000
20 0.777000 0.619250 0.007333 0.024500
15 0.764000 0.619250 0.008000 0.024500
9 0.750000 0.618250 0.005333 0.024500
20 0.741333 0.618250 0.009333 0.024500
26 0.726333 0.618250 0.014000 0.024500
4 0.708000 0.618250 0.009333 0.024500
12 0.685667 0.617500 0.011333 0.024000
1 0.664667 0.617500 0.014667 0.024000
1 0.649667 0.617500 0.012667 0.024000
11 0.636333 0.616500 0.011333 0.024000
13 0.621000 0.616500 0.014000 0.024000
5 0.601000 0.616500 0.006000 0.024000
17 0.590000 0.616500 0.012000 0.024000
24 0.575667 0.615750 0.015333 0.024500
26 0.553333 0.615750 0.016000 0.024500
13 0.532333 0.615750 0.018000 0.024500
5 0.513333 0.615000 0.005333 0.024000
18 0.504667 0.615000 0.009333 0.024000
1 0.493333 0.615000 0.009333 0.024000
3 0.476667 0.615000 0.018667 0.024000
26 0.444333 0.614000 0.020667 0.024000
13 0.423333 0.614000 0.020000 0.024000
0 0.400667 0.613250 0.012000 0.024500
12 0.381000 0.613250 0.020667 0.024500
4 0.342333 0.612250 0.022000 0.024500
9 0.328000 0.612250 0.012000 0.024500
13 0.311333 0.612250 0.017333 0.024500
0 0.291000 0.611500 0.014000 0.024000
6 0.276000 0.611500 0.009333 0.024000
5 0.270000 0.611500 0.006667 0.024000
24 0.258667 0.611500 0.012000 0.024000
9 0.242000 0.611500 0.010667 0.024000
13 0.232667 0.611500 0.013333 0.024000
5 0.778333 0.638000 0.007333 0.025000
4 0.765667 0.637000 0.011333 0.025000
25 0.747000 0.637000 0.018000 0.025000
26 0.712667 0.637000 0.018667 0.025000
6 0.698000 0.637000 0.010667 0.025000
9 0.687333 0.636000 0.008000 0.025000
5 0.678333 0.636000 0.006000 0.025000
9 0.672667 0.636000 0.008000 0.025000
26 0.657000 0.636000 0.011333 0.025000
13 0.637333 0.636000 0.018667 0.025000
12 0.612000 0.635250 0.013333 0.025500
4 0.588333 0.635250 0.015333 0.025500
13 0.570333 0.635250 0.018000 0.025500
5 0.549000 0.635250 0.006000 0.025500
6 0.541000 0.634500 0.008667 0.025000
9 0.531333 0.634500 0.006667 0.025000
24 0.520333 0.634500 0.012667 0.025000
4 0.490667 0.634500 0.022667 0.025000
0 0.465333 0.633500 0.013333 0.025000
19 0.451667 0.633500 0.011333 0.025000
9 0.436000 0.633500 0.005333 0.025000
4 0.424000 0.633500 0.009333 0.025000
5 0.411667 0.633500 0.008667 0.025000
4 0.401333 0.633500 0.005333 0.025000
1 0.379333 0.632500 0.005333 0.025000
11 0.363667 0.632500 0.011333 0.025000
13 0.349333 0.632500 0.008000 0.025000
5 0.327333 0.632500 0.005333 0.025000
18 0.318667 0.632500 0.009333 0.025000
22 0.301000 0.631750 0.012667 0.025500
24 0.283333 0.631750 0.017333 0.025500
0 0.254667 0.631750 0.008000 0.025500
26 0.238667 0.631750 0.008000 0.025500
4 0.774667 0.655500 0.016000 0.024000
25 0.754333 0.655500 0.012667 0.024000
14 0.734333 0.654750 0.014000 0.024500
9 0.720000 0.654750 0.010667 0.024500
13 0.704333 0.654750 0.016667 0.024500
5 0.685000 0.654750 0.004667 0.024500
12 0.674333 0.654750 0.011333 0.024500
0 0.652000 0.653750 0.017333 0.024500
9 0.629333 0.653750 0.004000 0.024500
4 0.617667 0.653750 0.014000 0.024500
9 0.606333 0.653750 0.004667 0.024500
4 0.594000 0.653000 0.014667 0.024000
14 0.574333 0.653000 0.010000 0.024000
8 0.557000 0.653000 0.012667 0.024000
24 0.537000 0.653000 0.020667 0.024000
5 0.514000 0.652000 0.006667 0.024000
4 0.500000 0.652000 0.012000 0.024000
0 0.483000 0.652000 0.012667 0.024000
3 0.463000 0.652000 0.014000 0.024000
14 0.446333 0.651250 0.012667 0.024500
4 0.427333 0.651250 0.018667 0.024500
12 0.400667 0.651250 0.013333 0.024500
0 0.381000 0.650500 0.016667 0.024000
26 0.356333 0.650500 0.006000 0.024000
26 0.340667 0.650500 0.012000 0.024000
15 0.325333 0.650500 0.008000 0.024000
0 0.307333 0.650500 0.006667 0.024000
26 0.294000 0.649500 0.008000 0.024000
9 0.278333 0.649500 0.004667 0.024000
1 0.269333 0.649500 0.008000 0.024000
5 0.258000 0.649500 0.008000 0.024000
12 0.247333 0.649500 0.009333 0.024000
4 0.234000 0.649500 0.008000 0.024000
5 0.777667 0.673750 0.008667 0.024500
0 0.765667 0.673000 0.011333 0.024000
1 0.749667 0.673000 0.012667 0.024000
3 0.735000 0.673000 0.012667 0.024000
26 0.718333 0.673000 0.014000 0.024000
13 0.698667 0.672000 0.018667 0.024000
14 0.675000 0.672000 0.012667 0.024000
4 0.654667 0.672000 0.016000 0.024000
24 0.636333 0.671250 0.014000 0.024500
4 0.618667 0.671250 0.017333 0.024500
14 0.595667 0.671250 0.020667 0.024500
18 0.576667 0.670250 0.014667 0.024500
12 0.560667 0.670250 0.017333 0.024500
4 0.539333 0.670250 0.016000 0.024500
0 0.522333 0.669500 0.015333 0.024000
24 0.506333 0.669500 0.015333 0.024000
21 0.487000 0.669500 0.022000 0.024000
4 0.468333 0.668500 0.010000 0.024000
8 0.453000 0.668500 0.012667 0.024000
1 0.439000 0.668500 0.011333 0.024000
4 0.423333 0.668500 0.014667 0.024000
0 0.404667 0.667750 0.010667 0.024500
25 0.389667 0.667750 0.012667 0.024500
24 0.372000 0.667750 0.018667 0.024500
9 0.353333 0.667750 0.004000 0.024500
4 0.345333 0.666750 0.009333 0.024500
5 0.333667 0.666750 0.008667 0.024500
4 0.323000 0.666750 0.012667 0.024500
16 0.307333 0.666750 0.009333 0.024500
26 0.295000 0.666750 0.015333 0.024500
15 0.282333 0.666000 0.010000 0.024000
12 0.263667 0.666000 0.012667 0.024000
11 0.245667 0.666000 0.012667 0.024000
13 0.232000 0.666000 0.016000 0.024000
5 0.775333 0.692500 0.005333 0.027000
25 0.766000 0.692500 0.010667 0.027000
14 0.748333 0.692500 0.011333 0.027000
5 0.738667 0.692500 0.008000 0.027000
26 0.728667 0.692500 0.012000 0.027000
13 0.713333 0.691500 0.009333 0.027000
0 0.685333 0.691500 0.008000 0.027000
26 0.668667 0.691500 0.009333 0.027000
3 0.646667 0.690500 0.012000 0.027000
1 0.629333 0.690500 0.013333 0.027000
24 0.613000 0.690500 0.011333 0.027000
9 0.599000 0.690500 0.012667 0.027000
0 0.584000 0.689750 0.017333 0.026500
12 0.565667 0.689750 0.011333 0.026500
4 0.548667 0.689750 0.016000 0.026500
18 0.528667 0.689750 0.009333 0.026500
12 0.511667 0.689000 0.023333 0.027000
12 0.489000 0.689000 0.012667 0.027000
1 0.471667 0.689000 0.012667 0.027000
1 0.458333 0.689000 0.011333 0.027000
11 0.444333 0.689000 0.011333 0.027000
13 0.427333 0.688000 0.018667 0.027000
5 0.407667 0.688000 0.007333 0.027000
18 0.397000 0.688000 0.014000 0.027000
12 0.380000 0.688000 0.018667 0.027000
16 0.365333 0.687250 0.008000 0.026500
20 0.355667 0.687250 0.008667 0.026500
25 0.343000 0.687250 0.014000 0.026500
11 0.320333 0.687250 0.012667 0.026500
13 0.309000 0.687250 0.015333 0.026500
5 0.294333 0.686250 0.004667 0.026500
12 0.285667 0.686250 0.010000 0.026500
25 0.272667 0.686250 0.009333 0.026500
9 0.265667 0.686250 0.007333 0.026500
24 0.256333 0.686250 0.008667 0.026500
26 0.244667 0.686250 0.009333 0.026500
13 0.231000 0.686250 0.016667 0.026500
0 0.773000 0.711000 0.012667 0.024000
26 0.756333 0.711000 0.011333 0.024000
13 0.740667 0.710250 0.017333 0.024500
12 0.715333 0.710250 0.010667 0.024500
0 0.691000 0.709250 0.015333 0.024500
5 0.679667 0.709250 0.010000 0.024500
26 0.666667 0.709250 0.008000 0.024500
18 0.644000 0.709250 0.008000 0.024500
12 0.626333 0.708500 0.022000 0.024000
9 0.607000 0.708500 0.006000 0.024000
3 0.594667 0.708500 0.012000 0.024000
11 0.577333 0.708500 0.013333 0.024000
13 0.558667 0.707500 0.018667 0.024000
5 0.539333 0.707500 0.006667 0.024000
4 0.526000 0.707500 0.010667 0.024000
9 0.515000 0.706750 0.008667 0.024500
5 0.509000 0.706750 0.004667 0.024500
12 0.488333 0.706750 0.007333 0.024500
8 0.471667 0.706750 0.012667 0.024500
5 0.458000 0.705750 0.010667 0.024500
8 0.449333 0.705750 0.009333 0.024500
20 0.433667 0.705750 0.012667 0.024500
26 0.418000 0.705750 0.009333 0.024500
1 0.398333 0.705000 0.014000 0.024000
9 0.387333 0.705000 0.005333 0.024000
15 0.378667 0.705000 0.009333 0.024000
18 0.360667 0.705000 0.008000 0.024000
9 0.350000 0.705000 0.009333 0.024000
16 0.343667 0.705000 0.006000 0.024000
9 0.338667 0.704000 0.008000 0.024000
11 0.326333 0.704000 0.010000 0.024000
17 0.313000 0.704000 0.016667 0.024000
5 0.294333 0.704000 0.004667 0.024000
12 0.287333 0.704000 0.009333 0.024000
14 0.273000 0.703250 0.012667 0.024500
3 0.258667 0.703250 0.012000 0.024500
26 0.244333 0.703250 0.010000 0.024500
13 0.232000 0.703250 0.016000 0.024500
0 0.773667 0.728250 0.011333 0.024500
26 0.758000 0.728250 0.010667 0.024500
13 0.739667 0.727500 0.022000 0.024000
0 0.719667 0.727500 0.012667 0.024000
26 0.699667 0.727500 0.016667 0.024000
1 0.681333 0.727500 0.016000 0.024000
16 0.666333 0.726500 0.007333 0.024000
9 0.661000 0.726500 0.006000 0.024000
11 0.652000 0.726500 0.008000 0.024000
13 0.635333 0.726500 0.016000 0.024000
12 0.613333 0.726500 0.009333 0.024000
3 0.597667 0.725750 0.012667 0.024500
1 0.582667 0.725750 0.010667 0.024500
24 0.564000 0.725750 0.020000 0.024500
1 0.538333 0.725750 0.014000 0.024500
13 0.522333 0.724750 0.015333 0.024500
1 0.502333 0.724750 0.011333 0.024500
25 0.486333 0.724750 0.011333 0.024500
1 0.468333 0.724750 0.015333 0.024500
26 0.447000 0.724000 0.014000 0.024000
10 0.431333 0.724000 0.014667 0.024000
1 0.405667 0.724000 0.012667 0.024000
1 0.389333 0.724000 0.009333 0.024000
9 0.379333 0.723250 0.013333 0.024500
26 0.355000 0.723250 0.015333 0.024500
10 0.337333 0.723250 0.016000 0.024500
5 0.317000 0.723250 0.006000 0.024500
1 0.306667 0.723250 0.010667 0.024500
12 0.292333 0.722250 0.011333 0.024500
11 0.273667 0.722250 0.016667 0.024500
26 0.248333 0.722250 0.014000 0.024500
10 0.236000 0.722250 0.014667 0.024500
1 0.773667 0.744750 0.008667 0.027500
3 0.757000 0.744750 0.012667 0.027500
24 0.739667 0.744750 0.012667 0.027500
10 0.720667 0.744000 0.018667 0.028000
5 0.701000 0.744000 0.004667 0.028000
1 0.691333 0.744000 0.008000 0.028000
25 0.676667 0.744000 0.013333 0.028000
11 0.652333 0.744000 0.014000 0.028000
1 0.640333 0.744000 0.010000 0.028000
10 0.626000 0.744000 0.006667 0.028000
5 0.605667 0.744000 0.003333 0.028000
1 0.598000 0.743000 0.009333 0.028000
23 0.581000 0.743000 0.011333 0.028000
5 0.570333 0.743000 0.007333 0.028000
14 0.564000 0.743000 0.008000 0.028000
10 0.543667 0.743000 0.020667 0.028000
5 0.526667 0.743000 0.006667 0.028000
11 0.515667 0.743000 0.010000 0.028000
26 0.498333 0.743000 0.012667 0.028000
1 0.481000 0.742250 0.012667 0.027500
26 0.463667 0.742250 0.012667 0.027500
13 0.438667 0.742250 0.025333 0.027500
18 0.418000 0.742250 0.009333 0.027500
12 0.393667 0.742250 0.030000 0.027500
14 0.369667 0.742250 0.011333 0.027500
6 0.353333 0.741250 0.009333 0.027500
5 0.347000 0.741250 0.006000 0.027500
6 0.339333 0.741250 0.006667 0.027500
5 0.329667 0.741250 0.008667 0.027500
26 0.314667 0.741250 0.017333 0.027500
1 0.295000 0.741250 0.008667 0.027500
9 0.281000 0.741250 0.015333 0.027500
26 0.253333 0.741250 0.014667 0.027500
10 0.237333 0.741250 0.017333 0.027500
5 0.771667 0.762500 0.003333 0.027000
1 0.762667 0.762500 0.008000 0.027000
25 0.749000 0.762500 0.012667 0.027000
18 0.730333 0.761500 0.012667 0.027000
24 0.716667 0.761500 0.010667 0.027000
9 0.703333 0.761500 0.009333 0.027000
10 0.690333 0.761500 0.014000 0.027000
12 0.673667 0.761500 0.010000 0.027000
14 0.654667 0.761500 0.013333 0.027000
18 0.635667 0.761500 0.012667 0.027000
15 0.624000 0.760750 0.010667 0.026500
9 0.609667 0.760750 0.004667 0.026500
24 0.599333 0.760750 0.012000 0.026500
1 0.578333 0.760750 0.011333 0.026500
5 0.568667 0.760750 0.005333 0.026500
9 0.551333 0.760750 0.004000 0.026500
14 0.545333 0.760750 0.008000 0.026500
9 0.529333 0.760000 0.010667 0.027000
11 0.518667 0.760000 0.009333 0.027000
13 0.505667 0.760000 0.007333 0.027000
5 0.485667 0.760000 0.003333 0.027000
9 0.479000 0.760000 0.004667 0.027000
14 0.471333 0.760000 0.009333 0.027000
9 0.454333 0.760000 0.008667 0.027000
1 0.442000 0.760000 0.009333 0.027000
16 0.431333 0.760000 0.008000 0.027000
9 0.423333 0.759000 0.008000 0.027000
11 0.412667 0.759000 0.008000 0.027000
13 0.398333 0.759000 0.014000 0.027000
18 0.377000 0.759000 0.006000 0.027000
12 0.355667 0.759000 0.026000 0.027000
4 0.328667 0.758250 0.017333 0.026500
0 0.305000 0.758250 0.014000 0.026500
3 0.289000 0.758250 0.012667 0.026500
14 0.267333 0.758250 0.017333 0.026500
4 0.239000 0.758250 0.023333 0.026500
0 0.763667 0.778500 0.006000 0.028000
25 0.749333 0.778500 0.012000 0.028000
24 0.734000 0.777750 0.008000 0.027500
16 0.719667 0.777750 0.004667 0.027500
25 0.709667 0.777750 0.010000 0.027500
1 0.692333 0.777750 0.010000 0.027500
18 0.681667 0.777750 0.006000 0.027500
9 0.657000 0.777750 0.007333 0.027500
4 0.647333 0.777750 0.008000 0.027500
5 0.636667 0.777750 0.008000 0.027500
4 0.624667 0.777750 0.012000 0.027500
12 0.604000 0.777750 0.009333 0.027500
0 0.586667 0.777750 0.012000 0.027500
1 0.573000 0.777750 0.012667 0.027500
26 0.552000 0.777750 0.013333 0.027500
9 0.538000 0.777750 0.009333 0.027500
11 0.528000 0.777750 0.008000 0.027500
13 0.508667 0.777750 0.024000 0.027500
12 0.489000 0.776750 0.010000 0.027500
26 0.471667 0.776750 0.012667 0.027500
26 0.448667 0.776750 0.026667 0.027500
12 0.426000 0.776750 0.006667 0.027500
4 0.409333 0.776750 0.013333 0.027500
13 0.392000 0.776750 0.008000 0.027500
11 0.364333 0.776750 0.006000 0.027500
9 0.350667 0.776750 0.008000 0.027500
14 0.342000 0.776750 0.009333 0.027500
9 0.325333 0.776750 0.008000 0.027500
4 0.303667 0.776750 0.007333 0.027500
25 0.286333 0.776750 0.014000 0.027500
14 0.266333 0.776750 0.012667 0.027500
9 0.252333 0.776750 0.010000 0.027500
13 0.239000 0.776750 0.007333 0.027500
18 0.766667 0.786750 0.009333 0.018500
12 0.750333 0.788000 0.020667 0.019000
4 0.732000 0.790000 0.016000 0.019000
0 0.710667 0.792500 0.033333 0.021000
24 0.686000 0.795000 0.018667 0.019000
21 0.676667 0.796750 0.004000 0.017500
