25 0.740333 0.372750 0.004667 0.028500
9 0.730000 0.372750 0.009333 0.028500
14 0.719333 0.372750 0.006667 0.028500
5 0.712333 0.372750 0.007333 0.028500
18 0.696333 0.373750 0.020667 0.028500
9 0.676667 0.373750 0.004000 0.028500
25 0.666333 0.373750 0.011333 0.028500
24 0.645000 0.373750 0.015333 0.028500
0 0.627000 0.373750 0.011333 0.028500
12 0.607667 0.374750 0.022000 0.028500
9 0.588333 0.374750 0.006000 0.028500
4 0.576667 0.374750 0.008000 0.028500
5 0.566000 0.374750 0.009333 0.028500
4 0.552000 0.374750 0.006667 0.028500
0 0.530000 0.374750 0.006667 0.028500
12 0.512667 0.375250 0.013333 0.028500
4 0.491000 0.375250 0.014000 0.028500
9 0.477333 0.375250 0.008000 0.028500
16 0.470333 0.375250 0.006000 0.028500
5 0.461667 0.375250 0.004667 0.028500
9 0.447333 0.375250 0.005333 0.028500
4 0.438000 0.376250 0.008000 0.028500
5 0.428000 0.376250 0.008000 0.028500
4 0.414333 0.376250 0.014000 0.028500
0 0.391333 0.376250 0.009333 0.028500
6 0.377000 0.376250 0.008667 0.028500
9 0.370000 0.376250 0.008000 0.028500
3 0.341667 0.377250 0.036667 0.028500
5 0.307000 0.377250 0.004667 0.028500
0 0.294333 0.377250 0.014000 0.028500
4 0.277667 0.377250 0.012667 0.028500
1 0.262333 0.378000 0.011333 0.029000
26 0.244000 0.378000 0.017333 0.029000
0 0.216000 0.378000 0.013333 0.029000
26 0.195667 0.378750 0.024667 0.028500
9 0.744333 0.391500 0.006000 0.026000
4 0.734667 0.391500 0.009333 0.026000
5 0.721667 0.391500 0.008667 0.026000
4 0.703000 0.392500 0.023333 0.026000
0 0.680667 0.392500 0.005333 0.026000
12 0.664333 0.392500 0.012667 0.026000
4 0.645000 0.392500 0.010000 0.026000
9 0.635667 0.392500 0.008667 0.026000
10 0.625333 0.393000 0.005333 0.026000
1 0.603333 0.393000 0.005333 0.026000
11 0.587000 0.393000 0.012667 0.026000
12 0.571000 0.393000 0.008667 0.026000
12 0.545000 0.393000 0.011333 0.026000
1 0.529333 0.394000 0.010667 0.026000
1 0.515667 0.394000 0.010000 0.026000
10 0.500667 0.394000 0.014667 0.026000
5 0.480333 0.394000 0.004667 0.026000
1 0.470667 0.394000 0.010667 0.026000
11 0.454333 0.394000 0.010000 0.026000
12 0.437667 0.395000 0.018000 0.026000
16 0.415667 0.395000 0.004667 0.026000
20 0.405333 0.395000 0.009333 0.026000
25 0.389000 0.395000 0.014000 0.026000
10 0.367667 0.395000 0.010000 0.026000
5 0.347667 0.396000 0.004667 0.026000
1 0.338333 0.396000 0.008667 0.026000
11 0.322333 0.396000 0.011333 0.026000
12 0.308333 0.396000 0.007333 0.026000
14 0.286333 0.396000 0.007333 0.026000
0 0.270333 0.396500 0.011333 0.026000
3 0.254000 0.396500 0.012000 0.026000
10 0.241333 0.396500 0.006667 0.026000
5 0.219000 0.396500 0.003333 0.026000
4 0.205333 0.396500 0.016000 0.026000
9 0.191667 0.396500 0.004667 0.026000
5 0.185667 0.397500 0.004667 0.026000
4 0.745333 0.407000 0.010667 0.024000
3 0.732000 0.407000 0.012000 0.024000
1 0.716000 0.408000 0.012000 0.024000
24 0.704333 0.408000 0.008667 0.024000
9 0.695333 0.408000 0.009333 0.024000
13 0.680000 0.408000 0.016000 0.024000
4 0.661667 0.408750 0.014000 0.024500
0 0.645000 0.408750 0.012667 0.024500
12 0.629333 0.408750 0.013333 0.024500
4 0.607333 0.409750 0.022667 0.024500
0 0.586667 0.409750 0.016000 0.024500
25 0.562000 0.409250 0.033333 0.025500
24 0.543000 0.410500 0.004667 0.024000
0 0.534000 0.410500 0.010667 0.024000
16 0.520667 0.410500 0.012000 0.024000
11 0.508000 0.410500 0.009333 0.024000
9 0.499333 0.410500 0.008000 0.024000
14 0.483000 0.411250 0.012667 0.024500
22 0.465000 0.411250 0.012667 0.024500
5 0.455333 0.411250 0.008000 0.024500
10 0.445000 0.411250 0.012667 0.024500
4 0.428333 0.411250 0.007333 0.024500
9 0.415667 0.412250 0.008667 0.024500
5 0.408667 0.412250 0.006667 0.024500
13 0.399333 0.412250 0.006667 0.024500
18 0.378000 0.412250 0.008000 0.024500
12 0.362667 0.413000 0.009333 0.024000
12 0.337667 0.413000 0.010000 0.024000
1 0.321667 0.413000 0.012667 0.024000
1 0.307000 0.414000 0.011333 0.024000
10 0.293333 0.414000 0.013333 0.024000
5 0.273000 0.414000 0.006000 0.024000
25 0.258667 0.414000 0.021333 0.024000
16 0.243333 0.414750 0.008000 0.024500
16 0.234000 0.414750 0.008000 0.024500
26 0.215333 0.414750 0.026667 0.024500
13 0.192667 0.415750 0.016000 0.024500
12 0.747000 0.427000 0.014000 0.026000
1 0.727667 0.427000 0.014000 0.026000
16 0.714667 0.427000 0.009333 0.026000
9 0.709000 0.427000 0.007333 0.026000
10 0.696333 0.428000 0.018000 0.026000
5 0.680667 0.428000 0.005333 0.026000
3 0.669000 0.428000 0.012667 0.026000
1 0.650333 0.428000 0.014000 0.026000
24 0.634333 0.428500 0.012667 0.026000
26 0.613667 0.428500 0.022000 0.026000
1 0.587667 0.428500 0.016667 0.026000
13 0.571333 0.429500 0.016000 0.026000
1 0.549667 0.429500 0.016667 0.026000
25 0.531000 0.429500 0.014000 0.026000
1 0.512667 0.430500 0.013333 0.026000
26 0.499000 0.430500 0.011333 0.026000
10 0.482667 0.430500 0.016000 0.026000
1 0.454333 0.431000 0.034000 0.027000
1 0.433333 0.431500 0.008000 0.026000
9 0.419667 0.431500 0.019333 0.026000
26 0.401333 0.432000 0.014667 0.026000
10 0.391000 0.432000 0.006000 0.026000
5 0.380333 0.432000 0.006000 0.026000
1 0.374000 0.432000 0.009333 0.026000
12 0.354667 0.433000 0.016000 0.026000
11 0.332667 0.433000 0.018667 0.026000
26 0.305333 0.433000 0.017333 0.026000
5 0.289333 0.434000 0.014667 0.026000
1 0.261000 0.434000 0.016667 0.026000
3 0.237000 0.434250 0.030000 0.026500
24 0.210333 0.434750 0.020667 0.025500
5 0.190000 0.435500 0.017333 0.026000
5 0.754000 0.443250 0.006667 0.029500
1 0.746667 0.444250 0.008000 0.029500
25 0.732667 0.444250 0.014667 0.029500
11 0.709000 0.444250 0.016667 0.029500
1 0.694667 0.444250 0.010667 0.029500
10 0.682000 0.445250 0.014667 0.029500
5 0.660000 0.445250 0.008000 0.029500
1 0.649333 0.445250 0.010667 0.029500
23 0.635667 0.445250 0.010000 0.029500
5 0.626000 0.445250 0.009333 0.029500
14 0.615667 0.446000 0.011333 0.029000
10 0.594000 0.446000 0.020000 0.029000
9 0.569667 0.446000 0.006000 0.029000
23 0.560000 0.446750 0.009333 0.029500
25 0.545667 0.446750 0.015333 0.029500
24 0.521333 0.446750 0.014667 0.029500
26 0.507667 0.446750 0.012667 0.029500
13 0.490667 0.447750 0.009333 0.029500
12 0.466667 0.447750 0.009333 0.029500
0 0.445000 0.447750 0.012667 0.029500
5 0.435333 0.448750 0.009333 0.029500
26 0.425000 0.448750 0.007333 0.029500
18 0.400667 0.448750 0.009333 0.029500
12 0.383333 0.448750 0.009333 0.029500
9 0.362000 0.449250 0.005333 0.029500
3 0.351667 0.449250 0.010000 0.029500
10 0.338000 0.449250 0.008000 0.029500
5 0.312333 0.449250 0.006000 0.029500
4 0.300333 0.450250 0.011333 0.029500
9 0.286333 0.450250 0.008667 0.029500
5 0.279333 0.450250 0.006667 0.029500
12 0.254333 0.450250 0.022000 0.029500
8 0.236667 0.451250 0.013333 0.029500
8 0.220333 0.451250 0.014000 0.029500
20 0.205000 0.451250 0.012667 0.029500
26 0.190667 0.452250 0.018667 0.029500
1 0.757667 0.462250 0.011333 0.029500
9 0.744667 0.462250 0.009333 0.029500
15 0.731000 0.462250 0.016667 0.029500
18 0.716000 0.463250 0.012000 0.029500
9 0.702000 0.463250 0.009333 0.029500
16 0.694667 0.463250 0.008000 0.029500
10 0.681333 0.463250 0.016000 0.029500
5 0.658667 0.464250 0.008000 0.029500
11 0.645333 0.464250 0.016000 0.029500
26 0.627000 0.465250 0.020667 0.029500
1 0.608000 0.465250 0.014667 0.029500
26 0.589000 0.465250 0.020667 0.029500
13 0.569333 0.465750 0.016000 0.029500
18 0.548667 0.465750 0.009333 0.029500
12 0.529333 0.465750 0.010667 0.029500
14 0.505000 0.466750 0.012667 0.029500
6 0.487000 0.466750 0.012667 0.029500
6 0.476333 0.467750 0.008667 0.029500
5 0.469333 0.467750 0.008000 0.029500
26 0.451333 0.467750 0.025333 0.029500
1 0.426333 0.467750 0.004667 0.029500
9 0.415667 0.468500 0.014000 0.029000
26 0.386667 0.468500 0.018667 0.029000
10 0.369333 0.469250 0.009333 0.029500
5 0.345333 0.469250 0.009333 0.029500
1 0.333667 0.469250 0.011333 0.029500
25 0.315333 0.470250 0.016000 0.029500
18 0.294000 0.470250 0.014667 0.029500
24 0.280667 0.471250 0.009333 0.029500
5 0.653667 0.486000 0.007333 0.026000
4 0.639333 0.486000 0.017333 0.026000
9 0.626333 0.486000 0.006000 0.026000
4 0.612667 0.486500 0.017333 0.026000
0 0.587000 0.486500 0.006000 0.026000
13 0.574000 0.486500 0.006667 0.026000
25 0.548333 0.486500 0.014000 0.026000
14 0.529667 0.486500 0.012667 0.026000
18 0.510667 0.487500 0.017333 0.026000
26 0.490000 0.487500 0.010667 0.026000
25 0.474000 0.487500 0.013333 0.026000
14 0.454333 0.487500 0.015333 0.026000
18 0.435333 0.488500 0.012000 0.026000
5 0.424333 0.488500 0.008667 0.026000
0 0.405667 0.488500 0.006000 0.026000
12 0.392667 0.488500 0.006667 0.026000
14 0.370667 0.488500 0.012000 0.026000
22 0.351667 0.489500 0.012667 0.026000
5 0.339000 0.489500 0.010000 0.026000
26 0.325000 0.489500 0.010000 0.026000
9 0.313333 0.489500 0.008000 0.026000
0 0.294333 0.489500 0.011333 0.026000
25 0.277667 0.489500 0.012667 0.026000
24 0.253667 0.490000 0.022000 0.026000
0 0.225333 0.490000 0.006667 0.026000
16 0.209667 0.490000 0.010000 0.026000
11 0.198667 0.490000 0.009333 0.026000
9 0.187000 0.491000 0.007333 0.026000
14 0.759333 0.502750 0.010667 0.025500
22 0.737667 0.502750 0.014000 0.025500
5 0.725333 0.502750 0.009333 0.025500
4 0.711333 0.502750 0.013333 0.025500
0 0.691000 0.502750 0.012667 0.025500
26 0.673000 0.502750 0.011333 0.025500
11 0.658333 0.502750 0.011333 0.025500
13 0.639333 0.503500 0.017333 0.025000
4 0.615667 0.503500 0.014000 0.025000
9 0.600000 0.503500 0.008000 0.025000
5 0.594000 0.503500 0.005333 0.025000
13 0.581667 0.503500 0.012667 0.025000
12 0.555333 0.503500 0.018667 0.025000
0 0.528667 0.504500 0.016000 0.025000
4 0.513333 0.504500 0.010667 0.025000
1 0.500667 0.504500 0.010667 0.025000
4 0.478000 0.504500 0.025333 0.025000
0 0.444667 0.504500 0.034667 0.025000
26 0.424333 0.504500 0.000667 0.025000
9 0.419667 0.504500 0.006000 0.025000
4 0.407000 0.505500 0.010000 0.025000
5 0.390333 0.505500 0.011333 0.025000
4 0.377667 0.505500 0.007333 0.025000
0 0.355000 0.505500 0.006000 0.025000
12 0.339000 0.505500 0.012667 0.025000
4 0.319000 0.505500 0.012667 0.025000
9 0.306667 0.505500 0.008000 0.025000
11 0.296667 0.506000 0.009333 0.025000
13 0.281333 0.506000 0.008000 0.025000
5 0.257667 0.506000 0.004667 0.025000
12 0.242000 0.506000 0.020000 0.025000
18 0.224333 0.506000 0.012667 0.025000
1 0.210333 0.506000 0.014000 0.025000
3 0.194000 0.506000 0.013333 0.025000
5 0.183000 0.507000 0.003333 0.025000
1 0.757000 0.521500 0.015333 0.026000
11 0.740000 0.521500 0.016000 0.026000
12 0.717333 0.521500 0.025333 0.026000
12 0.688000 0.521500 0.006667 0.026000
1 0.670333 0.522000 0.012667 0.026000
1 0.653667 0.522000 0.011333 0.026000
11 0.637333 0.522000 0.012000 0.026000
13 0.623667 0.522000 0.007333 0.026000
5 0.602333 0.522000 0.006000 0.026000
1 0.589333 0.523000 0.010667 0.026000
11 0.573000 0.523000 0.012667 0.026000
12 0.557333 0.523000 0.008000 0.026000
16 0.538000 0.523000 0.006667 0.026000
20 0.528000 0.523000 0.008000 0.026000
25 0.513667 0.524000 0.011333 0.026000
11 0.495667 0.524000 0.012667 0.026000
13 0.477333 0.524000 0.017333 0.026000
5 0.456667 0.524000 0.004000 0.026000
16 0.450000 0.524000 0.008000 0.026000
26 0.433000 0.525000 0.014000 0.026000
26 0.411667 0.525000 0.012667 0.026000
9 0.400000 0.525000 0.008000 0.026000
14 0.382667 0.525000 0.010667 0.026000
8 0.366333 0.525000 0.012667 0.026000
24 0.345667 0.525500 0.019333 0.026000
0 0.317667 0.525500 0.014000 0.026000
24 0.299000 0.525500 0.016667 0.026000
22 0.280000 0.525500 0.014667 0.026000
11 0.265667 0.526500 0.011333 0.026000
13 0.250667 0.526500 0.012000 0.026000
1 0.226333 0.526500 0.014000 0.026000
18 0.212333 0.526500 0.011333 0.026000
26 0.196000 0.526500 0.017333 0.026000
5 0.183000 0.527500 0.003333 0.026000
9 0.761667 0.541750 0.003333 0.025500
5 0.755333 0.541750 0.006667 0.025500
24 0.742333 0.541750 0.011333 0.025500
4 0.720000 0.541750 0.020000 0.025500
5 0.697667 0.541750 0.004667 0.025500
14 0.687000 0.542500 0.011333 0.025000
12 0.665667 0.542500 0.015333 0.025000
23 0.649000 0.542500 0.011333 0.025000
5 0.636000 0.542500 0.009333 0.025000
25 0.614333 0.542500 0.030000 0.025000
5 0.593667 0.542500 0.004667 0.025000
0 0.584000 0.542500 0.009333 0.025000
17 0.569000 0.542500 0.012667 0.025000
20 0.549000 0.542500 0.012667 0.025000
26 0.530000 0.543500 0.018667 0.025000
3 0.511667 0.543500 0.011333 0.025000
2 0.494667 0.543500 0.010667 0.025000
16 0.484667 0.543500 0.008000 0.025000
10 0.472333 0.543500 0.014000 0.025000
5 0.450333 0.543500 0.007333 0.025000
26 0.434333 0.543500 0.023333 0.025000
9 0.417000 0.543500 0.004667 0.025000
24 0.402000 0.543500 0.018667 0.025000
25 0.380000 0.543500 0.022667 0.025000
10 0.361000 0.543500 0.012667 0.025000
5 0.343000 0.544250 0.004667 0.025500
9 0.336667 0.544250 0.005333 0.025500
22 0.324000 0.544250 0.017333 0.025500
4 0.303000 0.544250 0.019333 0.025500
24 0.277667 0.544250 0.026000 0.025500
10 0.256333 0.544250 0.011333 0.025500
5 0.237000 0.544250 0.004667 0.025500
16 0.229333 0.544250 0.008000 0.025500
26 0.213667 0.544250 0.018000 0.025500
26 0.193333 0.544250 0.017333 0.025500
9 0.181667 0.545000 0.003333 0.025000
18 0.762000 0.561250 0.009333 0.027500
25 0.745000 0.561250 0.014000 0.027500
1 0.722667 0.561250 0.016000 0.027500
1 0.698667 0.561250 0.012000 0.027500
25 0.682333 0.561250 0.014000 0.027500
3 0.658000 0.562000 0.016000 0.028000
10 0.638000 0.562000 0.017333 0.028000
12 0.616667 0.562000 0.016000 0.028000
1 0.596333 0.562000 0.012667 0.028000
4 0.578333 0.562000 0.011333 0.028000
14 0.565000 0.562000 0.012667 0.028000
26 0.543667 0.562000 0.014000 0.028000
10 0.527667 0.562000 0.014000 0.028000
5 0.507000 0.562000 0.007333 0.028000
0 0.496000 0.563000 0.010667 0.028000
11 0.478333 0.563000 0.012667 0.028000
12 0.461667 0.563000 0.014000 0.028000
26 0.436000 0.563000 0.024000 0.028000
5 0.414000 0.563000 0.005333 0.028000
25 0.400333 0.563000 0.012667 0.028000
1 0.379333 0.563000 0.013333 0.028000
18 0.365000 0.563000 0.014000 0.028000
26 0.340667 0.563750 0.012000 0.027500
4 0.309333 0.563750 0.006667 0.027500
25 0.293000 0.563750 0.012667 0.027500
14 0.272000 0.563750 0.014667 0.027500
24 0.251000 0.563750 0.015333 0.027500
5 0.234000 0.563750 0.008000 0.027500
12 0.220000 0.563750 0.008000 0.027500
11 0.198667 0.563750 0.013333 0.027500
13 0.186000 0.564750 0.006667 0.027500
20 0.762667 0.584000 0.005333 0.027000
15 0.751000 0.584000 0.006000 0.027000
9 0.733667 0.584000 0.006000 0.027000
20 0.721667 0.584000 0.008667 0.027000
26 0.707667 0.584000 0.011333 0.027000
4 0.691333 0.584000 0.008000 0.027000
12 0.665000 0.584000 0.007333 0.027000
1 0.647000 0.584000 0.012667 0.027000
1 0.629333 0.584000 0.012000 0.027000
11 0.614333 0.584000 0.011333 0.027000
13 0.600333 0.584000 0.007333 0.027000
5 0.577333 0.584000 0.004000 0.027000
17 0.564667 0.584000 0.012000 0.027000
24 0.547333 0.584000 0.013333 0.027000
26 0.526000 0.584000 0.014667 0.027000
13 0.502667 0.584000 0.024000 0.027000
5 0.483667 0.584000 0.004667 0.027000
18 0.476333 0.584000 0.008667 0.027000
1 0.461333 0.584000 0.010667 0.027000
3 0.443333 0.584000 0.018667 0.027000
26 0.408333 0.584000 0.019333 0.027000
13 0.388000 0.584000 0.018667 0.027000
0 0.361333 0.584000 0.012000 0.027000
12 0.340333 0.584000 0.022000 0.027000
4 0.297333 0.584000 0.021333 0.027000
9 0.282333 0.584000 0.010000 0.027000
13 0.266000 0.584000 0.017333 0.027000
0 0.239667 0.584000 0.006000 0.027000
6 0.229000 0.584000 0.006000 0.027000
5 0.222000 0.584000 0.008000 0.027000
24 0.207333 0.584000 0.010667 0.027000
9 0.193333 0.584000 0.010667 0.027000
13 0.181667 0.584000 0.006000 0.027000
5 0.762667 0.604500 0.008000 0.028000
4 0.748333 0.604500 0.011333 0.028000
25 0.730667 0.604500 0.017333 0.028000
26 0.698000 0.604500 0.020000 0.028000
6 0.679000 0.604500 0.011333 0.028000
6 0.667333 0.604500 0.009333 0.028000
5 0.656000 0.604500 0.006667 0.028000
9 0.649333 0.604500 0.008000 0.028000
26 0.634000 0.604500 0.012000 0.028000
13 0.613667 0.604500 0.019333 0.028000
12 0.587000 0.604500 0.015333 0.028000
4 0.564000 0.604500 0.014667 0.028000
13 0.543333 0.604500 0.020000 0.028000
5 0.521333 0.604500 0.005333 0.028000
7 0.513333 0.604500 0.010667 0.028000
24 0.489667 0.604500 0.018000 0.028000
4 0.459667 0.604500 0.023333 0.028000
0 0.431333 0.604500 0.014667 0.028000
19 0.416333 0.604500 0.012667 0.028000
9 0.399000 0.604500 0.006000 0.028000
4 0.386667 0.604500 0.009333 0.028000
5 0.372333 0.604500 0.010000 0.028000
4 0.362000 0.604500 0.005333 0.028000
1 0.339000 0.604500 0.006000 0.028000
11 0.325000 0.604500 0.012667 0.028000
13 0.306000 0.604500 0.009333 0.028000
5 0.282333 0.604500 0.006000 0.028000
18 0.270000 0.604500 0.016000 0.028000
22 0.252000 0.604500 0.017333 0.028000
24 0.234000 0.604500 0.017333 0.028000
0 0.205333 0.604500 0.009333 0.028000
26 0.184000 0.604500 0.010667 0.028000
4 0.758667 0.623000 0.016000 0.027000
25 0.737667 0.623000 0.014000 0.027000
14 0.717667 0.623000 0.015333 0.027000
9 0.698667 0.623000 0.012000 0.027000
13 0.685333 0.623000 0.014667 0.027000
5 0.664000 0.623000 0.006667 0.027000
12 0.652333 0.623000 0.011333 0.027000
0 0.629333 0.623000 0.018667 0.027000
9 0.607333 0.623000 0.009333 0.027000
4 0.593333 0.623000 0.016000 0.027000
9 0.581333 0.623000 0.005333 0.027000
4 0.568667 0.623000 0.014667 0.027000
14 0.548000 0.623000 0.010667 0.027000
8 0.527667 0.623000 0.014000 0.027000
24 0.507000 0.623000 0.020667 0.027000
5 0.483667 0.623000 0.004667 0.027000
4 0.470333 0.623000 0.012667 0.027000
0 0.449000 0.623000 0.014000 0.027000
3 0.432333 0.623000 0.012667 0.027000
14 0.413333 0.623000 0.013333 0.027000
4 0.391000 0.623000 0.022000 0.027000
12 0.364333 0.623000 0.012667 0.027000
0 0.340667 0.623000 0.018667 0.027000
26 0.314000 0.623000 0.006667 0.027000
26 0.296333 0.623000 0.012667 0.027000
15 0.281667 0.623000 0.007333 0.027000
0 0.260000 0.623000 0.006667 0.027000
26 0.246000 0.623000 0.006667 0.027000
9 0.229000 0.623000 0.006000 0.027000
1 0.217667 0.623000 0.008667 0.027000
5 0.206667 0.623000 0.006667 0.027000
12 0.197000 0.623000 0.010000 0.027000
4 0.178000 0.623000 0.009333 0.027000
5 0.762333 0.642000 0.004667 0.025000
0 0.751000 0.642000 0.010000 0.025000
1 0.737333 0.642000 0.010667 0.025000
3 0.720333 0.642000 0.014000 0.025000
26 0.699667 0.642000 0.014000 0.025000
13 0.680000 0.642000 0.018667 0.025000
14 0.655667 0.642000 0.011333 0.025000
4 0.634000 0.642000 0.016000 0.025000
24 0.613000 0.642000 0.014000 0.025000
4 0.595333 0.642000 0.017333 0.025000
14 0.574667 0.642000 0.008000 0.025000
18 0.553000 0.642000 0.014000 0.025000
12 0.537333 0.642000 0.008000 0.025000
4 0.514667 0.642000 0.008000 0.025000
0 0.493667 0.642000 0.012667 0.025000
24 0.477667 0.642000 0.012667 0.025000
21 0.460000 0.642000 0.008000 0.025000
4 0.433667 0.642000 0.006000 0.025000
8 0.421000 0.642000 0.010000 0.025000
1 0.403667 0.642000 0.012667 0.025000
4 0.387333 0.642000 0.008000 0.025000
0 0.366000 0.642000 0.009333 0.025000
25 0.350333 0.642000 0.012667 0.025000
24 0.330333 0.642000 0.018000 0.025000
9 0.311000 0.642000 0.003333 0.025000
4 0.300000 0.642000 0.009333 0.025000
5 0.290667 0.642000 0.008000 0.025000
4 0.277667 0.642000 0.012667 0.025000
16 0.261333 0.642000 0.008000 0.025000
26 0.246667 0.642000 0.010667 0.025000
15 0.235000 0.642000 0.012667 0.025000
12 0.214667 0.642000 0.016000 0.025000
11 0.193667 0.642000 0.012667 0.025000
13 0.178333 0.642000 0.015333 0.025000
5 0.762667 0.660500 0.004000 0.027000
25 0.753333 0.660500 0.010667 0.027000
14 0.732667 0.660500 0.014667 0.027000
26 0.709667 0.660500 0.015333 0.027000
13 0.692000 0.660500 0.008000 0.027000
0 0.665000 0.660500 0.007333 0.027000
26 0.649333 0.660500 0.008000 0.027000
3 0.623667 0.660500 0.011333 0.027000
1 0.605667 0.660500 0.012667 0.027000
24 0.589333 0.660500 0.010667 0.027000
9 0.572333 0.660500 0.019333 0.027000
0 0.554333 0.660500 0.011333 0.027000
12 0.538000 0.660500 0.012000 0.027000
4 0.519667 0.660500 0.016667 0.027000
18 0.500000 0.660500 0.006667 0.027000
12 0.480333 0.661250 0.023333 0.026500
12 0.455667 0.661250 0.012667 0.026500
1 0.437667 0.661250 0.011333 0.026500
1 0.425333 0.661250 0.010667 0.026500
11 0.408333 0.661250 0.012667 0.026500
13 0.390000 0.661250 0.017333 0.026500
5 0.368333 0.661250 0.004667 0.026500
18 0.357333 0.661250 0.014667 0.026500
12 0.339333 0.661250 0.018667 0.026500
16 0.323333 0.661250 0.006667 0.026500
20 0.310667 0.661250 0.009333 0.026500
25 0.298333 0.661250 0.012667 0.026500
11 0.277667 0.661250 0.012667 0.026500
13 0.262000 0.661250 0.016000 0.026500
5 0.245000 0.661250 0.004667 0.026500
23 0.234333 0.661250 0.011333 0.026500
25 0.217667 0.661250 0.019333 0.026500
24 0.201000 0.661250 0.011333 0.026500
26 0.188667 0.661250 0.010667 0.026500
13 0.176667 0.662000 0.013333 0.027000
0 0.757667 0.679250 0.014000 0.028500
26 0.740667 0.680250 0.014667 0.028500
13 0.724000 0.680250 0.016000 0.028500
12 0.696000 0.680250 0.017333 0.028500
0 0.671000 0.680250 0.014000 0.028500
5 0.661333 0.680250 0.008000 0.028500
26 0.646667 0.680250 0.013333 0.028500
18 0.622667 0.680250 0.009333 0.028500
12 0.603000 0.680250 0.020667 0.028500
9 0.581333 0.680250 0.005333 0.028500
3 0.570333 0.680250 0.011333 0.028500
11 0.549667 0.681250 0.014000 0.028500
13 0.531333 0.681250 0.018667 0.028500
5 0.512000 0.681250 0.005333 0.028500
4 0.498333 0.681250 0.010000 0.028500
9 0.484667 0.681250 0.008000 0.028500
5 0.477000 0.681250 0.004667 0.028500
12 0.459000 0.681250 0.015333 0.028500
8 0.439667 0.681250 0.012667 0.028500
5 0.424667 0.681250 0.009333 0.028500
8 0.415000 0.681250 0.010000 0.028500
20 0.397667 0.681250 0.012667 0.028500
26 0.380333 0.681250 0.015333 0.028500
1 0.358000 0.682000 0.013333 0.029000
9 0.345667 0.682000 0.006000 0.029000
15 0.336667 0.682000 0.008000 0.029000
18 0.319333 0.682000 0.005333 0.029000
9 0.308000 0.682000 0.008000 0.029000
16 0.300333 0.682000 0.007333 0.029000
9 0.290667 0.682000 0.008000 0.029000
11 0.280000 0.682000 0.008000 0.029000
13 0.262667 0.682000 0.020000 0.029000
5 0.247000 0.682000 0.002000 0.029000
12 0.238333 0.682000 0.010000 0.029000
14 0.220333 0.682000 0.011333 0.029000
3 0.207333 0.682000 0.010667 0.029000
26 0.193333 0.682000 0.010667 0.029000
13 0.179000 0.682750 0.016667 0.028500
0 0.758667 0.700500 0.013333 0.026000
26 0.742000 0.700500 0.014667 0.026000
13 0.724667 0.700500 0.014667 0.026000
0 0.699667 0.700500 0.016667 0.026000
26 0.682667 0.700500 0.016000 0.026000
1 0.657667 0.701500 0.006000 0.026000
16 0.647000 0.701500 0.006000 0.026000
9 0.641333 0.701500 0.005333 0.026000
11 0.628667 0.701500 0.010667 0.026000
13 0.612667 0.701500 0.008000 0.026000
12 0.589333 0.701500 0.010667 0.026000
3 0.573000 0.701500 0.012667 0.026000
1 0.554333 0.701500 0.011333 0.026000
24 0.537000 0.701500 0.020667 0.026000
1 0.509667 0.701500 0.015333 0.026000
13 0.491333 0.702500 0.017333 0.026000
1 0.470667 0.702500 0.010667 0.026000
25 0.453667 0.702500 0.014000 0.026000
1 0.432000 0.702500 0.016000 0.026000
26 0.409333 0.702500 0.014667 0.026000
10 0.392667 0.702500 0.013333 0.026000
1 0.367000 0.702500 0.011333 0.026000
1 0.347667 0.702500 0.011333 0.026000
9 0.335000 0.703000 0.014000 0.026000
26 0.310000 0.703000 0.014667 0.026000
10 0.291333 0.703000 0.017333 0.026000
5 0.269667 0.703000 0.006000 0.026000
1 0.257333 0.703000 0.009333 0.026000
12 0.245667 0.703000 0.012667 0.026000
11 0.222000 0.703000 0.017333 0.026000
26 0.197000 0.703000 0.015333 0.026000
10 0.180667 0.704000 0.014667 0.026000
1 0.760667 0.721250 0.009333 0.029500
3 0.745667 0.721250 0.012667 0.029500
24 0.723333 0.721250 0.014667 0.029500
10 0.700333 0.721250 0.024667 0.029500
5 0.682333 0.721250 0.007333 0.029500
1 0.672000 0.721250 0.009333 0.029500
25 0.657000 0.721250 0.014000 0.029500
11 0.635000 0.721250 0.014000 0.029500
1 0.620000 0.722250 0.012000 0.029500
10 0.602333 0.722250 0.015333 0.029500
5 0.581333 0.722250 0.004000 0.029500
1 0.571333 0.722250 0.009333 0.029500
23 0.557667 0.722250 0.011333 0.029500
5 0.542667 0.722250 0.009333 0.029500
14 0.535333 0.722250 0.008000 0.029500
10 0.516000 0.722250 0.018667 0.029500
5 0.496000 0.722250 0.008000 0.029500
11 0.484333 0.722250 0.010000 0.029500
26 0.465333 0.722250 0.013333 0.029500
1 0.447000 0.722250 0.014000 0.029500
26 0.428333 0.722250 0.014000 0.029500
13 0.401333 0.723250 0.029333 0.029500
18 0.379333 0.723250 0.010667 0.029500
12 0.351667 0.723250 0.031333 0.029500
14 0.325667 0.723250 0.014000 0.029500
6 0.307667 0.723250 0.010000 0.029500
5 0.299667 0.723250 0.006000 0.029500
6 0.292667 0.723250 0.005333 0.029500
5 0.284667 0.723250 0.008000 0.029500
26 0.267000 0.723250 0.020667 0.029500
1 0.244667 0.723250 0.009333 0.029500
9 0.229333 0.723250 0.014667 0.029500
26 0.200667 0.723250 0.017333 0.029500
10 0.182667 0.724000 0.016000 0.029000
5 0.759000 0.738750 0.003333 0.029500
1 0.749333 0.738750 0.009333 0.029500
25 0.736333 0.738750 0.012667 0.029500
18 0.715000 0.738750 0.014000 0.029500
24 0.699667 0.738750 0.011333 0.029500
9 0.686000 0.738750 0.009333 0.029500
10 0.672667 0.739750 0.014667 0.029500
12 0.653333 0.739750 0.009333 0.029500
14 0.635667 0.739750 0.015333 0.029500
18 0.615000 0.739750 0.012667 0.029500
15 0.602000 0.739750 0.010667 0.029500
9 0.586000 0.739750 0.005333 0.029500
24 0.571667 0.739750 0.011333 0.029500
1 0.553000 0.739750 0.011333 0.029500
5 0.543333 0.739750 0.005333 0.029500
9 0.526000 0.739750 0.005333 0.029500
14 0.514000 0.739750 0.009333 0.029500
9 0.500667 0.740250 0.008000 0.029500
11 0.490000 0.740250 0.010667 0.029500
13 0.471333 0.740250 0.009333 0.029500
5 0.456000 0.740250 0.009333 0.029500
9 0.445667 0.740250 0.007333 0.029500
14 0.436000 0.740250 0.008000 0.029500
9 0.422667 0.740250 0.012000 0.029500
1 0.405333 0.740250 0.012000 0.029500
16 0.392667 0.740250 0.006667 0.029500
9 0.386333 0.740250 0.006000 0.029500
11 0.376000 0.740250 0.010667 0.029500
13 0.357333 0.740250 0.014667 0.029500
18 0.334667 0.741250 0.006667 0.029500
12 0.312333 0.741250 0.026000 0.029500
4 0.279000 0.741250 0.022000 0.029500
0 0.253667 0.741250 0.012667 0.029500
3 0.239000 0.741250 0.014000 0.029500
14 0.213667 0.741250 0.018000 0.029500
4 0.184000 0.742250 0.026667 0.029500
0 0.752333 0.757500 0.006000 0.027000
25 0.737667 0.757500 0.011333 0.027000
24 0.721333 0.757500 0.008000 0.027000
16 0.703000 0.757500 0.004667 0.027000
25 0.693333 0.758250 0.010667 0.026500
1 0.672333 0.758250 0.012667 0.026500
18 0.662333 0.758250 0.006000 0.026500
9 0.637333 0.758250 0.006667 0.026500
4 0.627000 0.758250 0.008667 0.026500
5 0.614333 0.758250 0.008667 0.026500
4 0.602333 0.758250 0.012667 0.026500
12 0.580000 0.758250 0.008000 0.026500
0 0.565667 0.759000 0.011333 0.027000
1 0.548333 0.759000 0.014000 0.027000
26 0.528333 0.759000 0.012667 0.027000
9 0.514333 0.759000 0.010000 0.027000
11 0.500667 0.759000 0.010667 0.027000
13 0.478667 0.759000 0.024000 0.027000
12 0.456000 0.759000 0.012000 0.027000
26 0.438333 0.760000 0.012667 0.027000
26 0.411667 0.760000 0.028667 0.027000
12 0.388000 0.760000 0.013333 0.027000
4 0.369000 0.760000 0.012667 0.027000
13 0.341667 0.760000 0.030000 0.027000
11 0.317000 0.760750 0.015333 0.026500
9 0.305333 0.760750 0.005333 0.026500
14 0.291333 0.760750 0.017333 0.026500
9 0.278333 0.760750 0.004667 0.026500
4 0.255667 0.760750 0.006000 0.026500
25 0.238333 0.760750 0.015333 0.026500
14 0.214333 0.760750 0.015333 0.026500
9 0.197000 0.760750 0.010000 0.026500
13 0.187667 0.761500 0.006000 0.027000
18 0.748333 0.770250 0.030000 0.021500
12 0.733000 0.772500 0.004667 0.019000
4 0.721000 0.773000 0.012667 0.020000
0 0.703667 0.774500 0.015333 0.020000
24 0.691667 0.776500 0.014000 0.020000
21 0.672000 0.778500 0.022667 0.021000
