25 0.679667 0.405500 0.006000 0.019000
9 0.672000 0.405500 0.006667 0.019000
14 0.664667 0.405500 0.008000 0.019000
5 0.656000 0.406000 0.006667 0.019000
18 0.647000 0.406000 0.012667 0.019000
9 0.631000 0.406000 0.006000 0.019000
25 0.623667 0.406000 0.007333 0.019000
9 0.616000 0.406000 0.008000 0.019000
24 0.605667 0.407000 0.008667 0.019000
0 0.596667 0.407000 0.008000 0.019000
12 0.580667 0.407000 0.018667 0.019000
9 0.563667 0.408000 0.004667 0.019000
4 0.556000 0.408000 0.008000 0.019000
5 0.548000 0.408000 0.008000 0.019000
4 0.537000 0.408000 0.011333 0.019000
0 0.522000 0.408750 0.012000 0.019500
12 0.507000 0.408750 0.011333 0.019500
4 0.492667 0.408750 0.010667 0.019500
9 0.482000 0.409500 0.008000 0.019000
16 0.476333 0.409500 0.006000 0.019000
5 0.471000 0.409500 0.007333 0.019000
9 0.459667 0.409500 0.004667 0.019000
4 0.450667 0.409500 0.008000 0.019000
5 0.443333 0.409500 0.006667 0.019000
4 0.433000 0.410500 0.011333 0.019000
0 0.415000 0.410500 0.012667 0.019000
6 0.402333 0.410500 0.012667 0.019000
5 0.352667 0.411500 0.005333 0.019000
0 0.343667 0.412250 0.012667 0.019500
4 0.331000 0.412250 0.012667 0.019500
1 0.318667 0.412250 0.012000 0.019500
26 0.305333 0.413000 0.014667 0.019000
0 0.284000 0.413000 0.012000 0.019000
26 0.269000 0.414000 0.018000 0.019000
9 0.682333 0.417750 0.004667 0.021500
4 0.674667 0.417750 0.008000 0.021500
5 0.664667 0.417750 0.008000 0.021500
4 0.652000 0.418750 0.017333 0.021500
0 0.634000 0.418750 0.009333 0.021500
12 0.620667 0.418750 0.010667 0.021500
4 0.608667 0.419750 0.009333 0.021500
9 0.600333 0.419750 0.007333 0.021500
10 0.592333 0.419750 0.008667 0.021500
1 0.574333 0.420500 0.010000 0.022000
11 0.563333 0.420500 0.009333 0.022000
12 0.549333 0.420500 0.017333 0.022000
12 0.533333 0.421250 0.009333 0.021500
1 0.522667 0.421250 0.010667 0.021500
1 0.509333 0.421250 0.009333 0.021500
10 0.499000 0.422250 0.011333 0.021500
5 0.483667 0.422250 0.004667 0.021500
1 0.476333 0.422250 0.008667 0.021500
11 0.467333 0.422250 0.008000 0.021500
12 0.452667 0.423000 0.016000 0.022000
16 0.435667 0.423000 0.003333 0.022000
20 0.429000 0.423000 0.008667 0.022000
25 0.415667 0.423750 0.011333 0.021500
10 0.400000 0.423750 0.008000 0.021500
5 0.385000 0.423750 0.003333 0.021500
1 0.378000 0.424750 0.008000 0.021500
11 0.365333 0.424750 0.010667 0.021500
12 0.355000 0.424750 0.006000 0.021500
14 0.336000 0.425750 0.013333 0.021500
0 0.323333 0.425750 0.012000 0.021500
3 0.311667 0.425750 0.011333 0.021500
10 0.301333 0.426500 0.009333 0.022000
5 0.287667 0.426500 0.004667 0.022000
4 0.278667 0.426500 0.010667 0.022000
9 0.266000 0.426500 0.008000 0.022000
5 0.262667 0.427250 0.005333 0.021500
4 0.682000 0.431250 0.008000 0.022500
3 0.670667 0.431250 0.009333 0.022500
1 0.661333 0.431250 0.008000 0.022500
24 0.652000 0.431250 0.008000 0.022500
9 0.643333 0.432250 0.006667 0.022500
13 0.634333 0.432250 0.012667 0.022500
4 0.618333 0.432250 0.006000 0.022500
0 0.605333 0.433250 0.009333 0.022500
12 0.595333 0.433250 0.010667 0.022500
4 0.580000 0.433750 0.008000 0.022500
0 0.565333 0.433750 0.005333 0.022500
25 0.552667 0.433750 0.010667 0.022500
24 0.539333 0.434750 0.006667 0.022500
0 0.525000 0.434750 0.006000 0.022500
16 0.514667 0.434750 0.008000 0.022500
11 0.507000 0.435750 0.007333 0.022500
9 0.499333 0.435750 0.005333 0.022500
14 0.488000 0.435750 0.008000 0.022500
22 0.473333 0.436250 0.012000 0.022500
5 0.463000 0.436250 0.007333 0.022500
10 0.457333 0.436250 0.009333 0.022500
4 0.443667 0.436250 0.004667 0.022500
9 0.436000 0.437250 0.005333 0.022500
5 0.431333 0.437250 0.005333 0.022500
13 0.423000 0.437250 0.006000 0.022500
18 0.405667 0.437250 0.006000 0.022500
12 0.395667 0.438250 0.006000 0.022500
12 0.378000 0.438250 0.008000 0.022500
1 0.367667 0.439250 0.010000 0.022500
1 0.354667 0.439250 0.009333 0.022500
10 0.343667 0.439250 0.012667 0.022500
5 0.328333 0.439750 0.006000 0.022500
25 0.317333 0.439750 0.016000 0.022500
16 0.306000 0.439750 0.006667 0.022500
16 0.299000 0.440750 0.007333 0.022500
26 0.285000 0.440250 0.020667 0.023500
13 0.269000 0.441750 0.014000 0.022500
12 0.683667 0.445750 0.011333 0.023500
1 0.668000 0.445750 0.010667 0.023500
16 0.659333 0.445750 0.006667 0.023500
9 0.654333 0.446250 0.006000 0.023500
10 0.645667 0.446250 0.014000 0.023500
5 0.633333 0.446250 0.005333 0.023500
3 0.625333 0.446250 0.008000 0.023500
1 0.612667 0.447250 0.010667 0.023500
24 0.598333 0.447250 0.011333 0.023500
26 0.583000 0.448250 0.014000 0.023500
1 0.564667 0.448250 0.012000 0.023500
13 0.552000 0.449000 0.012000 0.023000
1 0.537000 0.449000 0.011333 0.023000
25 0.522667 0.449750 0.010667 0.023500
1 0.509667 0.449750 0.010000 0.023500
26 0.497667 0.449750 0.008667 0.023500
10 0.487000 0.450750 0.012667 0.023500
1 0.472333 0.450750 0.014000 0.023500
1 0.459000 0.451750 0.008667 0.023500
9 0.450667 0.451750 0.008000 0.023500
26 0.440000 0.451750 0.009333 0.023500
10 0.425000 0.452000 0.018000 0.024000
5 0.410333 0.452500 0.003333 0.023000
1 0.403333 0.452500 0.008000 0.023000
12 0.391000 0.453250 0.010000 0.023500
11 0.374667 0.453250 0.014667 0.023500
26 0.353667 0.454250 0.012667 0.023500
5 0.341000 0.454250 0.012667 0.023500
1 0.322333 0.455250 0.011333 0.023500
3 0.305333 0.455250 0.014667 0.023500
24 0.284000 0.456000 0.013333 0.023000
15 0.269000 0.456750 0.016667 0.023500
5 0.689000 0.459250 0.003333 0.023500
1 0.682000 0.459250 0.008000 0.023500
25 0.670333 0.460250 0.010000 0.023500
11 0.656333 0.460250 0.010000 0.023500
1 0.644333 0.460250 0.008667 0.023500
10 0.634667 0.461250 0.010667 0.023500
5 0.619667 0.461250 0.003333 0.023500
1 0.612667 0.461250 0.008000 0.023500
23 0.601000 0.462000 0.010000 0.023000
5 0.589000 0.462000 0.007333 0.023000
14 0.584667 0.462000 0.008000 0.023000
10 0.568333 0.462000 0.014000 0.023000
5 0.551000 0.462750 0.004667 0.023500
12 0.543333 0.462750 0.008000 0.023500
25 0.531667 0.462750 0.010000 0.023500
24 0.518000 0.463750 0.010667 0.023500
26 0.503667 0.463750 0.011333 0.023500
13 0.490000 0.463750 0.008000 0.023500
12 0.473333 0.464750 0.006667 0.023500
0 0.459333 0.464750 0.009333 0.023500
5 0.452000 0.464750 0.008000 0.023500
26 0.443000 0.465500 0.006000 0.023000
18 0.424333 0.465500 0.006000 0.023000
12 0.412333 0.466250 0.007333 0.023500
9 0.396333 0.466250 0.004667 0.023500
3 0.387333 0.466250 0.008000 0.023500
10 0.377000 0.466250 0.006000 0.023500
5 0.359667 0.467250 0.006000 0.023500
4 0.348667 0.467250 0.009333 0.023500
9 0.340667 0.467250 0.006667 0.023500
5 0.334333 0.468250 0.006000 0.023500
12 0.320333 0.468250 0.012667 0.023500
8 0.305333 0.468250 0.010667 0.023500
8 0.294000 0.469000 0.010667 0.023000
20 0.280000 0.469000 0.010667 0.023000
26 0.267667 0.469750 0.014000 0.023500
1 0.690000 0.473750 0.010667 0.020500
9 0.680000 0.473750 0.006667 0.020500
15 0.671667 0.474500 0.012667 0.021000
18 0.657667 0.474500 0.012667 0.021000
9 0.649000 0.474500 0.004667 0.021000
16 0.643333 0.474500 0.006667 0.021000
10 0.634000 0.475500 0.012000 0.021000
5 0.617000 0.475500 0.006000 0.021000
11 0.607333 0.475500 0.012000 0.021000
26 0.594000 0.476250 0.014667 0.020500
1 0.579667 0.476250 0.011333 0.020500
26 0.566000 0.476250 0.016000 0.020500
13 0.551000 0.477250 0.011333 0.020500
18 0.537000 0.477250 0.007333 0.020500
12 0.522667 0.478000 0.008000 0.021000
14 0.503333 0.478000 0.006667 0.021000
6 0.489000 0.478000 0.008667 0.021000
6 0.484333 0.478000 0.006000 0.021000
5 0.476333 0.479000 0.008667 0.021000
26 0.466000 0.479000 0.005333 0.021000
1 0.444000 0.479750 0.004000 0.020500
9 0.436000 0.479750 0.010667 0.020500
26 0.415667 0.479750 0.014000 0.020500
10 0.403000 0.480750 0.007333 0.020500
5 0.384667 0.480750 0.009333 0.020500
1 0.376000 0.480750 0.008000 0.020500
25 0.363000 0.481500 0.012667 0.021000
18 0.344667 0.481500 0.013333 0.021000
24 0.336000 0.482500 0.006667 0.021000
5 0.613667 0.490250 0.006000 0.020500
4 0.603333 0.491000 0.013333 0.021000
9 0.594000 0.491000 0.005333 0.021000
4 0.584333 0.491000 0.014000 0.021000
0 0.565000 0.491000 0.012667 0.021000
13 0.552333 0.492000 0.012667 0.021000
25 0.536667 0.492000 0.009333 0.021000
14 0.523667 0.492000 0.010000 0.021000
18 0.509333 0.492750 0.016000 0.020500
26 0.493667 0.492750 0.008667 0.020500
25 0.481000 0.492750 0.010000 0.020500
14 0.467667 0.492750 0.011333 0.020500
18 0.453333 0.493500 0.010667 0.021000
5 0.443333 0.493500 0.009333 0.021000
0 0.432000 0.493500 0.006667 0.021000
12 0.419333 0.493500 0.006667 0.021000
14 0.404000 0.494500 0.006667 0.021000
22 0.389667 0.494500 0.010000 0.021000
5 0.379333 0.494500 0.008000 0.021000
26 0.368667 0.494500 0.008000 0.021000
9 0.361667 0.495500 0.004667 0.021000
0 0.349333 0.495500 0.008000 0.021000
25 0.336000 0.495500 0.012000 0.021000
24 0.317333 0.496250 0.018667 0.020500
0 0.299000 0.496250 0.014000 0.020500
16 0.285333 0.496250 0.009333 0.020500
11 0.275333 0.496250 0.008000 0.020500
9 0.269333 0.497000 0.008000 0.021000
14 0.691333 0.502500 0.008000 0.019000
22 0.676000 0.503000 0.010667 0.019000
5 0.665000 0.503000 0.007333 0.019000
4 0.655667 0.503000 0.011333 0.019000
0 0.639000 0.503000 0.012667 0.019000
26 0.626333 0.504000 0.010000 0.019000
11 0.615000 0.504000 0.010000 0.019000
13 0.602667 0.504000 0.012000 0.019000
4 0.586000 0.504000 0.010667 0.019000
9 0.574333 0.505000 0.006000 0.019000
5 0.570333 0.505000 0.004667 0.019000
13 0.561000 0.505000 0.011333 0.019000
12 0.541667 0.505000 0.011333 0.019000
0 0.521333 0.505750 0.013333 0.019500
4 0.510000 0.505750 0.008000 0.019500
1 0.500667 0.505750 0.008000 0.019500
4 0.484000 0.505750 0.018667 0.019500
0 0.468667 0.506500 0.006667 0.019000
26 0.453667 0.506500 0.014000 0.019000
9 0.438333 0.506500 0.006000 0.019000
4 0.429667 0.506500 0.007333 0.019000
5 0.420333 0.507500 0.007333 0.019000
4 0.407667 0.507500 0.014000 0.019000
0 0.394000 0.507500 0.009333 0.019000
12 0.381333 0.507500 0.009333 0.019000
4 0.367333 0.508500 0.009333 0.019000
9 0.357333 0.508500 0.005333 0.019000
11 0.351000 0.508500 0.007333 0.019000
13 0.336667 0.508500 0.014667 0.019000
5 0.320333 0.508500 0.006000 0.019000
12 0.311667 0.509000 0.007333 0.019000
18 0.300000 0.509000 0.009333 0.019000
1 0.286333 0.509000 0.008667 0.019000
3 0.274000 0.509000 0.008000 0.019000
5 0.266667 0.510000 0.006667 0.019000
1 0.691000 0.515250 0.012667 0.020500
11 0.677000 0.516250 0.012667 0.020500
12 0.661000 0.516250 0.019333 0.020500
12 0.641333 0.516250 0.010667 0.020500
1 0.626333 0.517000 0.010000 0.021000
1 0.615000 0.517000 0.010000 0.021000
11 0.601333 0.517000 0.009333 0.021000
13 0.588000 0.518000 0.017333 0.021000
5 0.574333 0.518000 0.006000 0.021000
1 0.566000 0.518000 0.009333 0.021000
11 0.553333 0.518750 0.009333 0.020500
12 0.541667 0.518750 0.014000 0.020500
16 0.529333 0.518750 0.005333 0.020500
20 0.522667 0.518750 0.008000 0.020500
25 0.511000 0.519500 0.010000 0.021000
11 0.496000 0.519500 0.010667 0.021000
13 0.484333 0.519500 0.012667 0.021000
5 0.469333 0.520500 0.004000 0.021000
16 0.464000 0.520500 0.006667 0.021000
26 0.451667 0.520500 0.011333 0.021000
26 0.436000 0.520500 0.010667 0.021000
9 0.427333 0.521250 0.006667 0.020500
14 0.415667 0.521250 0.008667 0.020500
8 0.402333 0.521250 0.010000 0.020500
24 0.388000 0.522250 0.016000 0.020500
0 0.368333 0.522250 0.008667 0.020500
24 0.356333 0.522250 0.010000 0.020500
22 0.340667 0.523000 0.012000 0.021000
11 0.329333 0.523000 0.009333 0.021000
13 0.317667 0.523000 0.011333 0.021000
1 0.302000 0.524000 0.008000 0.021000
18 0.292000 0.524000 0.009333 0.021000
26 0.278667 0.524000 0.010667 0.021000
5 0.269000 0.524750 0.008667 0.020500
9 0.693667 0.532250 0.004667 0.021500
5 0.687000 0.532250 0.007333 0.021500
24 0.679000 0.532250 0.008667 0.021500
4 0.663333 0.533000 0.014667 0.022000
5 0.646333 0.533000 0.004667 0.022000
14 0.639667 0.533000 0.008667 0.022000
12 0.623667 0.533750 0.011333 0.021500
23 0.611333 0.533750 0.010667 0.021500
5 0.601000 0.533750 0.008667 0.021500
25 0.585333 0.533750 0.022667 0.021500
5 0.571000 0.534750 0.003333 0.021500
0 0.563333 0.534750 0.009333 0.021500
17 0.550333 0.534750 0.010000 0.021500
20 0.539333 0.534750 0.009333 0.021500
26 0.525333 0.535750 0.016000 0.021500
3 0.510333 0.535750 0.008667 0.021500
2 0.497333 0.535750 0.008000 0.021500
16 0.492333 0.535750 0.006000 0.021500
10 0.481667 0.535750 0.011333 0.021500
5 0.464667 0.536500 0.008000 0.022000
26 0.452000 0.536500 0.010667 0.022000
9 0.441667 0.536500 0.008667 0.022000
24 0.431333 0.536500 0.010667 0.022000
25 0.414333 0.537250 0.011333 0.021500
10 0.401667 0.537250 0.014000 0.021500
5 0.387000 0.537250 0.004667 0.021500
9 0.381667 0.537250 0.006000 0.021500
22 0.372333 0.538250 0.012667 0.021500
4 0.356667 0.538250 0.016000 0.021500
24 0.338333 0.538250 0.020667 0.021500
10 0.322667 0.538250 0.010667 0.021500
5 0.309000 0.539250 0.003333 0.021500
16 0.302000 0.539250 0.008000 0.021500
26 0.291667 0.539250 0.010000 0.021500
26 0.275333 0.539250 0.010667 0.021500
9 0.269000 0.540000 0.007333 0.022000
18 0.692667 0.547250 0.009333 0.022500
25 0.679667 0.547250 0.010000 0.022500
1 0.665667 0.547250 0.015333 0.022500
1 0.648000 0.548250 0.009333 0.022500
25 0.635667 0.548250 0.010000 0.022500
3 0.619667 0.548250 0.012667 0.022500
10 0.603333 0.548250 0.013333 0.022500
12 0.586000 0.549250 0.005333 0.022500
1 0.572000 0.549250 0.010667 0.022500
4 0.562000 0.549250 0.008000 0.022500
14 0.550333 0.549250 0.010000 0.022500
26 0.535667 0.549750 0.011333 0.022500
10 0.522667 0.549750 0.008000 0.022500
5 0.507667 0.549750 0.006000 0.022500
0 0.497667 0.549750 0.008667 0.022500
11 0.486667 0.550750 0.010667 0.022500
12 0.472333 0.550750 0.011333 0.022500
26 0.456000 0.550750 0.016000 0.022500
5 0.437000 0.550750 0.003333 0.022500
25 0.429000 0.551750 0.010000 0.022500
1 0.411667 0.551750 0.010000 0.022500
18 0.401333 0.551750 0.010667 0.022500
26 0.387333 0.551750 0.008000 0.022500
4 0.362000 0.552750 0.005333 0.022500
25 0.348000 0.552750 0.010667 0.022500
14 0.333667 0.552750 0.011333 0.022500
24 0.317667 0.553250 0.011333 0.022500
5 0.306000 0.553250 0.006667 0.022500
12 0.296333 0.553250 0.006000 0.022500
11 0.281667 0.553250 0.011333 0.022500
13 0.269333 0.554250 0.008000 0.022500
3 0.280333 0.486750 0.004667 0.013500
9 0.276333 0.486750 0.006000 0.013500
24 0.267667 0.487250 0.011333 0.014500
20 0.694000 0.562000 0.006667 0.019000
15 0.682333 0.562000 0.011333 0.019000
9 0.672667 0.563000 0.004000 0.019000
20 0.664000 0.563000 0.009333 0.019000
26 0.651667 0.563000 0.012667 0.019000
4 0.638667 0.563000 0.009333 0.019000
12 0.622333 0.563000 0.007333 0.019000
1 0.608667 0.564000 0.009333 0.019000
1 0.597000 0.564000 0.008667 0.019000
11 0.583667 0.564000 0.008667 0.019000
13 0.572667 0.564000 0.012000 0.019000
5 0.557000 0.564000 0.003333 0.019000
17 0.550667 0.564000 0.006667 0.019000
24 0.535667 0.564500 0.011333 0.019000
26 0.519000 0.564500 0.010000 0.019000
13 0.505333 0.564500 0.014667 0.019000
5 0.489000 0.564500 0.003333 0.019000
18 0.482667 0.564500 0.006667 0.019000
1 0.471000 0.565500 0.007333 0.019000
3 0.460333 0.565500 0.012667 0.019000
26 0.434333 0.565500 0.014000 0.019000
13 0.419667 0.565500 0.015333 0.019000
0 0.400667 0.566500 0.006667 0.019000
12 0.385667 0.566500 0.016667 0.019000
4 0.352000 0.566500 0.018667 0.019000
9 0.339333 0.566500 0.006667 0.019000
13 0.329667 0.567250 0.012667 0.019500
0 0.314667 0.567250 0.013333 0.019500
6 0.303667 0.567250 0.004667 0.019500
5 0.296667 0.567250 0.006667 0.019500
24 0.286000 0.567250 0.008000 0.019500
9 0.274667 0.567250 0.006667 0.019500
13 0.266667 0.568000 0.009333 0.019000
5 0.694667 0.574750 0.008000 0.023500
4 0.684000 0.574750 0.008000 0.023500
25 0.671333 0.575500 0.014667 0.023000
26 0.644333 0.575500 0.016667 0.023000
6 0.631000 0.575500 0.010000 0.023000
9 0.622333 0.575500 0.007333 0.023000
5 0.617667 0.575500 0.004667 0.023000
9 0.612667 0.576250 0.008000 0.023500
26 0.600000 0.576250 0.010667 0.023500
13 0.585667 0.576250 0.014000 0.023500
12 0.565000 0.576250 0.012667 0.023500
4 0.548333 0.577250 0.011333 0.023500
13 0.534000 0.577250 0.014667 0.023500
5 0.517667 0.577250 0.006000 0.023500
6 0.511667 0.577250 0.014000 0.023500
4 0.476000 0.578250 0.025333 0.023500
0 0.454000 0.578250 0.009333 0.023500
19 0.441667 0.578750 0.012667 0.023500
9 0.426333 0.578750 0.004667 0.023500
4 0.418000 0.578750 0.006667 0.023500
5 0.410667 0.578750 0.008000 0.023500
4 0.400000 0.578750 0.005333 0.023500
1 0.383667 0.578750 0.004667 0.023500
11 0.373667 0.579750 0.010000 0.023500
13 0.360333 0.579750 0.007333 0.023500
5 0.344333 0.579750 0.004667 0.023500
18 0.336000 0.579750 0.009333 0.023500
22 0.322667 0.580750 0.010667 0.023500
24 0.308333 0.580750 0.016667 0.023500
0 0.286000 0.580750 0.008000 0.023500
26 0.270667 0.581500 0.008000 0.023000
4 0.692333 0.588750 0.012667 0.022500
25 0.676667 0.589750 0.012000 0.022500
14 0.661000 0.589750 0.012667 0.022500
9 0.648000 0.589750 0.009333 0.022500
13 0.637667 0.589750 0.012667 0.022500
5 0.622333 0.590750 0.007333 0.022500
12 0.613333 0.590750 0.009333 0.022500
0 0.591333 0.590750 0.028000 0.022500
9 0.577333 0.590750 0.004000 0.022500
4 0.570333 0.590750 0.007333 0.022500
9 0.562667 0.591500 0.008000 0.023000
4 0.552000 0.591500 0.012000 0.023000
14 0.536667 0.591500 0.009333 0.023000
8 0.523000 0.591500 0.011333 0.023000
24 0.506667 0.592250 0.016000 0.022500
5 0.491000 0.592250 0.004667 0.022500
4 0.481000 0.592250 0.010000 0.022500
0 0.465333 0.592250 0.012000 0.022500
3 0.452000 0.592250 0.010667 0.022500
14 0.439333 0.593250 0.010667 0.022500
4 0.422667 0.593250 0.016000 0.022500
12 0.403000 0.593250 0.011333 0.022500
0 0.386333 0.594250 0.015333 0.022500
26 0.367667 0.594250 0.006000 0.022500
26 0.355000 0.594250 0.010000 0.022500
15 0.344667 0.594250 0.005333 0.022500
0 0.328333 0.594250 0.006000 0.022500
26 0.318333 0.594750 0.006000 0.022500
9 0.303667 0.594750 0.004667 0.022500
1 0.295667 0.594750 0.007333 0.022500
5 0.288000 0.594750 0.005333 0.022500
12 0.281333 0.594750 0.008000 0.022500
4 0.270000 0.595750 0.006667 0.022500
5 0.694333 0.603000 0.003333 0.020000
0 0.687000 0.603000 0.007333 0.020000
1 0.675333 0.604000 0.009333 0.020000
3 0.662667 0.604000 0.009333 0.020000
26 0.648333 0.604000 0.010000 0.020000
13 0.633667 0.604000 0.012667 0.020000
14 0.616000 0.604000 0.008000 0.020000
4 0.600333 0.605000 0.011333 0.020000
24 0.584667 0.605000 0.010667 0.020000
4 0.571667 0.605000 0.011333 0.020000
14 0.556000 0.605000 0.005333 0.020000
18 0.541000 0.605000 0.010000 0.020000
12 0.529333 0.605000 0.005333 0.020000
4 0.510333 0.605750 0.004667 0.019500
0 0.498000 0.605750 0.008000 0.019500
24 0.486000 0.605750 0.009333 0.019500
21 0.472333 0.605750 0.007333 0.019500
4 0.454333 0.605750 0.003333 0.019500
8 0.445333 0.605750 0.008000 0.019500
1 0.430667 0.606500 0.009333 0.020000
4 0.421667 0.606500 0.004667 0.020000
0 0.404667 0.606500 0.008000 0.020000
25 0.394333 0.606500 0.008667 0.020000
24 0.379000 0.606500 0.014000 0.020000
9 0.364333 0.606500 0.003333 0.020000
4 0.357333 0.606500 0.005333 0.020000
5 0.348667 0.607500 0.006667 0.020000
4 0.339333 0.607500 0.009333 0.020000
16 0.329000 0.607500 0.007333 0.020000
26 0.320000 0.607500 0.006667 0.020000
15 0.309333 0.607500 0.009333 0.020000
12 0.294333 0.607500 0.011333 0.020000
11 0.280000 0.607500 0.008000 0.020000
13 0.269000 0.608500 0.011333 0.020000
5 0.697667 0.617750 0.004667 0.021500
25 0.689333 0.618750 0.009333 0.021500
11 0.673667 0.618750 0.010000 0.021500
5 0.665000 0.618750 0.007333 0.021500
26 0.657000 0.618750 0.008667 0.021500
13 0.644333 0.618750 0.007333 0.021500
0 0.626000 0.619750 0.006667 0.021500
26 0.612667 0.619750 0.008000 0.021500
3 0.594000 0.619750 0.008000 0.021500
1 0.581333 0.620500 0.010667 0.022000
24 0.568000 0.620500 0.009333 0.022000
9 0.559000 0.620500 0.011333 0.022000
0 0.545667 0.620500 0.012667 0.022000
12 0.530667 0.621250 0.010667 0.021500
4 0.518333 0.621250 0.011333 0.021500
18 0.504000 0.621250 0.008000 0.021500
12 0.489333 0.621250 0.017333 0.021500
12 0.472667 0.622250 0.008000 0.021500
1 0.460000 0.622250 0.010667 0.021500
1 0.448000 0.622250 0.009333 0.021500
11 0.437667 0.622250 0.008667 0.021500
13 0.424333 0.623250 0.015333 0.021500
5 0.409000 0.623250 0.004667 0.021500
18 0.401333 0.623250 0.008000 0.021500
12 0.388000 0.623250 0.016000 0.021500
16 0.375333 0.623250 0.006667 0.021500
20 0.366667 0.624000 0.008000 0.022000
25 0.356333 0.624000 0.010000 0.022000
11 0.340000 0.624000 0.010667 0.022000
13 0.329000 0.624000 0.014000 0.022000
5 0.319000 0.624000 0.004667 0.022000
12 0.311333 0.624750 0.008000 0.021500
25 0.300667 0.624750 0.008000 0.021500
9 0.295000 0.624750 0.006000 0.021500
24 0.288000 0.624750 0.008000 0.021500
26 0.276667 0.624750 0.008000 0.021500
13 0.268333 0.625750 0.010000 0.021500
0 0.694000 0.633500 0.009333 0.022000
26 0.680667 0.633500 0.008000 0.022000
13 0.669000 0.633500 0.012667 0.022000
12 0.647000 0.634250 0.012667 0.021500
0 0.630000 0.634250 0.010667 0.021500
5 0.620000 0.634250 0.006667 0.021500
26 0.610333 0.634250 0.010000 0.021500
18 0.593000 0.634250 0.006000 0.021500
12 0.578667 0.635250 0.016000 0.021500
9 0.564333 0.635250 0.003333 0.021500
3 0.556667 0.635250 0.009333 0.021500
11 0.540000 0.635250 0.010667 0.021500
13 0.526333 0.635250 0.014000 0.021500
5 0.511000 0.636250 0.003333 0.021500
4 0.503333 0.636250 0.006667 0.021500
9 0.493000 0.636250 0.007333 0.021500
5 0.486667 0.636250 0.004000 0.021500
12 0.474000 0.636250 0.013333 0.021500
8 0.460667 0.636250 0.009333 0.021500
5 0.448000 0.637000 0.006667 0.022000
8 0.442333 0.637000 0.007333 0.022000
20 0.428667 0.637000 0.009333 0.022000
26 0.417000 0.637000 0.011333 0.022000
1 0.400667 0.637000 0.009333 0.022000
9 0.392333 0.637750 0.004667 0.021500
15 0.385000 0.637750 0.006000 0.021500
18 0.372333 0.637750 0.006000 0.021500
9 0.362667 0.637750 0.006667 0.021500
16 0.357000 0.637750 0.004667 0.021500
9 0.352333 0.637750 0.004667 0.021500
11 0.344000 0.637750 0.006667 0.021500
13 0.331333 0.638750 0.013333 0.021500
5 0.319333 0.638750 0.004000 0.021500
12 0.311667 0.638750 0.007333 0.021500
14 0.301333 0.638750 0.006667 0.021500
5 0.295667 0.638750 0.004667 0.021500
3 0.290333 0.638750 0.006000 0.021500
26 0.280000 0.638750 0.008000 0.021500
13 0.269667 0.639500 0.010000 0.022000
0 0.694667 0.647000 0.010667 0.021000
26 0.682333 0.647000 0.011333 0.021000
13 0.669333 0.647750 0.010667 0.020500
0 0.650000 0.647750 0.012000 0.020500
26 0.637333 0.647750 0.012000 0.020500
1 0.622333 0.647750 0.011333 0.020500
16 0.612000 0.648750 0.004000 0.020500
9 0.606333 0.648750 0.004667 0.020500
11 0.599333 0.648750 0.006667 0.020500
13 0.586000 0.648750 0.013333 0.020500
12 0.568667 0.648750 0.008000 0.020500
3 0.556667 0.649500 0.009333 0.021000
1 0.543333 0.649500 0.008000 0.021000
24 0.531000 0.649500 0.014000 0.021000
1 0.511667 0.649500 0.011333 0.021000
13 0.498333 0.650500 0.012667 0.021000
1 0.483333 0.650500 0.008000 0.021000
25 0.472000 0.650500 0.009333 0.021000
1 0.455000 0.650500 0.011333 0.021000
26 0.440000 0.651250 0.009333 0.020500
10 0.427333 0.651250 0.012000 0.020500
1 0.408333 0.651250 0.012667 0.020500
1 0.393667 0.651250 0.007333 0.020500
9 0.386667 0.651250 0.009333 0.020500
26 0.366000 0.652000 0.012000 0.021000
10 0.353000 0.652000 0.012667 0.021000
5 0.337000 0.652000 0.004667 0.021000
1 0.328000 0.652000 0.006667 0.021000
12 0.318667 0.653000 0.009333 0.021000
11 0.301667 0.653000 0.012667 0.021000
26 0.283000 0.653000 0.011333 0.021000
10 0.272333 0.653750 0.011333 0.020500
1 0.696667 0.663750 0.008000 0.021500
3 0.686000 0.663750 0.009333 0.021500
24 0.669333 0.663750 0.010667 0.021500
10 0.654000 0.664750 0.014667 0.021500
5 0.638333 0.664750 0.004667 0.021500
1 0.630667 0.664750 0.006667 0.021500
25 0.618333 0.664750 0.010000 0.021500
11 0.602000 0.664750 0.010667 0.021500
1 0.592000 0.664750 0.008000 0.021500
10 0.579000 0.665500 0.012667 0.022000
5 0.563000 0.665500 0.003333 0.022000
1 0.555333 0.665500 0.006667 0.022000
23 0.545000 0.665500 0.007333 0.022000
5 0.537000 0.665500 0.007333 0.022000
14 0.527667 0.665500 0.007333 0.022000
10 0.516333 0.665500 0.011333 0.022000
5 0.501667 0.665500 0.006000 0.022000
11 0.492667 0.666250 0.010667 0.021500
26 0.479000 0.666250 0.014000 0.021500
1 0.466000 0.666250 0.010667 0.021500
26 0.450667 0.666250 0.017333 0.021500
13 0.432667 0.666250 0.017333 0.021500
18 0.418000 0.667250 0.006667 0.021500
12 0.398000 0.667250 0.024000 0.021500
14 0.378667 0.667250 0.009333 0.021500
6 0.365000 0.667250 0.007333 0.021500
5 0.360333 0.667250 0.004667 0.021500
6 0.354333 0.667250 0.004667 0.021500
5 0.348333 0.667250 0.006000 0.021500
26 0.335667 0.668250 0.012667 0.021500
1 0.320000 0.668250 0.006667 0.021500
9 0.309667 0.668250 0.011333 0.021500
26 0.285000 0.668250 0.014000 0.021500
10 0.273667 0.669000 0.011333 0.022000
5 0.697000 0.676750 0.003333 0.021500
1 0.689333 0.676750 0.006667 0.021500
25 0.679000 0.676750 0.008667 0.021500
18 0.662667 0.676750 0.009333 0.021500
24 0.652667 0.676750 0.009333 0.021500
9 0.639667 0.677750 0.007333 0.021500
10 0.631000 0.677750 0.010000 0.021500
12 0.616667 0.677750 0.009333 0.021500
14 0.602667 0.677750 0.009333 0.021500
18 0.588667 0.677750 0.009333 0.021500
15 0.579333 0.677750 0.008000 0.021500
9 0.567667 0.678500 0.003333 0.022000
24 0.558000 0.678500 0.009333 0.022000
1 0.543333 0.678500 0.008000 0.022000
5 0.535667 0.678500 0.004667 0.022000
9 0.523000 0.678500 0.002000 0.022000
14 0.517333 0.678500 0.006667 0.022000
9 0.504667 0.678500 0.006667 0.022000
11 0.496667 0.678500 0.006667 0.022000
13 0.486333 0.679250 0.004667 0.021500
5 0.472667 0.679250 0.008000 0.021500
9 0.465333 0.679250 0.004000 0.021500
14 0.459000 0.679250 0.006000 0.021500
9 0.448667 0.679250 0.008000 0.021500
1 0.437333 0.679250 0.008000 0.021500
16 0.428333 0.679250 0.004667 0.021500
9 0.422333 0.679250 0.004667 0.021500
11 0.414667 0.680250 0.006667 0.021500
13 0.402333 0.680250 0.012667 0.021500
18 0.385000 0.680250 0.006000 0.021500
12 0.368333 0.680250 0.018000 0.021500
4 0.346333 0.681250 0.016667 0.021500
0 0.328000 0.681250 0.009333 0.021500
3 0.316000 0.681250 0.010667 0.021500
14 0.297667 0.681250 0.014000 0.021500
4 0.275333 0.682000 0.020000 0.022000
18 0.696667 0.699750 0.008000 0.017500
12 0.683333 0.701000 0.016000 0.018000
4 0.668667 0.702000 0.009333 0.018000
0 0.655667 0.702750 0.011333 0.018500
24 0.645000 0.703500 0.010000 0.018000
21 0.631333 0.705500 0.017333 0.018000
0 0.693667 0.691000 0.004667 0.021000
25 0.679667 0.691000 0.010000 0.021000
24 0.667000 0.691000 0.006000 0.021000
16 0.653000 0.692000 0.003333 0.021000
25 0.645333 0.692000 0.006667 0.021000
1 0.632000 0.692000 0.008000 0.021000
18 0.625000 0.692000 0.004667 0.021000
9 0.605667 0.692750 0.003333 0.020500
4 0.598000 0.692750 0.006667 0.020500
5 0.589667 0.692750 0.006000 0.020500
4 0.580333 0.692750 0.010000 0.020500
12 0.563333 0.692750 0.006667 0.020500
0 0.553000 0.693750 0.007333 0.020500
1 0.542000 0.693750 0.010667 0.020500
26 0.524333 0.693750 0.011333 0.020500
9 0.512667 0.693750 0.006667 0.020500
11 0.505667 0.693750 0.007333 0.020500
13 0.491667 0.694500 0.014000 0.021000
12 0.473333 0.694500 0.009333 0.021000
26 0.459000 0.694500 0.010000 0.021000
26 0.443667 0.695500 0.012667 0.021000
12 0.422333 0.695500 0.004667 0.021000
4 0.410000 0.695500 0.009333 0.021000
13 0.396000 0.695500 0.006667 0.021000
11 0.375000 0.696250 0.004667 0.020500
9 0.365000 0.696250 0.007333 0.020500
14 0.356667 0.696250 0.006667 0.020500
9 0.346333 0.696250 0.004667 0.020500
4 0.327667 0.697250 0.004667 0.020500
25 0.313333 0.697250 0.010667 0.020500
14 0.297333 0.697250 0.010667 0.020500
9 0.285333 0.697250 0.009333 0.020500
13 0.275667 0.698000 0.004667 0.021000
