7 0.632667 0.136000 0.009333 0.017000
3 0.607333 0.137250 0.018667 0.018500
25 0.579000 0.139000 0.024667 0.018000
16 0.541667 0.140750 0.020667 0.018500
5 0.523000 0.140750 0.018000 0.018500
26 0.494333 0.142500 0.014000 0.018000
14 0.459667 0.144250 0.011333 0.018500
5 0.431667 0.146000 0.014000 0.018000
14 0.593667 0.155000 0.014000 0.016000
25 0.563333 0.155750 0.025333 0.015500
16 0.526333 0.157750 0.023333 0.015500
26 0.497000 0.159000 0.010000 0.015000
9 0.215667 0.440750 0.004667 0.017500
24 0.207667 0.441750 0.004667 0.017500
25 0.691667 0.366750 0.007333 0.021500
9 0.682333 0.366750 0.007333 0.021500
14 0.674000 0.366750 0.008000 0.021500
18 0.654667 0.365750 0.021333 0.021500
9 0.638000 0.365750 0.004000 0.021500
25 0.630000 0.365750 0.010667 0.021500
24 0.609000 0.365750 0.012667 0.021500
0 0.596333 0.365000 0.010000 0.022000
12 0.579333 0.365000 0.017333 0.022000
9 0.563000 0.365000 0.003333 0.022000
4 0.554667 0.365000 0.008000 0.022000
5 0.543333 0.365000 0.008000 0.022000
4 0.531667 0.365000 0.012667 0.022000
0 0.514000 0.364250 0.009333 0.021500
12 0.498333 0.364250 0.012667 0.021500
4 0.479000 0.364250 0.011333 0.021500
9 0.468000 0.364250 0.008000 0.021500
16 0.461333 0.364250 0.005333 0.021500
5 0.455000 0.364250 0.007333 0.021500
9 0.442333 0.364250 0.002000 0.021500
4 0.434667 0.363250 0.008000 0.021500
5 0.423333 0.363250 0.008000 0.021500
4 0.411667 0.363250 0.012667 0.021500
0 0.389000 0.363250 0.014000 0.021500
7 0.374333 0.363250 0.014000 0.021500
3 0.347667 0.362500 0.036667 0.022000
5 0.315000 0.362500 0.004667 0.022000
0 0.303667 0.362500 0.014000 0.022000
4 0.288667 0.362500 0.013333 0.022000
1 0.275000 0.361500 0.011333 0.022000
26 0.258667 0.361500 0.016000 0.022000
0 0.232333 0.361500 0.014000 0.022000
26 0.213000 0.361500 0.022000 0.022000
9 0.693667 0.382500 0.004667 0.025000
4 0.684000 0.382500 0.008000 0.025000
5 0.674667 0.382500 0.008000 0.025000
4 0.658333 0.382500 0.020667 0.025000
0 0.638000 0.382500 0.008000 0.025000
12 0.623667 0.382500 0.011333 0.025000
4 0.609000 0.382500 0.010000 0.025000
9 0.599667 0.382500 0.006000 0.025000
10 0.587667 0.382500 0.018000 0.025000
1 0.572000 0.381500 0.010667 0.025000
11 0.559333 0.381500 0.010667 0.025000
12 0.543333 0.381500 0.017333 0.025000
12 0.517333 0.381500 0.025333 0.025000
1 0.497667 0.381500 0.011333 0.025000
1 0.485000 0.381500 0.011333 0.025000
10 0.473333 0.381500 0.002667 0.025000
5 0.469000 0.381500 0.004667 0.025000
1 0.458333 0.381500 0.011333 0.025000
11 0.447000 0.380500 0.011333 0.025000
12 0.430000 0.380500 0.017333 0.025000
16 0.411000 0.380500 0.004667 0.025000
20 0.402000 0.380500 0.006667 0.025000
25 0.389667 0.380500 0.012667 0.025000
10 0.369000 0.380500 0.010000 0.025000
5 0.351000 0.380500 0.004667 0.025000
1 0.342333 0.380500 0.008667 0.025000
11 0.327333 0.379750 0.010667 0.025500
12 0.314000 0.379750 0.006667 0.025500
14 0.297333 0.379750 0.008000 0.025500
0 0.278333 0.379750 0.011333 0.025500
3 0.266667 0.379750 0.009333 0.025500
10 0.255667 0.379750 0.006000 0.025500
5 0.235000 0.379750 0.010000 0.025500
4 0.221667 0.379750 0.008667 0.025500
9 0.210667 0.379750 0.008000 0.025500
5 0.205000 0.379750 0.006000 0.025500
4 0.693333 0.398750 0.008000 0.025500
3 0.682667 0.398000 0.009333 0.025000
1 0.670333 0.398000 0.010000 0.025000
24 0.657000 0.398000 0.008667 0.025000
9 0.647667 0.398000 0.007333 0.025000
13 0.636333 0.398000 0.011333 0.025000
4 0.619667 0.398000 0.006000 0.025000
0 0.607333 0.397000 0.009333 0.025000
12 0.595333 0.397000 0.010667 0.025000
4 0.580000 0.397000 0.008000 0.025000
0 0.561667 0.397000 0.006000 0.025000
25 0.548000 0.397000 0.010667 0.025000
24 0.532667 0.397000 0.008000 0.025000
0 0.515000 0.396250 0.007333 0.025500
16 0.505333 0.396250 0.008000 0.025500
11 0.493667 0.396250 0.008667 0.025500
9 0.485667 0.396250 0.006000 0.025500
14 0.471000 0.396250 0.007333 0.025500
22 0.455000 0.396250 0.011333 0.025500
5 0.445667 0.395500 0.007333 0.025000
10 0.437667 0.395500 0.011333 0.025000
4 0.421667 0.395500 0.004667 0.025000
9 0.413000 0.395500 0.006000 0.025000
5 0.407000 0.395500 0.006000 0.025000
13 0.396667 0.395500 0.005333 0.025000
18 0.377000 0.395500 0.006000 0.025000
12 0.366667 0.394500 0.005333 0.025000
12 0.344667 0.394500 0.008000 0.025000
1 0.332000 0.394500 0.010667 0.025000
1 0.316000 0.394500 0.010667 0.025000
10 0.300000 0.394500 0.016000 0.025000
5 0.284667 0.393500 0.004000 0.025000
25 0.276667 0.393500 0.010667 0.025000
16 0.257333 0.393500 0.009333 0.025000
16 0.251333 0.393500 0.010667 0.025000
26 0.228667 0.393500 0.013333 0.025000
13 0.211333 0.393500 0.016000 0.025000
12 0.693333 0.413250 0.010667 0.022500
1 0.677333 0.413250 0.010667 0.022500
16 0.666333 0.413250 0.007333 0.022500
9 0.660333 0.413250 0.004667 0.022500
10 0.649667 0.413250 0.012667 0.022500
5 0.635667 0.413250 0.003333 0.022500
3 0.628000 0.413250 0.009333 0.022500
1 0.612000 0.412250 0.012000 0.022500
24 0.597000 0.412250 0.011333 0.022500
26 0.580333 0.412250 0.012667 0.022500
1 0.559000 0.412250 0.011333 0.022500
13 0.545667 0.412250 0.012667 0.022500
1 0.527667 0.411250 0.004667 0.022500
25 0.513667 0.411250 0.011333 0.022500
1 0.496000 0.411250 0.010667 0.022500
26 0.484000 0.411250 0.009333 0.022500
10 0.468667 0.411250 0.006667 0.022500
1 0.454333 0.410500 0.012667 0.023000
1 0.438000 0.410500 0.008000 0.023000
9 0.430000 0.410500 0.008000 0.023000
26 0.415000 0.410500 0.010000 0.023000
10 0.398333 0.410500 0.016667 0.023000
5 0.379667 0.410500 0.004667 0.023000
1 0.372667 0.409750 0.008000 0.022500
12 0.358000 0.409750 0.012000 0.022500
11 0.337667 0.409750 0.015333 0.022500
26 0.314333 0.409750 0.014000 0.022500
5 0.298333 0.409750 0.012667 0.022500
1 0.274333 0.408750 0.015333 0.022500
3 0.251333 0.408750 0.026667 0.022500
24 0.227000 0.408750 0.019333 0.022500
15 0.209667 0.408750 0.012667 0.022500
5 0.698000 0.431250 0.004000 0.024500
1 0.690000 0.431250 0.008000 0.024500
25 0.677333 0.431250 0.010667 0.024500
11 0.660000 0.431250 0.010667 0.024500
1 0.652000 0.430500 0.008000 0.024000
10 0.638333 0.430500 0.011333 0.024000
5 0.620667 0.430500 0.004000 0.024000
1 0.612667 0.430500 0.008000 0.024000
23 0.600000 0.430500 0.008000 0.024000
5 0.590000 0.430500 0.006667 0.024000
14 0.580667 0.430500 0.009333 0.024000
10 0.564000 0.429500 0.017333 0.024000
5 0.548000 0.429500 0.008000 0.024000
12 0.537333 0.429500 0.008000 0.024000
25 0.524667 0.429500 0.010667 0.024000
24 0.506333 0.429500 0.012667 0.024000
26 0.492667 0.428750 0.010667 0.024500
13 0.474000 0.428750 0.020000 0.024500
12 0.454000 0.428750 0.009333 0.024500
0 0.438333 0.428750 0.010000 0.024500
5 0.428333 0.428750 0.007333 0.024500
26 0.416667 0.427750 0.016000 0.024500
18 0.399000 0.427750 0.006000 0.024500
12 0.375667 0.427750 0.028667 0.024500
9 0.365667 0.427750 0.006000 0.024500
3 0.353333 0.427750 0.009333 0.024500
10 0.343667 0.427000 0.006000 0.024000
5 0.321000 0.427000 0.004667 0.024000
4 0.309333 0.427000 0.009333 0.024000
9 0.297333 0.427000 0.008000 0.024000
5 0.289333 0.427000 0.005333 0.024000
12 0.271333 0.426000 0.012000 0.024000
8 0.255000 0.426000 0.011333 0.024000
8 0.238333 0.426000 0.012667 0.024000
20 0.222333 0.426000 0.010000 0.024000
26 0.207333 0.426000 0.014667 0.024000
1 0.697333 0.445250 0.012000 0.022500
9 0.687667 0.445250 0.006000 0.022500
15 0.677667 0.445250 0.011333 0.022500
18 0.666333 0.445250 0.007333 0.022500
9 0.654667 0.445250 0.006667 0.022500
16 0.649667 0.445250 0.006000 0.022500
10 0.637667 0.445250 0.012667 0.022500
5 0.619000 0.445250 0.004667 0.022500
11 0.610000 0.445250 0.008000 0.022500
26 0.595000 0.445250 0.012667 0.022500
1 0.577000 0.445250 0.012667 0.022500
26 0.561667 0.445250 0.010000 0.022500
13 0.546667 0.445250 0.014667 0.022500
18 0.528667 0.445250 0.006667 0.022500
12 0.514667 0.445250 0.008000 0.022500
14 0.490667 0.445250 0.012000 0.022500
5 0.474667 0.445250 0.009333 0.022500
6 0.467000 0.445250 0.006000 0.022500
5 0.459667 0.445250 0.007333 0.022500
26 0.443667 0.445250 0.020667 0.022500
1 0.425000 0.445250 0.011333 0.022500
9 0.412333 0.445250 0.011333 0.022500
26 0.388667 0.445250 0.014667 0.022500
10 0.372000 0.445250 0.016000 0.022500
5 0.350667 0.445250 0.008000 0.022500
1 0.338000 0.445250 0.008000 0.022500
25 0.326333 0.445250 0.012667 0.022500
18 0.302000 0.445250 0.014667 0.022500
24 0.290000 0.445250 0.006667 0.022500
5 0.615000 0.462000 0.006000 0.023000
4 0.604000 0.461250 0.009333 0.023500
9 0.592667 0.461250 0.008000 0.023500
4 0.582000 0.461250 0.013333 0.023500
0 0.561000 0.461250 0.014000 0.023500
13 0.547000 0.461250 0.012667 0.023500
25 0.528333 0.460250 0.010000 0.023500
14 0.511667 0.460250 0.011333 0.023500
18 0.495333 0.460250 0.018667 0.023500
26 0.478667 0.460250 0.010667 0.023500
25 0.466000 0.460250 0.010667 0.023500
14 0.448333 0.459250 0.012667 0.023500
18 0.431333 0.459250 0.010667 0.023500
5 0.419667 0.459250 0.010000 0.023500
0 0.405667 0.459250 0.006000 0.023500
12 0.394333 0.459250 0.006000 0.023500
14 0.377000 0.459250 0.008667 0.023500
22 0.356333 0.458750 0.012667 0.023500
5 0.344667 0.458750 0.008000 0.023500
26 0.332667 0.458750 0.009333 0.023500
9 0.321667 0.458750 0.006000 0.023500
0 0.306000 0.458750 0.012000 0.023500
25 0.289667 0.458750 0.011333 0.023500
24 0.267667 0.457750 0.020667 0.023500
0 0.244667 0.457750 0.016000 0.023500
16 0.228667 0.457750 0.009333 0.023500
11 0.217667 0.457750 0.008667 0.023500
9 0.207333 0.457750 0.008000 0.023500
14 0.700667 0.477250 0.009333 0.022500
22 0.684667 0.477250 0.012000 0.022500
5 0.673333 0.477250 0.006667 0.022500
4 0.663000 0.477250 0.011333 0.022500
0 0.643667 0.477250 0.010000 0.022500
26 0.629333 0.477250 0.009333 0.022500
11 0.618667 0.476250 0.009333 0.022500
13 0.603333 0.476250 0.013333 0.022500
4 0.585333 0.476250 0.009333 0.022500
9 0.572667 0.476250 0.006667 0.022500
5 0.566333 0.476250 0.006000 0.022500
13 0.551333 0.476250 0.017333 0.022500
12 0.534000 0.476250 0.008000 0.022500
0 0.512667 0.475250 0.013333 0.022500
4 0.497667 0.475250 0.008667 0.022500
1 0.486000 0.475250 0.009333 0.022500
4 0.472333 0.475250 0.007333 0.022500
0 0.447333 0.475250 0.005333 0.022500
26 0.433000 0.475250 0.007333 0.022500
9 0.413000 0.475250 0.003333 0.022500
4 0.404667 0.474750 0.008000 0.022500
5 0.391333 0.474750 0.009333 0.022500
4 0.382333 0.474750 0.004667 0.022500
0 0.360333 0.474750 0.004667 0.022500
12 0.344000 0.474750 0.012000 0.022500
4 0.326333 0.474750 0.010000 0.022500
9 0.315333 0.474750 0.006667 0.022500
11 0.308000 0.473750 0.008000 0.022500
13 0.293333 0.473750 0.006667 0.022500
5 0.272333 0.473750 0.004667 0.022500
12 0.261667 0.473750 0.010000 0.022500
18 0.243667 0.473750 0.011333 0.022500
1 0.228000 0.473750 0.010667 0.022500
3 0.214333 0.473750 0.010000 0.022500
5 0.203333 0.473750 0.006667 0.022500
1 0.701000 0.492250 0.014000 0.021500
11 0.685667 0.492250 0.014000 0.021500
12 0.667000 0.492250 0.022000 0.021500
12 0.637000 0.492250 0.028667 0.021500
1 0.615667 0.492250 0.011333 0.021500
1 0.602000 0.492250 0.010667 0.021500
11 0.588333 0.492250 0.012667 0.021500
13 0.578333 0.492250 0.002000 0.021500
5 0.569667 0.492250 0.003333 0.021500
1 0.561333 0.492250 0.009333 0.021500
11 0.547333 0.492250 0.009333 0.021500
12 0.533000 0.492250 0.015333 0.021500
16 0.519000 0.492250 0.006000 0.021500
20 0.510333 0.492250 0.007333 0.021500
25 0.497000 0.492250 0.010000 0.021500
11 0.481000 0.492250 0.010000 0.021500
13 0.467667 0.492250 0.014000 0.021500
5 0.449667 0.491500 0.003333 0.022000
16 0.443333 0.491500 0.006667 0.022000
26 0.430667 0.491500 0.016000 0.022000
26 0.412000 0.491500 0.018667 0.022000
9 0.399667 0.491500 0.004667 0.022000
14 0.386667 0.491500 0.009333 0.022000
8 0.371333 0.491500 0.010667 0.022000
24 0.353333 0.491500 0.018667 0.022000
0 0.328000 0.491500 0.013333 0.022000
24 0.311333 0.491500 0.014667 0.022000
22 0.294333 0.491500 0.014000 0.022000
11 0.280667 0.491500 0.012000 0.022000
13 0.266333 0.491500 0.012667 0.022000
1 0.245333 0.491500 0.008000 0.022000
18 0.231333 0.491500 0.010667 0.022000
26 0.216667 0.491500 0.010667 0.022000
5 0.204667 0.491500 0.009333 0.022000
9 0.705000 0.509250 0.003333 0.020500
5 0.698000 0.509250 0.005333 0.020500
24 0.689333 0.509250 0.009333 0.020500
4 0.670000 0.509250 0.017333 0.020500
5 0.651000 0.509250 0.004667 0.020500
14 0.643333 0.509250 0.009333 0.020500
12 0.625000 0.509250 0.012667 0.020500
23 0.609667 0.509250 0.008667 0.020500
5 0.601667 0.509250 0.007333 0.020500
25 0.582667 0.509250 0.024000 0.020500
5 0.565333 0.509250 0.005333 0.020500
0 0.556000 0.509250 0.008000 0.020500
17 0.542000 0.509250 0.010667 0.020500
20 0.528667 0.509250 0.009333 0.020500
26 0.513333 0.509250 0.014667 0.020500
3 0.497000 0.509250 0.010000 0.020500
2 0.482667 0.509250 0.009333 0.020500
16 0.473333 0.509250 0.006667 0.020500
10 0.463000 0.509250 0.011333 0.020500
5 0.444667 0.509250 0.006667 0.020500
26 0.429667 0.509250 0.011333 0.020500
9 0.415667 0.509250 0.008667 0.020500
24 0.405333 0.509250 0.009333 0.020500
25 0.387667 0.509250 0.012667 0.020500
10 0.369667 0.509250 0.014000 0.020500
5 0.351667 0.509250 0.003333 0.020500
9 0.345667 0.509250 0.003333 0.020500
22 0.334333 0.509250 0.015333 0.020500
4 0.315333 0.509250 0.018667 0.020500
24 0.292000 0.509250 0.025333 0.020500
10 0.272333 0.509250 0.011333 0.020500
5 0.254667 0.509250 0.004000 0.020500
16 0.246667 0.509250 0.008000 0.020500
26 0.230333 0.509250 0.012667 0.020500
26 0.213000 0.509250 0.010000 0.020500
9 0.203333 0.509250 0.009333 0.020500
18 0.704333 0.525750 0.007333 0.020500
25 0.689333 0.525750 0.012000 0.020500
1 0.672667 0.525750 0.014667 0.020500
1 0.653000 0.525750 0.010000 0.020500
25 0.639667 0.525750 0.011333 0.020500
3 0.619667 0.525750 0.012667 0.020500
10 0.603333 0.525750 0.014667 0.020500
12 0.585000 0.525750 0.015333 0.020500
1 0.567667 0.525750 0.010000 0.020500
4 0.554000 0.525750 0.009333 0.020500
14 0.542000 0.525750 0.010667 0.020500
26 0.526000 0.525750 0.010667 0.020500
10 0.511667 0.525750 0.014000 0.020500
5 0.492333 0.525750 0.006000 0.020500
0 0.482667 0.525750 0.009333 0.020500
11 0.468667 0.525750 0.009333 0.020500
12 0.455000 0.525750 0.011333 0.020500
26 0.432667 0.525750 0.017333 0.020500
5 0.410333 0.525750 0.006000 0.020500
25 0.402000 0.525750 0.009333 0.020500
1 0.382333 0.525750 0.011333 0.020500
18 0.368333 0.525750 0.011333 0.020500
26 0.349333 0.525750 0.014667 0.020500
4 0.323000 0.525750 0.012667 0.020500
25 0.304333 0.525750 0.012667 0.020500
14 0.285000 0.525750 0.014000 0.020500
24 0.266667 0.525750 0.012000 0.020500
5 0.254667 0.525750 0.008000 0.020500
12 0.238333 0.525750 0.010000 0.020500
11 0.221667 0.525750 0.011333 0.020500
13 0.204000 0.525750 0.017333 0.020500
20 0.705333 0.541750 0.009333 0.021500
15 0.688667 0.541750 0.020000 0.021500
9 0.680667 0.541750 0.004000 0.021500
20 0.671333 0.541750 0.008000 0.021500
26 0.657667 0.541750 0.010000 0.021500
4 0.643333 0.541750 0.006667 0.021500
12 0.624667 0.541750 0.009333 0.021500
1 0.608333 0.541750 0.011333 0.021500
1 0.594000 0.541750 0.010667 0.021500
11 0.579667 0.541750 0.008667 0.021500
13 0.567000 0.541750 0.011333 0.021500
5 0.551000 0.541750 0.004667 0.021500
17 0.542667 0.541750 0.009333 0.021500
24 0.525000 0.541750 0.012667 0.021500
26 0.508000 0.541750 0.012000 0.021500
13 0.488000 0.541750 0.020000 0.021500
5 0.471667 0.541750 0.003333 0.021500
18 0.465333 0.541750 0.006667 0.021500
1 0.450333 0.541750 0.008667 0.021500
3 0.436000 0.541750 0.014667 0.021500
26 0.407667 0.541750 0.016667 0.021500
13 0.389333 0.541750 0.016000 0.021500
0 0.368000 0.541750 0.008000 0.021500
12 0.349333 0.541750 0.020000 0.021500
4 0.309667 0.541750 0.020667 0.021500
9 0.295333 0.541750 0.009333 0.021500
13 0.281000 0.541750 0.015333 0.021500
0 0.260333 0.541750 0.012667 0.021500
6 0.246000 0.541750 0.006667 0.021500
6 0.240000 0.541750 0.006667 0.021500
24 0.225667 0.541750 0.010000 0.021500
9 0.211333 0.541750 0.009333 0.021500
13 0.201000 0.541750 0.011333 0.021500
5 0.705000 0.556000 0.006000 0.024000
4 0.692333 0.556000 0.010000 0.024000
25 0.675333 0.556000 0.016000 0.024000
26 0.648000 0.556000 0.016000 0.024000
6 0.634000 0.556000 0.009333 0.024000
9 0.623667 0.556750 0.007333 0.024500
5 0.617667 0.556750 0.004667 0.024500
9 0.612000 0.556750 0.006667 0.024500
26 0.597667 0.556750 0.010000 0.024500
13 0.581333 0.556750 0.014667 0.024500
12 0.557667 0.556750 0.014000 0.024500
4 0.538000 0.556750 0.012000 0.024500
13 0.521333 0.556750 0.017333 0.024500
5 0.502000 0.556750 0.008000 0.024500
6 0.489667 0.556750 0.014000 0.024500
4 0.460000 0.557750 0.042667 0.024500
0 0.425667 0.557750 0.012667 0.024500
19 0.412667 0.557750 0.010667 0.024500
9 0.395667 0.557750 0.003333 0.024500
4 0.385667 0.557750 0.011333 0.024500
5 0.374667 0.557750 0.005333 0.024500
4 0.364333 0.557750 0.012667 0.024500
1 0.346667 0.557750 0.017333 0.024500
11 0.330333 0.558500 0.011333 0.024000
13 0.315000 0.558500 0.014000 0.024000
5 0.295000 0.558500 0.006000 0.024000
18 0.284000 0.558500 0.013333 0.024000
22 0.268000 0.558500 0.016000 0.024000
24 0.250667 0.558500 0.016000 0.024000
0 0.225333 0.558500 0.009333 0.024000
26 0.202667 0.559500 0.010667 0.024000
4 0.700333 0.572250 0.010000 0.022500
25 0.684667 0.572250 0.012000 0.022500
14 0.664333 0.573250 0.012667 0.022500
9 0.650667 0.573250 0.008000 0.022500
13 0.640333 0.573250 0.012667 0.022500
5 0.623000 0.573250 0.006000 0.022500
12 0.613333 0.573250 0.009333 0.022500
0 0.594000 0.573250 0.014667 0.022500
9 0.576333 0.573250 0.004667 0.022500
4 0.565333 0.573250 0.008000 0.022500
9 0.553667 0.573250 0.008667 0.022500
4 0.543667 0.573250 0.004667 0.022500
14 0.525333 0.573250 0.009333 0.022500
8 0.507000 0.574250 0.011333 0.022500
24 0.490000 0.574250 0.017333 0.022500
5 0.470000 0.574250 0.006667 0.022500
4 0.456667 0.574250 0.010667 0.022500
0 0.441000 0.574250 0.011333 0.022500
3 0.423667 0.574250 0.011333 0.022500
14 0.407667 0.574250 0.011333 0.022500
4 0.390333 0.574250 0.016667 0.022500
12 0.366333 0.574250 0.012667 0.022500
0 0.347000 0.575250 0.015333 0.022500
26 0.322333 0.575250 0.004667 0.022500
26 0.307667 0.575250 0.010000 0.022500
15 0.294333 0.575250 0.007333 0.022500
0 0.277000 0.575250 0.007333 0.022500
26 0.261000 0.575250 0.007333 0.022500
9 0.243667 0.575250 0.004667 0.022500
1 0.235667 0.575250 0.007333 0.022500
5 0.225333 0.575250 0.006667 0.022500
12 0.215333 0.575250 0.008000 0.022500
4 0.201667 0.575750 0.012667 0.022500
5 0.705000 0.590250 0.003333 0.021500
0 0.695667 0.590250 0.008667 0.021500
1 0.683333 0.590250 0.009333 0.021500
3 0.668667 0.590250 0.012000 0.021500
26 0.650000 0.590250 0.012000 0.021500
13 0.635667 0.590250 0.015333 0.021500
14 0.612667 0.590250 0.017333 0.021500
4 0.596333 0.591000 0.012667 0.022000
24 0.580667 0.591000 0.016000 0.022000
4 0.565000 0.591000 0.012667 0.022000
14 0.545000 0.591000 0.016667 0.022000
18 0.528333 0.591000 0.012667 0.022000
12 0.513333 0.591000 0.014667 0.022000
4 0.494333 0.591000 0.014000 0.022000
0 0.478333 0.591000 0.012667 0.022000
24 0.463667 0.591000 0.012667 0.022000
21 0.445667 0.591000 0.018000 0.022000
4 0.428667 0.591000 0.009333 0.022000
8 0.414000 0.591000 0.010667 0.022000
1 0.399333 0.591000 0.009333 0.022000
4 0.386333 0.592000 0.012667 0.022000
0 0.368333 0.592000 0.008667 0.022000
25 0.354000 0.592000 0.010667 0.022000
24 0.336667 0.592000 0.014667 0.022000
9 0.319667 0.592000 0.004667 0.022000
4 0.310667 0.592000 0.006667 0.022000
5 0.301333 0.592000 0.006667 0.022000
4 0.289667 0.592000 0.011333 0.022000
16 0.276000 0.592000 0.006667 0.022000
26 0.263333 0.592000 0.009333 0.022000
15 0.251333 0.592000 0.010667 0.022000
12 0.231000 0.592000 0.014000 0.022000
11 0.212000 0.592000 0.010667 0.022000
13 0.199667 0.592750 0.014000 0.021500
5 0.706333 0.605750 0.003333 0.023500
25 0.696667 0.605750 0.010667 0.023500
14 0.679000 0.605750 0.008667 0.023500
5 0.673667 0.605750 0.006000 0.023500
26 0.662333 0.605750 0.010000 0.023500
13 0.647667 0.606750 0.007333 0.023500
0 0.627333 0.606750 0.008000 0.023500
26 0.610000 0.606750 0.008000 0.023500
3 0.590000 0.606750 0.009333 0.023500
1 0.575000 0.606750 0.011333 0.023500
24 0.561333 0.607500 0.009333 0.023000
9 0.547333 0.607500 0.016000 0.023000
0 0.532333 0.607500 0.008667 0.023000
12 0.518000 0.607500 0.010667 0.023000
4 0.503000 0.607500 0.015333 0.023000
18 0.486000 0.607500 0.006667 0.023000
12 0.468333 0.608250 0.019333 0.023500
12 0.448667 0.608250 0.008000 0.023500
1 0.434667 0.608250 0.010667 0.023500
1 0.419667 0.608250 0.010000 0.023500
11 0.406000 0.608250 0.010667 0.023500
13 0.389667 0.608250 0.015333 0.023500
5 0.371667 0.609250 0.004667 0.023500
18 0.362000 0.609250 0.013333 0.023500
12 0.346333 0.609250 0.016667 0.023500
16 0.332000 0.609250 0.005333 0.023500
20 0.321333 0.609250 0.008000 0.023500
25 0.309667 0.609250 0.011333 0.023500
11 0.289667 0.609250 0.011333 0.023500
13 0.277000 0.610250 0.014000 0.023500
5 0.261000 0.610250 0.004667 0.023500
12 0.252333 0.610250 0.008667 0.023500
25 0.240667 0.610250 0.008000 0.023500
9 0.232000 0.610250 0.006667 0.023500
24 0.223333 0.610250 0.008000 0.023500
26 0.211333 0.610250 0.009333 0.023500
13 0.198000 0.611000 0.014667 0.023000
0 0.699667 0.622250 0.004667 0.025500
26 0.688667 0.622250 0.010667 0.025500
13 0.674000 0.622250 0.008000 0.025500
12 0.649333 0.623000 0.008000 0.025000
0 0.630333 0.623000 0.011333 0.025000
5 0.619333 0.623000 0.008000 0.025000
26 0.610333 0.623000 0.006000 0.025000
18 0.589000 0.624000 0.007333 0.025000
12 0.572000 0.624000 0.017333 0.025000
9 0.555667 0.624000 0.004667 0.025000
3 0.546667 0.624000 0.010667 0.025000
11 0.529000 0.625000 0.011333 0.025000
13 0.512667 0.625000 0.016000 0.025000
5 0.494333 0.625000 0.004667 0.025000
4 0.484000 0.625000 0.009333 0.025000
9 0.471667 0.625000 0.008667 0.025000
5 0.466333 0.625000 0.004667 0.025000
12 0.449667 0.625750 0.012667 0.025500
8 0.433667 0.625750 0.010000 0.025500
5 0.420667 0.625750 0.008000 0.025500
8 0.412667 0.625750 0.008000 0.025500
20 0.397667 0.625750 0.010000 0.025500
26 0.382333 0.626500 0.014000 0.025000
1 0.362000 0.626500 0.013333 0.025000
9 0.351667 0.626500 0.006000 0.025000
15 0.343333 0.626500 0.008000 0.025000
18 0.328000 0.626500 0.006667 0.025000
9 0.316000 0.627500 0.008000 0.025000
16 0.309667 0.627500 0.004667 0.025000
9 0.304333 0.627500 0.006000 0.025000
11 0.295000 0.627500 0.008667 0.025000
13 0.277333 0.627500 0.018667 0.025000
5 0.262333 0.627500 0.004667 0.025000
12 0.253333 0.628250 0.008000 0.025500
14 0.240667 0.628250 0.010667 0.025500
3 0.225000 0.628250 0.011333 0.025500
26 0.210667 0.628250 0.010667 0.025500
13 0.198000 0.629000 0.014667 0.025000
0 0.700333 0.637750 0.010000 0.021500
26 0.687000 0.638750 0.008667 0.021500
13 0.672000 0.638750 0.018667 0.021500
0 0.652333 0.638750 0.007333 0.021500
26 0.638000 0.638750 0.008000 0.021500
1 0.619667 0.639500 0.006000 0.022000
16 0.607333 0.639500 0.006667 0.022000
9 0.603333 0.639500 0.005333 0.022000
11 0.594667 0.639500 0.009333 0.022000
13 0.581333 0.640500 0.008000 0.022000
12 0.561667 0.640500 0.010000 0.022000
3 0.547333 0.640500 0.012000 0.022000
1 0.531667 0.641250 0.010000 0.021500
24 0.518000 0.641250 0.017333 0.021500
1 0.494333 0.641250 0.014000 0.021500
13 0.478667 0.642250 0.014667 0.021500
1 0.460667 0.642250 0.009333 0.021500
25 0.446333 0.642250 0.012667 0.021500
1 0.427667 0.643000 0.015333 0.022000
26 0.406333 0.643000 0.014000 0.022000
10 0.392667 0.643750 0.013333 0.021500
1 0.370333 0.643750 0.012667 0.021500
1 0.354000 0.643750 0.010667 0.021500
9 0.343000 0.644750 0.014000 0.021500
26 0.316333 0.644750 0.016667 0.021500
10 0.302333 0.644750 0.014000 0.021500
5 0.284000 0.645750 0.006667 0.021500
1 0.274333 0.645750 0.010000 0.021500
12 0.258333 0.645750 0.012667 0.021500
11 0.241333 0.646500 0.016000 0.022000
26 0.215333 0.646500 0.014667 0.022000
10 0.202000 0.647250 0.016000 0.021500
1 0.699000 0.655250 0.006000 0.023500
3 0.684667 0.655250 0.012000 0.023500
24 0.668000 0.655250 0.013333 0.023500
10 0.656000 0.656000 0.006667 0.023000
5 0.639000 0.656000 0.006000 0.023000
1 0.627333 0.656000 0.008000 0.023000
25 0.616333 0.656750 0.012667 0.023500
11 0.595000 0.656750 0.012667 0.023500
1 0.583333 0.656750 0.009333 0.023500
10 0.573333 0.657750 0.005333 0.023500
5 0.554333 0.657750 0.004667 0.023500
1 0.546000 0.657750 0.009333 0.023500
23 0.533000 0.658750 0.010000 0.023500
5 0.523667 0.658750 0.008667 0.023500
14 0.515000 0.658750 0.008667 0.023500
10 0.499000 0.658750 0.014000 0.023500
5 0.481333 0.659500 0.009333 0.023000
11 0.471000 0.659500 0.011333 0.023000
26 0.455000 0.660250 0.018000 0.023500
1 0.439667 0.660250 0.012667 0.023500
26 0.421667 0.660250 0.020667 0.023500
13 0.400000 0.661250 0.020000 0.023500
18 0.381333 0.661250 0.009333 0.023500
12 0.357333 0.661750 0.029333 0.024500
14 0.333667 0.662250 0.011333 0.023500
6 0.317000 0.663000 0.010000 0.023000
5 0.311000 0.663000 0.006000 0.023000
6 0.303333 0.663000 0.008000 0.023000
5 0.294000 0.663000 0.008000 0.023000
26 0.281000 0.663750 0.012667 0.023500
1 0.258000 0.663750 0.014667 0.023500
9 0.246000 0.663750 0.009333 0.023500
26 0.224667 0.664250 0.033333 0.024500
10 0.202333 0.665500 0.014000 0.023000
9 0.694333 0.669000 0.003333 0.023000
1 0.687333 0.669750 0.008000 0.023500
25 0.676000 0.669750 0.010667 0.023500
18 0.662333 0.669750 0.010000 0.023500
24 0.652000 0.670750 0.010667 0.023500
9 0.637333 0.670750 0.009333 0.023500
10 0.628333 0.670750 0.011333 0.023500
12 0.613000 0.671750 0.011333 0.023500
14 0.596333 0.671750 0.012667 0.023500
18 0.582667 0.672500 0.010667 0.023000
15 0.571000 0.672500 0.010000 0.023000
9 0.556000 0.672500 0.005333 0.023000
24 0.545667 0.673250 0.015333 0.023500
1 0.531667 0.673250 0.012667 0.023500
5 0.518000 0.674250 0.014667 0.023500
9 0.507000 0.674250 0.004667 0.023500
14 0.498667 0.674250 0.009333 0.023500
9 0.485667 0.674250 0.010000 0.023500
11 0.474667 0.675250 0.009333 0.023500
13 0.460667 0.675250 0.013333 0.023500
5 0.444000 0.675250 0.004000 0.023500
9 0.439333 0.675750 0.005333 0.023500
14 0.429333 0.675750 0.009333 0.023500
9 0.416000 0.675750 0.008000 0.023500
1 0.404333 0.676750 0.011333 0.023500
16 0.392000 0.676750 0.008000 0.023500
9 0.385667 0.676750 0.007333 0.023500
11 0.375333 0.676750 0.009333 0.023500
13 0.361667 0.677750 0.014000 0.023500
18 0.339000 0.678500 0.012667 0.023000
12 0.321000 0.678000 0.023333 0.024000
4 0.292667 0.679000 0.020000 0.024000
0 0.270333 0.679250 0.014000 0.023500
3 0.253000 0.680250 0.014000 0.023500
14 0.234000 0.681250 0.017333 0.023500
4 0.204000 0.681500 0.024000 0.024000
0 0.687667 0.679750 0.006000 0.027500
25 0.676667 0.680750 0.012000 0.027500
24 0.662000 0.681500 0.008000 0.028000
16 0.647667 0.681500 0.004667 0.028000
25 0.640667 0.681500 0.009333 0.028000
1 0.626333 0.682500 0.010000 0.028000
18 0.616667 0.682500 0.006667 0.028000
9 0.598333 0.683250 0.004667 0.027500
4 0.591333 0.683250 0.006667 0.027500
5 0.580667 0.684250 0.009333 0.027500
4 0.572333 0.684250 0.006000 0.027500
12 0.553667 0.685000 0.012667 0.028000
0 0.541000 0.685000 0.010000 0.028000
1 0.525667 0.685750 0.012667 0.027500
26 0.509000 0.686750 0.014000 0.027500
9 0.493667 0.686750 0.010000 0.027500
11 0.486667 0.686750 0.008000 0.027500
13 0.467667 0.687250 0.026000 0.028500
12 0.448000 0.688500 0.012000 0.028000
26 0.430667 0.689250 0.013333 0.027500
26 0.408667 0.689750 0.022667 0.028500
12 0.389667 0.690250 0.012667 0.027500
4 0.369667 0.691000 0.014000 0.028000
13 0.348333 0.691500 0.028667 0.029000
11 0.325667 0.692750 0.014000 0.027500
9 0.315667 0.692750 0.006000 0.027500
14 0.302667 0.693250 0.016000 0.028500
9 0.291667 0.693750 0.006000 0.027500
4 0.270667 0.694250 0.014667 0.028500
25 0.251667 0.694500 0.014000 0.028000
14 0.232667 0.695000 0.014667 0.029000
9 0.216000 0.696250 0.012000 0.027500
13 0.202000 0.696750 0.018667 0.028500
4 0.658000 0.692750 0.009333 0.017500
0 0.648333 0.694500 0.012667 0.017000
24 0.636000 0.696750 0.016000 0.018500
21 0.620333 0.699250 0.014000 0.018500
