9 0.231667 0.577500 0.003333 0.014000
10 0.224000 0.577500 0.012000 0.014000
25 0.713333 0.501000 0.009333 0.025000
9 0.704333 0.501000 0.007333 0.025000
14 0.698667 0.501000 0.006667 0.025000
5 0.688667 0.501000 0.008000 0.025000
18 0.675000 0.500000 0.019333 0.025000
9 0.657667 0.500000 0.006000 0.025000
25 0.648667 0.500000 0.009333 0.025000
9 0.639333 0.500000 0.008000 0.025000
24 0.630000 0.499250 0.010667 0.025500
0 0.614333 0.499250 0.011333 0.025500
12 0.597000 0.499250 0.020667 0.025500
9 0.579667 0.499250 0.004667 0.025500
4 0.571333 0.498500 0.009333 0.025000
5 0.558667 0.498500 0.009333 0.025000
4 0.547333 0.498500 0.013333 0.025000
0 0.529000 0.498500 0.014000 0.025000
12 0.511000 0.497500 0.012667 0.025000
4 0.496333 0.497500 0.011333 0.025000
9 0.484000 0.497500 0.009333 0.025000
16 0.478000 0.497500 0.006667 0.025000
5 0.470000 0.497500 0.006667 0.025000
9 0.457667 0.497500 0.003333 0.025000
4 0.450333 0.496500 0.008667 0.025000
5 0.437667 0.496500 0.008667 0.025000
4 0.426333 0.496500 0.014000 0.025000
0 0.406333 0.496500 0.007333 0.025000
6 0.393333 0.495750 0.008000 0.025500
9 0.387333 0.495750 0.008000 0.025500
3 0.374667 0.495750 0.008000 0.025500
5 0.332333 0.495000 0.004667 0.025000
0 0.321667 0.495000 0.012667 0.025000
4 0.306333 0.495000 0.012667 0.025000
1 0.293333 0.495000 0.012000 0.025000
26 0.278333 0.494000 0.016667 0.025000
0 0.252333 0.494000 0.012667 0.025000
26 0.234333 0.494000 0.020667 0.025000
9 0.717000 0.517500 0.004667 0.023000
4 0.707333 0.517500 0.010667 0.023000
5 0.694000 0.517500 0.009333 0.023000
4 0.680333 0.516750 0.020667 0.023500
0 0.661000 0.516750 0.006000 0.023500
12 0.645000 0.516750 0.012667 0.023500
4 0.628667 0.515750 0.010667 0.023500
9 0.620667 0.515750 0.008000 0.023500
10 0.611333 0.515750 0.005333 0.023500
1 0.590000 0.515750 0.006667 0.023500
11 0.576333 0.514750 0.011333 0.023500
12 0.564667 0.514750 0.006667 0.023500
12 0.541000 0.514750 0.010000 0.023500
1 0.527667 0.514000 0.011333 0.023000
1 0.513333 0.514000 0.010667 0.023000
10 0.501000 0.514000 0.011333 0.023000
5 0.482667 0.514000 0.004000 0.023000
1 0.476000 0.513250 0.009333 0.023500
11 0.462333 0.513250 0.010000 0.023500
12 0.445667 0.513250 0.018000 0.023500
16 0.427000 0.512250 0.004667 0.023500
20 0.418667 0.512250 0.008000 0.023500
25 0.405000 0.512250 0.012667 0.023500
10 0.385667 0.512250 0.008667 0.023500
5 0.366333 0.511250 0.004667 0.023500
1 0.358000 0.511250 0.009333 0.023500
11 0.341667 0.511250 0.011333 0.023500
12 0.330333 0.511250 0.007333 0.023500
14 0.314667 0.510500 0.008000 0.023000
0 0.296667 0.510500 0.012000 0.023000
3 0.284667 0.510500 0.010667 0.023000
10 0.272000 0.509750 0.008000 0.023500
5 0.255000 0.509750 0.004667 0.023500
4 0.242000 0.509750 0.014667 0.023500
9 0.231000 0.509750 0.004667 0.023500
5 0.225000 0.509750 0.004667 0.023500
4 0.714000 0.534250 0.010667 0.022500
3 0.700667 0.534250 0.009333 0.022500
1 0.690667 0.534250 0.009333 0.022500
24 0.679000 0.533250 0.008667 0.022500
9 0.669333 0.533250 0.008000 0.022500
13 0.657000 0.533250 0.014000 0.022500
4 0.639667 0.533250 0.011333 0.022500
0 0.627667 0.533250 0.010000 0.022500
12 0.613000 0.532750 0.011333 0.022500
4 0.594000 0.532750 0.020000 0.022500
0 0.577333 0.532750 0.012000 0.022500
25 0.562333 0.531750 0.011333 0.022500
24 0.544333 0.531750 0.019333 0.022500
0 0.528667 0.531750 0.009333 0.022500
16 0.519000 0.531750 0.008667 0.022500
11 0.507333 0.530750 0.008000 0.022500
9 0.499333 0.530750 0.008000 0.022500
14 0.485000 0.530750 0.011333 0.022500
22 0.469000 0.530750 0.011333 0.022500
5 0.458000 0.530750 0.008000 0.022500
10 0.449667 0.530000 0.010000 0.023000
4 0.433667 0.530000 0.006000 0.023000
9 0.424333 0.530000 0.006000 0.023000
5 0.419667 0.530000 0.006000 0.023000
13 0.410333 0.530000 0.006000 0.023000
18 0.391333 0.529250 0.006667 0.022500
12 0.378000 0.529250 0.008000 0.022500
12 0.357333 0.529250 0.008000 0.022500
1 0.344000 0.529250 0.012000 0.022500
1 0.332000 0.528250 0.010667 0.022500
10 0.318333 0.528250 0.012667 0.022500
5 0.301667 0.528250 0.004667 0.022500
25 0.288000 0.527250 0.017333 0.022500
16 0.273667 0.527250 0.007333 0.022500
16 0.266667 0.527250 0.006667 0.022500
26 0.250667 0.527250 0.022667 0.022500
13 0.230333 0.527250 0.015333 0.022500
12 0.717667 0.551250 0.012667 0.023500
1 0.699333 0.551250 0.010667 0.023500
16 0.688000 0.551250 0.006667 0.023500
9 0.682333 0.551250 0.004667 0.023500
10 0.672000 0.550250 0.013333 0.023500
5 0.658667 0.550250 0.005333 0.023500
3 0.648000 0.550250 0.009333 0.023500
1 0.631667 0.550250 0.011333 0.023500
24 0.617333 0.549500 0.010667 0.023000
26 0.599333 0.549500 0.016000 0.023000
1 0.577333 0.549500 0.013333 0.023000
13 0.563000 0.549500 0.012667 0.023000
1 0.544333 0.548750 0.012667 0.023500
25 0.528333 0.548750 0.010000 0.023500
1 0.512667 0.548750 0.012000 0.023500
26 0.498667 0.548750 0.009333 0.023500
10 0.485000 0.547750 0.011333 0.023500
1 0.466333 0.547750 0.011333 0.023500
1 0.450667 0.547750 0.008000 0.023500
9 0.441667 0.547750 0.008667 0.023500
26 0.428667 0.547750 0.009333 0.023500
10 0.411667 0.546750 0.019333 0.023500
5 0.395667 0.546750 0.003333 0.023500
1 0.388000 0.546750 0.006667 0.023500
12 0.373000 0.546750 0.011333 0.023500
11 0.354667 0.546000 0.016000 0.023000
26 0.330333 0.546000 0.014000 0.023000
5 0.314667 0.546000 0.013333 0.023000
1 0.291000 0.545250 0.014000 0.023500
3 0.269333 0.545250 0.025333 0.023500
24 0.245333 0.545250 0.017333 0.023500
10 0.229333 0.545250 0.010667 0.023500
5 0.722333 0.567750 0.006000 0.023500
1 0.714000 0.567750 0.008000 0.023500
25 0.702333 0.566750 0.012667 0.023500
11 0.681333 0.566750 0.013333 0.023500
1 0.670000 0.566750 0.009333 0.023500
10 0.658333 0.566000 0.011333 0.023000
5 0.641000 0.566000 0.004667 0.023000
1 0.632667 0.566000 0.009333 0.023000
23 0.617667 0.566000 0.011333 0.023000
5 0.606667 0.565250 0.008000 0.023500
14 0.598000 0.565250 0.009333 0.023500
10 0.580667 0.565250 0.016000 0.023500
5 0.560667 0.564250 0.005333 0.023500
12 0.552000 0.564250 0.009333 0.023500
25 0.537667 0.564250 0.012667 0.023500
24 0.519667 0.564250 0.014000 0.023500
26 0.503000 0.563250 0.012667 0.023500
13 0.485000 0.563250 0.020667 0.023500
12 0.467667 0.562500 0.011333 0.023000
0 0.451000 0.562500 0.010000 0.023000
5 0.442667 0.562500 0.008000 0.023000
26 0.430333 0.562500 0.012667 0.023000
18 0.410667 0.561750 0.008000 0.023500
12 0.394333 0.561750 0.016667 0.023500
9 0.378333 0.561750 0.006000 0.023500
3 0.367333 0.560750 0.009333 0.023500
10 0.354333 0.560750 0.014000 0.023500
5 0.334333 0.560750 0.006000 0.023500
4 0.324000 0.560750 0.010667 0.023500
9 0.309333 0.559750 0.009333 0.023500
5 0.304333 0.559750 0.006000 0.023500
12 0.287000 0.559750 0.012667 0.023500
8 0.269667 0.559000 0.012667 0.023000
8 0.254000 0.559000 0.012000 0.023000
20 0.240333 0.559000 0.011333 0.023000
26 0.225000 0.559000 0.014000 0.023000
1 0.722333 0.585750 0.015333 0.023500
9 0.711333 0.585000 0.006667 0.023000
15 0.702667 0.585000 0.010667 0.023000
18 0.688000 0.585000 0.009333 0.023000
9 0.674333 0.585000 0.008667 0.023000
16 0.666333 0.585000 0.007333 0.023000
10 0.657667 0.584250 0.012667 0.023500
5 0.637333 0.584250 0.006667 0.023500
11 0.626333 0.584250 0.015333 0.023500
26 0.610000 0.583250 0.017333 0.023500
1 0.593667 0.583250 0.014000 0.023500
26 0.576000 0.583250 0.018667 0.023500
13 0.560000 0.582250 0.013333 0.023500
18 0.541000 0.582250 0.008667 0.023500
12 0.523667 0.582250 0.008667 0.023500
14 0.503000 0.581500 0.012667 0.023000
5 0.486667 0.581500 0.010667 0.023000
6 0.478667 0.581500 0.005333 0.023000
5 0.471667 0.581500 0.008667 0.023000
26 0.457667 0.580750 0.015333 0.023500
1 0.434000 0.580750 0.016000 0.023500
9 0.422000 0.580750 0.005333 0.023500
26 0.404333 0.580250 0.030000 0.024500
10 0.382333 0.579750 0.014000 0.023500
5 0.361333 0.579750 0.009333 0.023500
1 0.351000 0.578750 0.008667 0.023500
25 0.337000 0.578750 0.014000 0.023500
18 0.314333 0.578750 0.014000 0.023500
24 0.304000 0.578750 0.008000 0.023500
5 0.633333 0.603250 0.008000 0.026500
4 0.621333 0.602250 0.009333 0.026500
9 0.612000 0.602250 0.009333 0.026500
4 0.597000 0.602250 0.016667 0.026500
0 0.575667 0.601500 0.015333 0.027000
13 0.560000 0.601500 0.013333 0.027000
25 0.541667 0.600500 0.011333 0.027000
14 0.523667 0.600500 0.012667 0.027000
18 0.507333 0.600500 0.017333 0.027000
26 0.490000 0.599750 0.010667 0.026500
25 0.477667 0.599750 0.012667 0.026500
14 0.458333 0.599000 0.014000 0.027000
18 0.443333 0.599000 0.012000 0.027000
5 0.432000 0.599000 0.009333 0.027000
0 0.418000 0.598000 0.006667 0.027000
12 0.404667 0.598000 0.008000 0.027000
14 0.384000 0.598000 0.010667 0.027000
22 0.367667 0.597000 0.012667 0.027000
5 0.354333 0.597000 0.011333 0.027000
26 0.342667 0.596250 0.009333 0.026500
9 0.334000 0.596250 0.008000 0.026500
0 0.318667 0.596250 0.012000 0.026500
25 0.302333 0.595500 0.014000 0.027000
24 0.281667 0.595500 0.020667 0.027000
0 0.259333 0.594500 0.014667 0.027000
16 0.243667 0.594500 0.008667 0.027000
11 0.234667 0.594500 0.009333 0.027000
9 0.223333 0.594500 0.008000 0.027000
14 0.724667 0.621500 0.010667 0.027000
22 0.709667 0.620500 0.012667 0.027000
5 0.694000 0.620500 0.012000 0.027000
4 0.683000 0.620500 0.012667 0.027000
0 0.665000 0.619500 0.014000 0.027000
26 0.650000 0.619500 0.012000 0.027000
11 0.635000 0.618750 0.011333 0.026500
13 0.619333 0.618750 0.017333 0.026500
4 0.599667 0.618000 0.012667 0.027000
9 0.589000 0.618000 0.007333 0.027000
5 0.583000 0.618000 0.007333 0.027000
13 0.570000 0.617000 0.017333 0.027000
12 0.546667 0.617000 0.014667 0.027000
0 0.524000 0.616250 0.016000 0.026500
4 0.509667 0.616250 0.010000 0.026500
1 0.499000 0.615250 0.011333 0.026500
4 0.477333 0.615750 0.024000 0.027500
0 0.459667 0.614500 0.011333 0.027000
26 0.441000 0.614500 0.018000 0.027000
9 0.425667 0.613500 0.006000 0.027000
4 0.414000 0.613500 0.010667 0.027000
5 0.401333 0.613500 0.010667 0.027000
4 0.388000 0.612750 0.016000 0.026500
0 0.371000 0.612750 0.012667 0.026500
12 0.355000 0.612000 0.012667 0.027000
4 0.340667 0.612000 0.012000 0.027000
9 0.326667 0.612000 0.009333 0.027000
11 0.318667 0.611000 0.009333 0.027000
13 0.302000 0.611000 0.017333 0.027000
5 0.285000 0.610000 0.004667 0.027000
12 0.275000 0.610000 0.011333 0.027000
18 0.258333 0.610000 0.012667 0.027000
1 0.245000 0.609250 0.011333 0.026500
3 0.231333 0.609250 0.010667 0.026500
5 0.220667 0.609250 0.009333 0.026500
1 0.722667 0.636250 0.016000 0.023500
11 0.706000 0.636250 0.014667 0.023500
12 0.687000 0.635250 0.023333 0.023500
12 0.663000 0.635250 0.014000 0.023500
1 0.646333 0.634250 0.012667 0.023500
1 0.631667 0.634250 0.011333 0.023500
11 0.616000 0.634250 0.010667 0.023500
13 0.599667 0.633500 0.022000 0.023000
5 0.585000 0.633500 0.006000 0.023000
1 0.573333 0.633500 0.010667 0.023000
11 0.559333 0.632750 0.010667 0.023500
12 0.545000 0.632750 0.016667 0.023500
16 0.530000 0.632750 0.006667 0.023500
20 0.522000 0.631750 0.009333 0.023500
25 0.507667 0.631750 0.012667 0.023500
11 0.488333 0.631750 0.011333 0.023500
13 0.476333 0.630750 0.015333 0.023500
5 0.459000 0.630750 0.003333 0.023500
16 0.453333 0.630750 0.008000 0.023500
26 0.439000 0.630000 0.014000 0.023000
26 0.418333 0.630000 0.012667 0.023000
9 0.408667 0.630000 0.006667 0.023000
14 0.390667 0.629250 0.017333 0.023500
8 0.375333 0.629250 0.013333 0.023500
24 0.360333 0.629250 0.016667 0.023500
0 0.339000 0.628250 0.010000 0.023500
24 0.323667 0.628250 0.012667 0.023500
22 0.306333 0.627250 0.012667 0.023500
11 0.291000 0.627250 0.011333 0.023500
13 0.277667 0.627250 0.012667 0.023500
1 0.260667 0.626750 0.008000 0.023500
18 0.248333 0.626750 0.011333 0.023500
26 0.230333 0.626750 0.012667 0.023500
5 0.218667 0.626750 0.008000 0.023500
9 0.725000 0.655000 0.004667 0.025000
5 0.717667 0.655000 0.008667 0.025000
24 0.710333 0.654250 0.011333 0.025500
4 0.688000 0.654250 0.018667 0.025500
5 0.669000 0.653500 0.006000 0.025000
14 0.662333 0.653500 0.010000 0.025000
12 0.641333 0.653500 0.014667 0.025000
23 0.627000 0.652500 0.011333 0.025000
5 0.614333 0.652500 0.008667 0.025000
25 0.597000 0.652000 0.027333 0.026000
5 0.578667 0.651500 0.006667 0.025000
0 0.570667 0.651500 0.009333 0.025000
17 0.553667 0.651500 0.012667 0.025000
20 0.540333 0.651000 0.011333 0.025000
26 0.523000 0.651000 0.018000 0.025000
3 0.506333 0.650000 0.010000 0.025000
2 0.491333 0.650000 0.010667 0.025000
16 0.483333 0.650000 0.008000 0.025000
10 0.471000 0.650000 0.014000 0.025000
5 0.451333 0.649000 0.009333 0.025000
26 0.435000 0.649000 0.012667 0.025000
9 0.423333 0.648250 0.010667 0.025500
24 0.411667 0.648250 0.010000 0.025500
25 0.397000 0.648250 0.014000 0.025500
10 0.376667 0.647500 0.016000 0.025000
5 0.358333 0.647500 0.006000 0.025000
9 0.352667 0.647500 0.005333 0.025000
22 0.342000 0.646500 0.016000 0.025000
4 0.323333 0.646500 0.018667 0.025000
24 0.301333 0.646000 0.025333 0.026000
10 0.282333 0.645500 0.012667 0.025000
5 0.265000 0.645500 0.003333 0.025000
16 0.260000 0.644750 0.009333 0.025500
26 0.244333 0.644750 0.012667 0.025500
26 0.228667 0.644750 0.012000 0.025500
9 0.218000 0.644750 0.009333 0.025500
18 0.723333 0.673000 0.010667 0.024000
25 0.707000 0.672000 0.012667 0.024000
1 0.690000 0.672000 0.014667 0.024000
1 0.669000 0.671250 0.012667 0.024500
25 0.655000 0.671250 0.012667 0.024500
3 0.634000 0.671250 0.013333 0.024500
10 0.617333 0.670250 0.017333 0.024500
12 0.593333 0.670250 0.006667 0.024500
1 0.579667 0.669500 0.011333 0.024000
4 0.564667 0.669500 0.009333 0.024000
14 0.555000 0.668500 0.012667 0.024000
26 0.533667 0.668500 0.014000 0.024000
10 0.519000 0.668500 0.008667 0.024000
5 0.502333 0.667750 0.007333 0.024500
0 0.491333 0.667750 0.010667 0.024500
11 0.475667 0.666750 0.011333 0.024500
12 0.462333 0.666750 0.012667 0.024500
26 0.440333 0.666000 0.019333 0.024000
5 0.417333 0.666000 0.005333 0.024000
25 0.405333 0.666000 0.012000 0.024000
1 0.389667 0.665000 0.012667 0.024000
18 0.375000 0.665000 0.012667 0.024000
26 0.355667 0.664250 0.016667 0.024500
4 0.329667 0.663500 0.019333 0.024000
25 0.309000 0.663500 0.019333 0.024000
14 0.291000 0.662500 0.016667 0.024000
24 0.274000 0.662500 0.017333 0.024000
5 0.262667 0.662500 0.005333 0.024000
12 0.248333 0.661750 0.011333 0.024500
11 0.231667 0.661750 0.012667 0.024500
13 0.215333 0.661750 0.014667 0.024500
20 0.719000 0.692000 0.022000 0.024000
15 0.705000 0.691500 0.003333 0.023000
9 0.699000 0.690750 0.006000 0.023500
20 0.689333 0.690750 0.012000 0.023500
26 0.674667 0.689750 0.017333 0.023500
4 0.659333 0.689750 0.013333 0.023500
12 0.639667 0.688750 0.011333 0.023500
1 0.623000 0.688750 0.012667 0.023500
1 0.608333 0.688000 0.011333 0.023000
11 0.595333 0.688000 0.010667 0.023000
13 0.579000 0.688000 0.015333 0.023000
5 0.561667 0.687250 0.006000 0.023500
17 0.553333 0.687250 0.009333 0.023500
24 0.537667 0.686250 0.015333 0.023500
26 0.513667 0.686250 0.014000 0.023500
13 0.498667 0.686000 0.018667 0.024000
5 0.478000 0.685500 0.006667 0.023000
18 0.470667 0.684750 0.008000 0.023500
1 0.460000 0.684750 0.010667 0.023500
3 0.442667 0.683750 0.017333 0.023500
26 0.412667 0.682750 0.017333 0.023500
13 0.396000 0.683250 0.018667 0.024500
0 0.373000 0.682000 0.011333 0.023000
12 0.354000 0.682500 0.020000 0.024000
4 0.315667 0.680750 0.022000 0.024500
9 0.302000 0.680250 0.010667 0.023500
13 0.288667 0.680250 0.016000 0.023500
0 0.266333 0.679250 0.006000 0.023500
6 0.255333 0.679250 0.006667 0.023500
5 0.248667 0.679250 0.008000 0.023500
24 0.235667 0.678500 0.011333 0.023000
9 0.221667 0.678500 0.008667 0.023000
13 0.214333 0.678500 0.006000 0.023000
5 0.722000 0.707250 0.008000 0.023500
4 0.712000 0.707250 0.010667 0.023500
25 0.691667 0.707250 0.018000 0.023500
26 0.662000 0.706250 0.017333 0.023500
6 0.648333 0.706250 0.010000 0.023500
9 0.636667 0.705250 0.008000 0.023500
5 0.632333 0.705250 0.006000 0.023500
9 0.622667 0.705250 0.009333 0.023500
26 0.608333 0.705250 0.011333 0.023500
13 0.592333 0.704500 0.016667 0.023000
12 0.568667 0.704500 0.014667 0.023000
4 0.548333 0.703750 0.014000 0.023500
13 0.530000 0.702750 0.018667 0.023500
5 0.509000 0.702750 0.004667 0.023500
6 0.501333 0.702750 0.006667 0.023500
9 0.493000 0.702750 0.007333 0.023500
24 0.482000 0.701750 0.014667 0.023500
4 0.454333 0.701750 0.012667 0.023500
0 0.433667 0.701000 0.012667 0.023000
19 0.419667 0.701000 0.012667 0.023000
9 0.402333 0.700250 0.006000 0.023500
4 0.390333 0.700250 0.008667 0.023500
5 0.380667 0.700250 0.008000 0.023500
4 0.372333 0.700250 0.006000 0.023500
1 0.350333 0.699250 0.006000 0.023500
11 0.336000 0.699250 0.012000 0.023500
13 0.322667 0.698500 0.008000 0.023000
5 0.303000 0.698500 0.006000 0.023000
18 0.291000 0.697750 0.014000 0.023500
22 0.276000 0.697750 0.016000 0.023500
24 0.260000 0.697750 0.016000 0.023500
0 0.234333 0.696750 0.014000 0.023500
26 0.217000 0.696750 0.020667 0.023500
4 0.718000 0.725250 0.016000 0.025500
25 0.698000 0.725250 0.013333 0.025500
14 0.683000 0.724500 0.012667 0.025000
9 0.669333 0.724500 0.010667 0.025000
13 0.655333 0.723500 0.014667 0.025000
5 0.636333 0.723500 0.007333 0.025000
12 0.627667 0.723500 0.010000 0.025000
0 0.606000 0.722750 0.018667 0.025500
9 0.585333 0.722750 0.009333 0.025500
4 0.574000 0.722000 0.009333 0.025000
9 0.563333 0.722000 0.009333 0.025000
4 0.550333 0.722000 0.012667 0.025000
14 0.535333 0.721000 0.010667 0.025000
8 0.516333 0.721000 0.014000 0.025000
24 0.498333 0.720000 0.019333 0.025000
5 0.477000 0.720000 0.007333 0.025000
4 0.465000 0.719250 0.012667 0.025500
0 0.447667 0.719250 0.012667 0.025500
3 0.431000 0.718500 0.012667 0.025000
14 0.415000 0.718500 0.012667 0.025000
4 0.396000 0.717500 0.016000 0.025000
12 0.373667 0.717500 0.012667 0.025000
0 0.353333 0.716500 0.018667 0.025000
26 0.327333 0.716500 0.005333 0.025000
26 0.314000 0.715750 0.012000 0.025500
15 0.300667 0.715750 0.008000 0.025500
0 0.283333 0.715750 0.008000 0.025500
26 0.268667 0.715000 0.008000 0.025000
9 0.252333 0.715000 0.006000 0.025000
1 0.242667 0.714000 0.009333 0.025000
5 0.234333 0.714000 0.007333 0.025000
12 0.226667 0.714000 0.008000 0.025000
4 0.212333 0.714000 0.014000 0.025000
5 0.722333 0.742500 0.006000 0.025000
0 0.713000 0.742500 0.010000 0.025000
1 0.697333 0.742500 0.012000 0.025000
3 0.687000 0.741750 0.011333 0.025500
26 0.668333 0.741750 0.014000 0.025500
13 0.650667 0.741000 0.017333 0.025000
14 0.627000 0.741000 0.011333 0.025000
4 0.608000 0.740000 0.014667 0.025000
24 0.591667 0.740000 0.012667 0.025000
4 0.576000 0.739000 0.016000 0.025000
14 0.556000 0.739000 0.008000 0.025000
18 0.540333 0.738250 0.014000 0.025500
12 0.524000 0.738250 0.009333 0.025500
4 0.504667 0.737500 0.009333 0.025000
0 0.485000 0.737500 0.011333 0.025000
24 0.474000 0.736500 0.013333 0.025000
21 0.454333 0.736500 0.010000 0.025000
4 0.435333 0.735500 0.006667 0.025000
8 0.422000 0.735500 0.010667 0.025000
1 0.408333 0.735000 0.012667 0.025000
4 0.394000 0.735000 0.009333 0.025000
0 0.374667 0.734000 0.010667 0.025000
25 0.360333 0.734000 0.011333 0.025000
24 0.343333 0.733000 0.017333 0.025000
9 0.327000 0.733000 0.004667 0.025000
4 0.317333 0.733000 0.009333 0.025000
5 0.307333 0.732250 0.009333 0.025500
4 0.296667 0.732250 0.012000 0.025500
16 0.282000 0.732250 0.009333 0.025500
26 0.270667 0.731500 0.010667 0.025000
15 0.259333 0.731500 0.010667 0.025000
12 0.242000 0.730500 0.014667 0.025000
11 0.222333 0.730500 0.012667 0.025000
13 0.209667 0.730500 0.015333 0.025000
5 0.721000 0.759500 0.006000 0.024000
25 0.712667 0.759500 0.009333 0.024000
14 0.695667 0.758750 0.015333 0.024500
26 0.674333 0.757750 0.014000 0.024500
13 0.657667 0.757750 0.019333 0.024500
0 0.630333 0.757500 0.032667 0.025000
26 0.612333 0.757000 0.003333 0.024000
3 0.600333 0.757000 0.011333 0.024000
1 0.585333 0.756000 0.012000 0.024000
24 0.570333 0.756000 0.011333 0.024000
9 0.555333 0.755250 0.016000 0.024500
0 0.540333 0.755250 0.011333 0.024500
12 0.525333 0.755250 0.012000 0.024500
4 0.509667 0.754250 0.015333 0.024500
18 0.492667 0.754250 0.008000 0.024500
12 0.474000 0.753500 0.020000 0.024000
12 0.453667 0.753500 0.011333 0.024000
1 0.439000 0.752500 0.011333 0.024000
1 0.423667 0.752500 0.011333 0.024000
11 0.410000 0.752500 0.012000 0.024000
13 0.394333 0.751750 0.015333 0.024500
5 0.377667 0.751750 0.004667 0.024500
18 0.370000 0.751750 0.008000 0.024500
12 0.352667 0.750750 0.020000 0.024500
16 0.336667 0.750750 0.008000 0.024500
20 0.327333 0.750750 0.008000 0.024500
25 0.315333 0.750000 0.009333 0.024000
9 0.306000 0.750000 0.009333 0.024000
11 0.294667 0.750000 0.009333 0.024000
13 0.282333 0.749000 0.012667 0.024000
5 0.268333 0.749000 0.006000 0.024000
12 0.260000 0.749000 0.009333 0.024000
25 0.248667 0.749000 0.008000 0.024000
9 0.240667 0.748250 0.008000 0.024500
24 0.230667 0.748250 0.009333 0.024500
26 0.219333 0.748250 0.009333 0.024500
13 0.207000 0.748250 0.012667 0.024500
0 0.718333 0.776250 0.011333 0.028500
26 0.703000 0.776250 0.011333 0.028500
13 0.687333 0.775500 0.017333 0.029000
12 0.665667 0.775500 0.015333 0.029000
0 0.643667 0.774750 0.015333 0.028500
5 0.630667 0.774750 0.009333 0.028500
26 0.620333 0.774750 0.014000 0.028500
18 0.599333 0.773750 0.009333 0.028500
12 0.582000 0.773750 0.021333 0.028500
9 0.564000 0.772750 0.005333 0.028500
3 0.554333 0.772750 0.011333 0.028500
11 0.536333 0.772750 0.012667 0.028500
13 0.520333 0.772250 0.019333 0.028500
5 0.501667 0.772250 0.006000 0.028500
4 0.491333 0.771250 0.010667 0.028500
9 0.478000 0.771250 0.009333 0.028500
5 0.470333 0.771250 0.006000 0.028500
12 0.456333 0.771250 0.014000 0.028500
8 0.440000 0.770250 0.012000 0.028500
5 0.425333 0.770250 0.010667 0.028500
8 0.415000 0.770250 0.010000 0.028500
20 0.401667 0.769500 0.011333 0.029000
26 0.385667 0.769500 0.018000 0.029000
1 0.368333 0.768750 0.011333 0.028500
9 0.356000 0.768750 0.008000 0.028500
15 0.348667 0.768750 0.009333 0.028500
18 0.333000 0.768750 0.010000 0.028500
9 0.321333 0.767750 0.008000 0.028500
16 0.315333 0.767750 0.006667 0.028500
9 0.308333 0.767750 0.007333 0.028500
11 0.300667 0.767750 0.008000 0.028500
13 0.284667 0.766750 0.020000 0.028500
5 0.268333 0.766750 0.006000 0.028500
12 0.260000 0.766750 0.009333 0.028500
14 0.249333 0.766750 0.012000 0.028500
3 0.232000 0.766000 0.012000 0.029000
26 0.221667 0.766000 0.008667 0.029000
13 0.208333 0.766000 0.015333 0.029000
0 0.717000 0.793250 0.014000 0.022500
26 0.702000 0.792250 0.013333 0.022500
13 0.687000 0.792250 0.014000 0.022500
0 0.665667 0.792250 0.015333 0.022500
26 0.650667 0.791750 0.014667 0.022500
1 0.628667 0.791750 0.005333 0.022500
16 0.619667 0.791750 0.006000 0.022500
9 0.615000 0.791750 0.006000 0.022500
11 0.602000 0.791750 0.010667 0.022500
13 0.589333 0.790750 0.008000 0.022500
12 0.569333 0.790750 0.009333 0.022500
3 0.552333 0.790750 0.012667 0.022500
1 0.540000 0.789750 0.010667 0.022500
24 0.523000 0.789750 0.018000 0.022500
1 0.500000 0.789750 0.013333 0.022500
13 0.484000 0.788750 0.016000 0.022500
1 0.464333 0.788750 0.011333 0.022500
25 0.450333 0.788750 0.011333 0.022500
1 0.431333 0.788750 0.014667 0.022500
26 0.413000 0.788250 0.012667 0.022500
10 0.397667 0.788250 0.015333 0.022500
1 0.373667 0.787250 0.012667 0.022500
1 0.357333 0.787250 0.010667 0.022500
9 0.347000 0.787250 0.012667 0.022500
26 0.322667 0.787250 0.014667 0.022500
10 0.307667 0.786250 0.015333 0.022500
5 0.288667 0.786250 0.006667 0.022500
1 0.278667 0.786250 0.008000 0.022500
12 0.265000 0.786250 0.012667 0.022500
11 0.246000 0.785250 0.016000 0.022500
26 0.223000 0.785250 0.014000 0.022500
10 0.209667 0.785250 0.015333 0.022500
1 0.719333 0.810750 0.006667 0.029500
3 0.703000 0.810750 0.014000 0.029500
24 0.683667 0.809750 0.014000 0.029500
10 0.672000 0.809750 0.006667 0.029500
5 0.650667 0.809750 0.005333 0.029500
1 0.640333 0.808750 0.010000 0.029500
25 0.625000 0.808750 0.012667 0.029500
11 0.607667 0.808750 0.012667 0.029500
1 0.592333 0.808750 0.011333 0.029500
10 0.583000 0.808000 0.007333 0.029000
5 0.561000 0.808000 0.004667 0.029000
1 0.554000 0.808000 0.009333 0.029000
23 0.538667 0.808000 0.010667 0.029000
5 0.530000 0.807250 0.009333 0.029500
14 0.518000 0.807250 0.010667 0.029500
10 0.502333 0.807250 0.018000 0.029500
5 0.486000 0.807250 0.009333 0.029500
11 0.475333 0.806250 0.010667 0.029500
26 0.461000 0.806250 0.012667 0.029500
1 0.443333 0.806250 0.013333 0.029500
26 0.426333 0.805250 0.014000 0.029500
13 0.403333 0.805250 0.026667 0.029500
18 0.384667 0.805250 0.009333 0.029500
12 0.360333 0.804750 0.027333 0.029500
14 0.336667 0.804750 0.008000 0.029500
6 0.321000 0.804750 0.008667 0.029500
5 0.315333 0.803750 0.006667 0.029500
6 0.308333 0.803750 0.007333 0.029500
5 0.300667 0.803750 0.008000 0.029500
26 0.291000 0.803750 0.007333 0.029500
1 0.264333 0.803750 0.004667 0.029500
9 0.255000 0.802750 0.014000 0.029500
26 0.225333 0.802750 0.018667 0.029500
10 0.211333 0.802750 0.009333 0.029500
5 0.716000 0.826500 0.002667 0.025000
1 0.709333 0.825750 0.008000 0.025500
25 0.696333 0.825750 0.011333 0.025500
18 0.677667 0.825750 0.011333 0.025500
24 0.664667 0.825750 0.010667 0.025500
9 0.652000 0.825750 0.008000 0.025500
10 0.641000 0.825000 0.014000 0.025000
12 0.623000 0.825000 0.012667 0.025000
14 0.606333 0.825000 0.011333 0.025000
18 0.590667 0.825000 0.010667 0.025000
15 0.578000 0.825000 0.010667 0.025000
9 0.563667 0.824000 0.004667 0.025000
24 0.552667 0.824000 0.014667 0.025000
1 0.537667 0.824000 0.012667 0.025000
5 0.521667 0.824000 0.014000 0.025000
9 0.511000 0.824000 0.003333 0.025000
14 0.502333 0.824000 0.008667 0.025000
9 0.488667 0.823000 0.009333 0.025000
11 0.480000 0.823000 0.008000 0.025000
13 0.465333 0.823000 0.013333 0.025000
5 0.447000 0.823000 0.004667 0.025000
9 0.439667 0.823000 0.004667 0.025000
14 0.434667 0.823000 0.008000 0.025000
9 0.420667 0.822250 0.008000 0.025500
1 0.408667 0.822250 0.009333 0.025500
16 0.395333 0.822250 0.008000 0.025500
9 0.389667 0.822250 0.006000 0.025500
11 0.380667 0.822250 0.008000 0.025500
13 0.364333 0.822250 0.015333 0.025500
18 0.344667 0.821500 0.008000 0.025000
12 0.325000 0.821500 0.022000 0.025000
4 0.295000 0.821500 0.019333 0.025000
0 0.273667 0.820500 0.011333 0.025000
3 0.261000 0.820500 0.011333 0.025000
14 0.239333 0.820500 0.017333 0.025000
4 0.211333 0.820500 0.022667 0.025000
0 0.708333 0.840500 0.006000 0.025000
25 0.695667 0.840500 0.010000 0.025000
24 0.682333 0.840500 0.007333 0.025000
16 0.666333 0.840500 0.004667 0.025000
25 0.656000 0.840500 0.009333 0.025000
1 0.642667 0.839500 0.010667 0.025000
18 0.632333 0.839500 0.006000 0.025000
9 0.609000 0.839500 0.006000 0.025000
4 0.600000 0.839500 0.008000 0.025000
5 0.590000 0.839500 0.006667 0.025000
4 0.579667 0.839500 0.011333 0.025000
12 0.559000 0.839500 0.007333 0.025000
0 0.544333 0.839500 0.010000 0.025000
1 0.531000 0.839500 0.011333 0.025000
26 0.512333 0.839500 0.012667 0.025000
9 0.500000 0.838750 0.009333 0.025500
11 0.490000 0.838750 0.008000 0.025500
13 0.471667 0.838750 0.022000 0.025500
12 0.452000 0.838750 0.008000 0.025500
26 0.431667 0.838750 0.014000 0.025500
26 0.415333 0.838750 0.008000 0.025500
12 0.389667 0.838750 0.006000 0.025500
4 0.373667 0.838750 0.012667 0.025500
13 0.357333 0.838750 0.008000 0.025500
11 0.329000 0.838000 0.004667 0.025000
9 0.320000 0.838000 0.006667 0.025000
14 0.310000 0.838000 0.010667 0.025000
9 0.294000 0.838000 0.008000 0.025000
4 0.276333 0.838000 0.012667 0.025000
25 0.258333 0.838000 0.012667 0.025000
14 0.237667 0.838000 0.014000 0.025000
9 0.222333 0.838000 0.010000 0.025000
13 0.209333 0.838000 0.017333 0.025000
18 0.711000 0.848250 0.012667 0.019500
12 0.696333 0.849500 0.018000 0.021000
4 0.680333 0.851750 0.011333 0.019500
0 0.665667 0.852500 0.012667 0.020000
24 0.655000 0.854500 0.012667 0.020000
21 0.635667 0.856500 0.024667 0.021000
