25 0.908537 0.043232 0.015009 0.054776
14 0.880863 0.043232 0.021576 0.054776
18 0.843340 0.043232 0.037523 0.054776
9 0.800422 0.043232 0.007036 0.054776
25 0.784944 0.043232 0.016417 0.054776
24 0.755863 0.043232 0.021107 0.054776
0 0.727251 0.043232 0.019231 0.054776
12 0.700750 0.043232 0.027205 0.054776
9 0.667683 0.043232 0.009850 0.054776
4 0.644700 0.043232 0.031426 0.054776
5 0.617964 0.043232 0.020169 0.054776
4 0.602486 0.043232 0.006098 0.054776
0 0.580675 0.043232 0.015009 0.054776
12 0.557458 0.043232 0.017355 0.054776
4 0.535413 0.043232 0.016417 0.054776
9 0.518293 0.043232 0.012195 0.054776
16 0.506567 0.043232 0.011257 0.054776
5 0.490619 0.043232 0.012195 0.054776
9 0.461538 0.043232 0.009381 0.054776
4 0.440197 0.043232 0.027674 0.054776
5 0.420966 0.043232 0.008912 0.054776
4 0.401501 0.043232 0.021576 0.054776
0 0.360929 0.043232 0.017355 0.054776
5 0.341932 0.043232 0.012195 0.054776
6 0.324812 0.043232 0.016417 0.054776
3 0.281660 0.043232 0.053940 0.054776
5 0.234053 0.043232 0.008443 0.054776
0 0.216932 0.043232 0.016417 0.054776
4 0.187852 0.043232 0.019231 0.054776
1 0.164400 0.043232 0.019231 0.054776
26 0.137430 0.043232 0.014071 0.054776
0 0.089587 0.043232 0.024390 0.054776
26 0.057458 0.043232 0.031426 0.054776
9 0.916510 0.087370 0.011257 0.057039
4 0.893293 0.087370 0.015478 0.057039
5 0.876407 0.087370 0.014540 0.057039
4 0.859053 0.087370 0.009850 0.057039
0 0.817308 0.087370 0.009850 0.057039
12 0.793386 0.087370 0.019231 0.057039
4 0.765244 0.087370 0.018293 0.057039
9 0.747186 0.087370 0.012195 0.057039
10 0.735929 0.087370 0.008443 0.057039
1 0.700281 0.087370 0.015947 0.057039
11 0.677064 0.087370 0.016417 0.057039
12 0.652908 0.087370 0.027205 0.057039
12 0.618902 0.087370 0.016417 0.057039
1 0.594512 0.087370 0.018293 0.057039
1 0.571060 0.087370 0.016417 0.057039
10 0.550188 0.087370 0.021576 0.057039
5 0.515713 0.087370 0.007036 0.057039
1 0.500235 0.087370 0.015478 0.057039
11 0.476782 0.087370 0.017355 0.057039
12 0.450047 0.087370 0.028612 0.057039
16 0.417917 0.087370 0.011257 0.057039
20 0.400563 0.087370 0.015009 0.057039
25 0.377814 0.087370 0.018293 0.057039
10 0.344981 0.087370 0.030488 0.057039
5 0.313555 0.087370 0.007974 0.057039
1 0.300657 0.087370 0.013133 0.057039
11 0.277439 0.087370 0.017355 0.057039
12 0.251407 0.087370 0.026266 0.057039
14 0.219043 0.087370 0.012195 0.057039
0 0.190432 0.087370 0.020638 0.057039
3 0.160882 0.087370 0.022514 0.057039
10 0.130863 0.087370 0.015009 0.057039
5 0.101782 0.087370 0.010319 0.057039
4 0.078330 0.087370 0.015947 0.057039
9 0.060976 0.087370 0.012195 0.057039
5 0.048780 0.087370 0.008443 0.057039
4 0.907833 0.128791 0.016417 0.052965
3 0.885084 0.128791 0.016886 0.052965
1 0.857176 0.128791 0.020169 0.052965
24 0.829972 0.128791 0.017355 0.052965
9 0.813321 0.128791 0.012195 0.052965
13 0.792917 0.128791 0.022045 0.052965
4 0.761961 0.128791 0.019231 0.052965
0 0.737101 0.128791 0.016417 0.052965
12 0.715056 0.128791 0.017355 0.052965
4 0.686679 0.128791 0.025328 0.052965
0 0.649390 0.128791 0.016417 0.052965
25 0.622420 0.128791 0.019700 0.052965
24 0.594278 0.128791 0.024390 0.052965
0 0.562383 0.128791 0.011257 0.052965
16 0.545497 0.128791 0.014071 0.052965
11 0.523687 0.128791 0.015478 0.052965
9 0.507505 0.128791 0.013133 0.052965
14 0.478424 0.128791 0.024390 0.052965
22 0.451923 0.128791 0.020169 0.052965
5 0.435741 0.128791 0.008443 0.052965
10 0.420497 0.128791 0.018293 0.052965
4 0.393996 0.128791 0.026266 0.052965
9 0.374531 0.128791 0.007974 0.052965
5 0.363508 0.128791 0.010319 0.052965
13 0.346154 0.128791 0.020638 0.052965
18 0.308396 0.128791 0.022045 0.052965
12 0.281895 0.128791 0.022514 0.052965
12 0.255159 0.128791 0.011257 0.052965
1 0.233583 0.128791 0.016886 0.052965
1 0.211304 0.128791 0.015478 0.052965
10 0.190432 0.128791 0.022514 0.052965
5 0.159240 0.128791 0.007036 0.052965
25 0.140478 0.128791 0.018293 0.052965
16 0.113508 0.128791 0.016886 0.052965
16 0.096623 0.128791 0.012195 0.052965
26 0.079972 0.128791 0.015478 0.052965
13 0.052533 0.128791 0.023452 0.052965
12 0.908068 0.169534 0.014071 0.053871
1 0.882974 0.170439 0.017355 0.053871
16 0.866792 0.170439 0.013133 0.053871
9 0.850375 0.170439 0.011257 0.053871
10 0.833021 0.170439 0.021576 0.053871
5 0.798546 0.170439 0.008912 0.053871
3 0.782833 0.170439 0.014071 0.053871
1 0.760553 0.170439 0.018293 0.053871
24 0.732880 0.170439 0.020169 0.053871
26 0.700750 0.170439 0.027205 0.053871
1 0.659475 0.171344 0.022514 0.053871
13 0.636023 0.171344 0.022514 0.053871
1 0.593340 0.171344 0.024390 0.053871
25 0.564024 0.171344 0.030488 0.053871
1 0.535413 0.171344 0.022045 0.053871
26 0.503987 0.171344 0.028612 0.053871
10 0.477486 0.171344 0.020638 0.053871
1 0.445826 0.172476 0.026735 0.054323
1 0.417448 0.172476 0.024390 0.054323
9 0.397983 0.172476 0.007974 0.054323
26 0.373593 0.172476 0.032364 0.054323
10 0.344981 0.172476 0.020169 0.054323
5 0.306051 0.172476 0.007036 0.054323
1 0.289634 0.172476 0.013602 0.054323
12 0.268058 0.172476 0.017355 0.054323
11 0.241792 0.173382 0.019231 0.054323
26 0.214353 0.173382 0.021576 0.054323
10 0.186679 0.173382 0.013133 0.054323
1 0.144465 0.173382 0.022514 0.054323
3 0.113977 0.173382 0.022514 0.054323
24 0.080910 0.173382 0.021107 0.054323
10 0.052298 0.174513 0.027674 0.053871
5 0.916510 0.210276 0.011257 0.051154
1 0.901032 0.210276 0.012195 0.051154
25 0.879925 0.210276 0.021576 0.051154
11 0.843340 0.210276 0.021576 0.051154
1 0.821998 0.210276 0.017355 0.051154
10 0.795028 0.210276 0.022514 0.051154
5 0.762899 0.210276 0.008912 0.051154
1 0.747186 0.210276 0.014071 0.051154
23 0.725844 0.210276 0.016417 0.051154
5 0.705910 0.210276 0.013133 0.051154
14 0.689259 0.210276 0.016417 0.051154
10 0.659006 0.210276 0.023452 0.051154
5 0.625000 0.210276 0.007974 0.051154
23 0.610225 0.210276 0.013133 0.051154
25 0.588884 0.210276 0.021107 0.051154
24 0.552298 0.210276 0.021107 0.051154
26 0.530722 0.210276 0.017355 0.051154
13 0.504925 0.210276 0.020169 0.051154
12 0.472795 0.210276 0.013133 0.051154
0 0.440666 0.210276 0.018293 0.051154
5 0.424484 0.210276 0.012195 0.051154
26 0.409709 0.210276 0.008912 0.051154
18 0.363508 0.210276 0.022514 0.051154
12 0.334897 0.210276 0.030957 0.051154
9 0.306285 0.210276 0.010319 0.051154
3 0.287054 0.210276 0.020638 0.051154
10 0.264775 0.210276 0.020169 0.051154
5 0.234053 0.210276 0.008443 0.051154
4 0.219512 0.210276 0.013133 0.051154
9 0.202627 0.210276 0.012195 0.051154
5 0.187852 0.210276 0.013602 0.051154
12 0.158302 0.210276 0.013602 0.051154
8 0.140009 0.210276 0.015478 0.051154
8 0.113508 0.210276 0.021576 0.051154
20 0.081848 0.210276 0.021107 0.051154
26 0.052298 0.210276 0.027674 0.051154
1 0.910882 0.253508 0.022514 0.047080
9 0.892589 0.253508 0.010319 0.047080
15 0.878518 0.253508 0.014071 0.047080
18 0.850375 0.253508 0.013133 0.047080
9 0.831144 0.253508 0.013133 0.047080
16 0.815197 0.253508 0.012195 0.047080
9 0.801126 0.253508 0.010319 0.047080
10 0.786820 0.253508 0.018293 0.047080
5 0.762430 0.253508 0.009850 0.047080
11 0.746013 0.253508 0.018293 0.047080
26 0.721857 0.253508 0.022514 0.047080
1 0.696295 0.253508 0.020169 0.047080
26 0.670732 0.253508 0.026266 0.047080
13 0.644465 0.253508 0.022514 0.047080
18 0.610694 0.253508 0.012195 0.047080
12 0.580675 0.253508 0.033771 0.047080
14 0.543386 0.253508 0.028612 0.047080
5 0.520169 0.253508 0.014071 0.047080
6 0.504690 0.253508 0.012195 0.047080
5 0.492730 0.253508 0.007974 0.047080
26 0.473265 0.253508 0.022514 0.047080
1 0.433630 0.253508 0.024859 0.047080
9 0.415338 0.253508 0.007974 0.047080
26 0.394934 0.253508 0.024390 0.047080
10 0.370544 0.253508 0.020638 0.047080
5 0.343574 0.253508 0.013602 0.047080
1 0.324109 0.253508 0.015009 0.047080
25 0.299719 0.253508 0.019700 0.047080
18 0.269700 0.253508 0.020638 0.047080
24 0.246013 0.253508 0.017355 0.047080
9 0.226548 0.253508 0.013133 0.047080
10 0.210366 0.253508 0.017355 0.047080
5 0.763368 0.297646 0.007974 0.052965
4 0.745075 0.297646 0.020169 0.052965
9 0.727955 0.297646 0.010319 0.052965
4 0.708255 0.297646 0.024390 0.052965
0 0.668856 0.297646 0.022514 0.052965
13 0.643293 0.297646 0.024859 0.052965
25 0.602955 0.297646 0.019231 0.052965
14 0.571529 0.297646 0.019231 0.052965
5 0.554878 0.297646 0.012195 0.052965
18 0.533302 0.297646 0.024390 0.052965
26 0.504925 0.297646 0.016417 0.052965
25 0.477486 0.297646 0.020638 0.052965
14 0.450047 0.297646 0.020169 0.052965
18 0.422842 0.297646 0.017355 0.052965
5 0.406191 0.297646 0.014071 0.052965
0 0.378752 0.297646 0.020169 0.052965
12 0.354128 0.297646 0.024390 0.052965
14 0.321529 0.297646 0.016417 0.052965
22 0.291510 0.297646 0.019231 0.052965
5 0.274390 0.297646 0.013133 0.052965
26 0.257974 0.297646 0.013133 0.052965
9 0.237570 0.297646 0.015478 0.052965
0 0.207317 0.297646 0.025328 0.052965
25 0.175657 0.297646 0.019231 0.052965
24 0.148218 0.297646 0.023452 0.052965
0 0.110460 0.297646 0.008912 0.052965
16 0.087477 0.297646 0.016417 0.052965
11 0.065666 0.297646 0.016886 0.052965
9 0.044090 0.297646 0.011257 0.052965
14 0.920028 0.337936 0.016417 0.047533
22 0.892355 0.337936 0.019231 0.047533
5 0.872420 0.337936 0.014071 0.047533
4 0.850375 0.337936 0.023452 0.047533
0 0.813321 0.337936 0.026266 0.047533
26 0.782833 0.337936 0.026266 0.047533
11 0.757270 0.337936 0.020169 0.047533
13 0.734991 0.337936 0.020638 0.047533
4 0.697936 0.337936 0.013133 0.047533
9 0.678471 0.337936 0.013602 0.047533
5 0.664165 0.337936 0.011257 0.047533
13 0.645403 0.337936 0.020638 0.047533
12 0.610225 0.337936 0.025328 0.047533
0 0.581379 0.337936 0.018293 0.047533
4 0.556754 0.337936 0.015947 0.047533
1 0.537992 0.337936 0.015009 0.047533
4 0.510553 0.337936 0.027674 0.047533
0 0.465291 0.337936 0.026266 0.047533
26 0.435741 0.337936 0.024390 0.047533
9 0.401501 0.337936 0.009381 0.047533
4 0.381801 0.337936 0.014071 0.047533
5 0.363039 0.337936 0.013133 0.047533
4 0.347561 0.337936 0.009381 0.047533
0 0.309334 0.337936 0.016417 0.047533
12 0.284006 0.337936 0.018293 0.047533
4 0.260084 0.337936 0.017355 0.047533
9 0.240150 0.337936 0.014071 0.047533
11 0.221388 0.337936 0.015009 0.047533
13 0.195591 0.337936 0.024390 0.047533
5 0.159709 0.337936 0.006098 0.047533
12 0.143527 0.337936 0.015947 0.047533
18 0.119606 0.337936 0.016886 0.047533
1 0.095216 0.337936 0.019700 0.047533
3 0.065666 0.337936 0.019700 0.047533
5 0.043386 0.337936 0.017355 0.047533
1 0.921201 0.372340 0.015947 0.047533
11 0.893293 0.372340 0.019231 0.047533
12 0.864681 0.373472 0.029550 0.047080
12 0.833724 0.373472 0.016417 0.047080
1 0.809803 0.373472 0.017355 0.047080
1 0.786351 0.373472 0.017355 0.047080
11 0.762899 0.374378 0.015478 0.047080
13 0.738977 0.374378 0.026735 0.047080
5 0.701689 0.374378 0.011257 0.047080
1 0.683630 0.374378 0.015478 0.047080
11 0.660178 0.375283 0.017355 0.047080
12 0.630159 0.375283 0.032364 0.047080
16 0.597561 0.375283 0.012195 0.047080
20 0.575750 0.375283 0.017355 0.047080
25 0.551829 0.376188 0.020169 0.047080
11 0.519465 0.376188 0.019231 0.047080
13 0.498358 0.376188 0.021107 0.047080
5 0.469278 0.376188 0.007974 0.047080
16 0.455910 0.377094 0.014071 0.047080
26 0.433630 0.377094 0.026735 0.047080
26 0.405253 0.377094 0.022514 0.047080
9 0.384615 0.377094 0.010319 0.047080
14 0.357176 0.378225 0.028612 0.047533
8 0.328799 0.378225 0.024390 0.047533
24 0.302298 0.378225 0.024859 0.047533
0 0.261726 0.378225 0.024390 0.047533
24 0.234053 0.379357 0.022514 0.047080
22 0.206848 0.379357 0.024390 0.047080
11 0.183161 0.379357 0.018293 0.047080
13 0.159709 0.379357 0.020169 0.047080
1 0.121013 0.380263 0.024390 0.047080
18 0.093574 0.380263 0.026735 0.047080
26 0.065197 0.380263 0.026266 0.047080
5 0.044794 0.381168 0.012664 0.047080
9 0.927767 0.419421 0.009381 0.052965
5 0.917683 0.419421 0.008912 0.052965
24 0.894231 0.419421 0.035178 0.052965
4 0.861632 0.419421 0.027205 0.052965
5 0.825985 0.420326 0.009381 0.052965
14 0.810272 0.420326 0.016417 0.052965
12 0.783302 0.420326 0.021576 0.052965
23 0.756801 0.420326 0.017355 0.052965
5 0.742026 0.421458 0.014071 0.053418
25 0.713649 0.421458 0.032364 0.053418
5 0.673780 0.421458 0.016417 0.053418
0 0.652439 0.421458 0.015947 0.053418
17 0.631098 0.422589 0.016417 0.052965
20 0.609522 0.422589 0.018293 0.052965
26 0.579503 0.422589 0.029550 0.052965
3 0.540103 0.423495 0.015478 0.052965
2 0.515244 0.423495 0.018293 0.052965
16 0.498124 0.423495 0.013133 0.052965
10 0.478424 0.423495 0.022514 0.052965
5 0.444418 0.423495 0.007036 0.052965
26 0.422842 0.424400 0.029550 0.052965
9 0.400563 0.424400 0.009381 0.052965
24 0.380159 0.424400 0.029550 0.052965
25 0.347561 0.425306 0.033771 0.052965
10 0.319184 0.425306 0.021107 0.052965
5 0.287054 0.425306 0.008443 0.052965
9 0.276735 0.425306 0.012195 0.052965
22 0.255394 0.425306 0.018293 0.052965
4 0.229128 0.426211 0.020169 0.052965
24 0.202627 0.426211 0.020638 0.052965
10 0.175422 0.426211 0.023452 0.052965
5 0.135788 0.427343 0.008912 0.053418
16 0.122655 0.427343 0.015478 0.053418
26 0.097326 0.427343 0.029550 0.053418
26 0.065666 0.427343 0.031895 0.053418
9 0.044090 0.428474 0.011257 0.052965
18 0.923780 0.466048 0.015478 0.052060
25 0.894231 0.466048 0.021107 0.052060
1 0.865150 0.466953 0.026735 0.052060
1 0.821295 0.466953 0.024390 0.052060
25 0.790807 0.466953 0.032833 0.052060
3 0.756332 0.466953 0.032364 0.052060
10 0.727720 0.466953 0.020169 0.052060
12 0.692308 0.466953 0.014071 0.052060
1 0.667214 0.466953 0.019231 0.052060
4 0.640713 0.466953 0.019700 0.052060
14 0.614212 0.466953 0.021107 0.052060
26 0.582786 0.468311 0.021107 0.052060
10 0.553705 0.468311 0.026735 0.052060
5 0.517120 0.468311 0.009850 0.052060
0 0.497186 0.468311 0.015009 0.052060
11 0.476782 0.468311 0.017355 0.052060
12 0.450047 0.468311 0.020169 0.052060
26 0.417917 0.468311 0.027205 0.052060
5 0.384615 0.468311 0.010319 0.052060
25 0.364916 0.468311 0.016886 0.052060
1 0.338415 0.468311 0.017355 0.052060
18 0.317542 0.469217 0.015947 0.052060
26 0.285178 0.469217 0.034709 0.052060
4 0.244137 0.469217 0.018293 0.052060
25 0.216932 0.469217 0.020169 0.052060
14 0.185741 0.469217 0.023452 0.052060
24 0.154081 0.469217 0.019231 0.052060
5 0.133443 0.469217 0.016417 0.052060
12 0.104362 0.469217 0.013602 0.052060
11 0.079972 0.469217 0.017355 0.052060
17 0.054409 0.470122 0.027205 0.052060
20 0.931051 0.509959 0.011257 0.052965
15 0.913462 0.509959 0.015478 0.052965
9 0.885084 0.509959 0.004690 0.052965
20 0.870779 0.509959 0.015478 0.052965
26 0.843340 0.509959 0.019700 0.052965
4 0.814728 0.509959 0.025328 0.052965
12 0.772045 0.509959 0.015009 0.052965
1 0.749296 0.509959 0.016417 0.052965
1 0.726782 0.509959 0.018293 0.052965
11 0.699812 0.509959 0.019700 0.052965
13 0.670732 0.509959 0.026266 0.052965
5 0.628049 0.509959 0.010319 0.052965
17 0.609522 0.509959 0.018293 0.052965
24 0.581379 0.509959 0.030488 0.052965
26 0.548546 0.509959 0.030488 0.052965
13 0.519934 0.509959 0.018293 0.052965
5 0.486163 0.509959 0.007036 0.052965
18 0.469747 0.509959 0.015478 0.052965
1 0.442308 0.509959 0.019700 0.052965
3 0.414869 0.509959 0.021107 0.052965
26 0.382270 0.509959 0.023452 0.052965
13 0.354597 0.509959 0.013133 0.052965
0 0.319184 0.509959 0.017355 0.052965
12 0.294090 0.509959 0.022514 0.052965
4 0.250938 0.509959 0.027205 0.052965
9 0.223030 0.509959 0.018293 0.052965
13 0.191839 0.509959 0.037523 0.052965
0 0.153612 0.509959 0.018293 0.052965
5 0.129925 0.509959 0.013133 0.052965
6 0.118668 0.509959 0.013133 0.052965
24 0.091229 0.509959 0.019231 0.052965
9 0.069184 0.509959 0.014540 0.052965
13 0.049250 0.509959 0.021576 0.052965
5 0.931989 0.547759 0.009381 0.054323
4 0.911116 0.547759 0.018293 0.054323
25 0.885553 0.548665 0.024390 0.054323
7 0.844278 0.548665 0.025328 0.054323
5 0.819418 0.548665 0.022514 0.054323
5 0.788227 0.549796 0.017355 0.053871
9 0.778612 0.549796 0.010319 0.053871
26 0.762899 0.549796 0.015478 0.053871
13 0.736398 0.550702 0.025328 0.053871
12 0.697702 0.550702 0.021107 0.053871
4 0.666745 0.551607 0.020169 0.053871
13 0.642824 0.551607 0.025797 0.053871
5 0.603189 0.551607 0.011257 0.053871
7 0.582786 0.552512 0.027674 0.053871
24 0.553236 0.552512 0.029550 0.053871
4 0.519700 0.553644 0.031895 0.054323
0 0.471857 0.553644 0.025328 0.054323
19 0.446529 0.554550 0.023452 0.054323
9 0.409709 0.554550 0.015478 0.054323
4 0.386257 0.555681 0.029550 0.053871
5 0.364916 0.555681 0.011257 0.053871
4 0.347561 0.555681 0.021576 0.053871
1 0.296670 0.556587 0.029550 0.053871
11 0.269231 0.556587 0.023452 0.053871
13 0.245779 0.557492 0.021576 0.053871
5 0.209193 0.557492 0.009381 0.053871
18 0.193949 0.557492 0.017355 0.053871
22 0.163462 0.558397 0.021107 0.053871
24 0.133443 0.558397 0.032364 0.053871
0 0.083959 0.559529 0.019700 0.054323
26 0.055113 0.560435 0.028612 0.054323
4 0.930347 0.590991 0.020169 0.055681
25 0.901970 0.590991 0.022514 0.055681
14 0.868199 0.591897 0.024390 0.055681
9 0.840760 0.591897 0.018293 0.055681
13 0.822467 0.591897 0.018293 0.055681
5 0.795966 0.593029 0.008443 0.056134
12 0.780722 0.593029 0.016417 0.056134
0 0.751642 0.593934 0.027674 0.056134
9 0.719512 0.593934 0.010319 0.056134
4 0.703799 0.593934 0.015478 0.056134
9 0.681285 0.594839 0.017355 0.056134
4 0.658068 0.594839 0.023452 0.056134
14 0.617495 0.595745 0.031426 0.056134
8 0.587711 0.595745 0.025328 0.056134
24 0.559334 0.596876 0.025797 0.055681
5 0.525094 0.596876 0.007974 0.055681
4 0.506332 0.596876 0.017355 0.055681
0 0.485694 0.597782 0.018293 0.055681
3 0.457552 0.597782 0.021107 0.055681
14 0.430113 0.598914 0.021576 0.056134
4 0.397045 0.598914 0.030488 0.056134
12 0.359991 0.599819 0.017355 0.056134
0 0.331379 0.599819 0.025797 0.056134
26 0.289634 0.600724 0.027674 0.056134
26 0.262195 0.600724 0.025328 0.056134
15 0.240854 0.600724 0.015478 0.056134
0 0.206144 0.601630 0.022983 0.056134
26 0.178471 0.602761 0.029550 0.055681
9 0.143058 0.602761 0.011257 0.055681
1 0.123124 0.602761 0.016417 0.055681
5 0.106942 0.603667 0.014071 0.055681
12 0.085600 0.603667 0.018293 0.055681
4 0.056051 0.604799 0.030488 0.056134
5 0.935038 0.643504 0.008912 0.056587
0 0.901735 0.644636 0.053002 0.057039
1 0.860225 0.644636 0.026266 0.057039
3 0.833021 0.644636 0.023452 0.057039
26 0.809334 0.644636 0.020169 0.057039
13 0.792917 0.644636 0.002345 0.057039
14 0.776970 0.644636 0.017355 0.057039
4 0.749062 0.645541 0.022514 0.057039
24 0.719278 0.645541 0.019231 0.057039
4 0.693715 0.645541 0.025328 0.057039
14 0.654081 0.645541 0.029550 0.057039
18 0.625000 0.645541 0.022045 0.057039
12 0.597326 0.645541 0.030488 0.057039
4 0.566370 0.646446 0.021107 0.057039
0 0.541979 0.646446 0.025797 0.057039
24 0.517120 0.646446 0.020169 0.057039
21 0.491557 0.646446 0.022514 0.057039
4 0.458490 0.646446 0.015478 0.057039
8 0.435038 0.646446 0.017355 0.057039
1 0.412054 0.646446 0.018293 0.057039
4 0.383208 0.647352 0.025328 0.057039
0 0.345919 0.647352 0.018293 0.057039
25 0.313555 0.647352 0.022045 0.057039
24 0.285178 0.647352 0.024390 0.057039
9 0.253518 0.647352 0.007974 0.057039
4 0.237570 0.647352 0.015478 0.057039
5 0.214822 0.648257 0.015947 0.057039
4 0.194887 0.648257 0.019231 0.057039
16 0.166041 0.648257 0.010319 0.057039
26 0.145638 0.648257 0.016417 0.057039
15 0.125235 0.648257 0.020638 0.057039
12 0.096623 0.648257 0.014071 0.057039
11 0.069653 0.648257 0.019231 0.057039
13 0.047373 0.649389 0.021576 0.056587
5 0.938086 0.685604 0.009381 0.052965
25 0.922842 0.685604 0.019231 0.052965
14 0.885553 0.686736 0.026266 0.053418
26 0.854128 0.686736 0.022514 0.053418
13 0.826923 0.686736 0.023452 0.053418
0 0.789400 0.687868 0.025328 0.052965
26 0.763837 0.687868 0.019231 0.052965
3 0.722561 0.687868 0.016417 0.052965
1 0.699812 0.688773 0.019700 0.052965
24 0.673311 0.688773 0.017355 0.052965
9 0.656895 0.688773 0.017355 0.052965
0 0.623593 0.689679 0.019231 0.052965
12 0.600610 0.689679 0.016417 0.052965
4 0.576454 0.689679 0.023452 0.052965
18 0.536351 0.690584 0.014540 0.052965
12 0.504925 0.690584 0.016417 0.052965
12 0.473265 0.690584 0.010319 0.052965
1 0.451923 0.691489 0.016417 0.052965
1 0.430582 0.691489 0.015947 0.052965
11 0.408771 0.691489 0.017355 0.052965
13 0.388837 0.691489 0.012195 0.052965
5 0.355769 0.692621 0.008912 0.053418
18 0.340994 0.692621 0.014071 0.053418
12 0.313555 0.692621 0.030488 0.053418
16 0.282364 0.693753 0.013133 0.052965
20 0.261492 0.693753 0.016417 0.052965
25 0.240150 0.693753 0.020638 0.052965
11 0.208021 0.694658 0.019231 0.052965
13 0.187617 0.694658 0.023452 0.052965
5 0.160413 0.694658 0.009381 0.052965
23 0.144700 0.694658 0.016417 0.052965
25 0.118199 0.695564 0.022514 0.052965
24 0.086069 0.695564 0.021107 0.052965
26 0.065197 0.695564 0.015947 0.052965
13 0.044794 0.696469 0.020169 0.052965
0 0.936445 0.725441 0.020169 0.053871
26 0.909006 0.726573 0.020638 0.054323
13 0.880863 0.726573 0.025328 0.054323
12 0.835131 0.727478 0.019231 0.054323
0 0.807692 0.727478 0.016886 0.054323
5 0.792448 0.727478 0.013602 0.054323
26 0.772045 0.728384 0.023452 0.054323
18 0.732411 0.728384 0.021107 0.054323
12 0.704972 0.729516 0.027205 0.053871
9 0.674484 0.729516 0.011257 0.053871
3 0.656191 0.730421 0.023452 0.053871
11 0.633677 0.730421 0.019700 0.053871
13 0.611398 0.730421 0.019231 0.053871
5 0.580206 0.731326 0.012195 0.053871
4 0.559334 0.731326 0.017355 0.053871
9 0.537992 0.731326 0.015009 0.053871
5 0.524390 0.731326 0.012195 0.053871
12 0.497186 0.732458 0.015009 0.054323
8 0.474906 0.732458 0.017355 0.054323
5 0.453565 0.732458 0.015009 0.054323
8 0.437852 0.733364 0.016417 0.054323
20 0.411116 0.733364 0.018293 0.054323
26 0.386726 0.734495 0.026735 0.053871
1 0.352720 0.734495 0.015009 0.053871
9 0.331848 0.734495 0.014540 0.053871
15 0.318715 0.734495 0.016417 0.053871
18 0.288462 0.735401 0.013133 0.053871
9 0.268762 0.735401 0.014071 0.053871
16 0.258443 0.735401 0.010319 0.053871
9 0.246717 0.735401 0.011257 0.053871
11 0.232176 0.736306 0.014071 0.053871
13 0.209193 0.736306 0.021576 0.053871
5 0.170966 0.737211 0.007974 0.053871
12 0.152674 0.737211 0.020169 0.053871
14 0.120075 0.737211 0.022514 0.053871
3 0.093574 0.738343 0.020169 0.054323
26 0.067308 0.738343 0.018293 0.054323
13 0.047842 0.739249 0.018762 0.054323
0 0.935976 0.770711 0.025797 0.058397
26 0.907598 0.770711 0.025328 0.058397
13 0.879925 0.770711 0.023452 0.058397
0 0.839353 0.771842 0.027674 0.057945
26 0.807692 0.772748 0.029081 0.057945
1 0.770872 0.772748 0.017355 0.057945
16 0.748593 0.772748 0.015009 0.057945
9 0.736867 0.773653 0.012195 0.057945
11 0.720216 0.773653 0.015478 0.057945
13 0.695122 0.773653 0.024390 0.057945
12 0.656895 0.774559 0.017355 0.057945
3 0.628987 0.774559 0.020638 0.057945
1 0.606238 0.775464 0.019231 0.057945
24 0.572702 0.775011 0.035647 0.058850
1 0.532364 0.776596 0.014071 0.058397
13 0.505863 0.776596 0.028612 0.058397
1 0.469747 0.777727 0.013602 0.057945
25 0.447467 0.777727 0.023452 0.057945
1 0.407129 0.778633 0.026266 0.057945
26 0.379221 0.778633 0.021107 0.057945
10 0.351313 0.779538 0.024390 0.057945
1 0.310507 0.779538 0.022514 0.057945
1 0.280722 0.780444 0.018293 0.057945
9 0.264775 0.780444 0.016417 0.057945
26 0.241323 0.781349 0.018293 0.057945
10 0.215760 0.781349 0.026266 0.057945
5 0.183161 0.781349 0.007974 0.057945
1 0.168386 0.782707 0.015009 0.057945
12 0.145169 0.782707 0.019231 0.057945
11 0.116088 0.783612 0.028612 0.057945
10 0.064493 0.784065 0.039869 0.058850
1 0.938555 0.825713 0.015947 0.056134
3 0.911116 0.826618 0.020169 0.056134
24 0.889071 0.826618 0.019231 0.056134
10 0.860694 0.826618 0.025328 0.056134
5 0.821998 0.827750 0.008912 0.055681
1 0.804644 0.827750 0.022983 0.055681
25 0.763837 0.827750 0.055816 0.055681
11 0.721388 0.827750 0.023452 0.055681
1 0.697702 0.828656 0.021107 0.055681
10 0.684568 0.828656 0.003283 0.055681
5 0.665103 0.828656 0.009381 0.055681
1 0.649390 0.828656 0.016417 0.055681
23 0.626407 0.828656 0.017355 0.055681
5 0.610225 0.828656 0.013133 0.055681
14 0.593105 0.829787 0.017355 0.056134
10 0.563790 0.829787 0.026266 0.056134
5 0.527674 0.829787 0.011257 0.056134
11 0.510553 0.829787 0.021107 0.056134
26 0.482880 0.830693 0.027674 0.056134
1 0.454503 0.830693 0.027205 0.056134
26 0.416979 0.830693 0.045966 0.056134
13 0.381332 0.831598 0.023452 0.056134
18 0.347092 0.831598 0.014071 0.056134
12 0.319184 0.831598 0.015478 0.056134
14 0.273218 0.832503 0.019231 0.056134
6 0.246013 0.832503 0.017355 0.056134
5 0.233583 0.832503 0.013133 0.056134
6 0.216698 0.832503 0.012195 0.056134
5 0.204737 0.832503 0.016417 0.056134
26 0.166979 0.833635 0.038462 0.055681
1 0.120544 0.833635 0.009381 0.055681
9 0.103424 0.833635 0.017355 0.055681
26 0.074812 0.833635 0.021107 0.055681
10 0.052533 0.834541 0.013133 0.055681
5 0.948171 0.872340 0.008912 0.065188
1 0.930816 0.872340 0.019231 0.065188
25 0.898218 0.872340 0.025328 0.065188
18 0.865854 0.872340 0.023452 0.065188
24 0.840291 0.873472 0.019231 0.064735
9 0.820356 0.873472 0.014071 0.064735
10 0.802533 0.873472 0.023452 0.064735
12 0.768996 0.873472 0.008912 0.064735
14 0.749765 0.873472 0.019231 0.064735
18 0.717167 0.874378 0.023452 0.064735
15 0.690666 0.874378 0.015478 0.064735
9 0.670732 0.874378 0.010319 0.064735
24 0.651970 0.874378 0.016886 0.064735
1 0.626407 0.874378 0.019231 0.064735
5 0.605535 0.875283 0.012195 0.064735
9 0.574109 0.875283 0.008443 0.064735
14 0.560741 0.875283 0.018293 0.064735
9 0.528846 0.875283 0.019231 0.064735
11 0.515009 0.875283 0.014071 0.064735
13 0.487570 0.876188 0.028612 0.064735
5 0.448405 0.876188 0.007505 0.064735
9 0.438086 0.876188 0.011257 0.064735
14 0.424484 0.876188 0.015947 0.064735
9 0.397045 0.876188 0.018293 0.064735
1 0.361398 0.877320 0.018293 0.065188
16 0.340056 0.877320 0.014071 0.065188
9 0.327392 0.877320 0.013133 0.065188
11 0.307927 0.877320 0.017355 0.065188
13 0.279784 0.878452 0.028612 0.064735
18 0.244841 0.878452 0.031895 0.064735
12 0.205441 0.878452 0.034709 0.064735
4 0.164869 0.878452 0.020169 0.064735
0 0.132739 0.879357 0.023452 0.064735
3 0.106707 0.879357 0.018293 0.064735
14 0.087008 0.879357 0.019231 0.064735
4 0.053471 0.880263 0.033771 0.064735
0 0.942073 0.907198 0.019231 0.054323
25 0.913696 0.907198 0.021576 0.054323
24 0.879456 0.907198 0.028143 0.054323
16 0.848968 0.908330 0.022514 0.053871
25 0.825516 0.908330 0.018762 0.053871
1 0.791979 0.908330 0.020169 0.053871
18 0.764775 0.908330 0.029550 0.053871
9 0.730300 0.908330 0.009381 0.053871
4 0.709662 0.908330 0.024390 0.053871
5 0.691135 0.908330 0.009850 0.053871
4 0.672842 0.908330 0.022045 0.053871
12 0.634850 0.909235 0.017355 0.053871
0 0.607176 0.909235 0.019231 0.053871
1 0.584193 0.909235 0.016417 0.053871
26 0.563555 0.909235 0.017355 0.053871
9 0.540572 0.909235 0.014540 0.053871
11 0.524625 0.909235 0.015478 0.053871
13 0.494606 0.909235 0.028612 0.053871
12 0.457552 0.909235 0.017355 0.053871
26 0.425891 0.910140 0.021576 0.053871
26 0.395638 0.910140 0.029550 0.053871
12 0.354831 0.910140 0.017355 0.053871
4 0.328096 0.910140 0.017355 0.053871
13 0.301360 0.910140 0.028612 0.053871
11 0.254925 0.910140 0.019231 0.053871
9 0.234053 0.911272 0.012195 0.054323
14 0.218340 0.911272 0.013602 0.054323
9 0.196295 0.911272 0.018293 0.054323
4 0.158771 0.911272 0.020169 0.054323
25 0.125704 0.911272 0.023452 0.054323
14 0.091932 0.911272 0.023452 0.054323
9 0.065666 0.911272 0.015009 0.054323
13 0.049250 0.912177 0.021576 0.054323
18 0.946060 0.955410 0.013133 0.048438
12 0.912523 0.955862 0.039869 0.049344
4 0.877814 0.956768 0.019231 0.049344
0 0.852017 0.958352 0.018293 0.047986
24 0.828096 0.958805 0.019231 0.048891
21 0.798546 0.959710 0.029550 0.048891
