5 0.919462 0.257511 0.002603 0.343348
4 0.914980 0.257511 0.004627 0.343348
9 0.908039 0.257511 0.004049 0.343348
4 0.905726 0.257511 0.002313 0.343348
0 0.896472 0.257511 0.002892 0.343348
13 0.891700 0.257511 0.003181 0.343348
25 0.880133 0.257511 0.003181 0.343348
14 0.873337 0.257511 0.006362 0.343348
18 0.863939 0.257511 0.004916 0.343348
26 0.857143 0.257511 0.004049 0.343348
25 0.847889 0.257511 0.006362 0.343348
14 0.840949 0.257511 0.005205 0.343348
18 0.833864 0.257511 0.005495 0.343348
5 0.827068 0.257511 0.004049 0.343348
0 0.820127 0.257511 0.002892 0.343348
12 0.815356 0.257511 0.003181 0.343348
14 0.803933 0.257511 0.003470 0.343348
22 0.796848 0.257511 0.005495 0.343348
5 0.790052 0.257511 0.004627 0.343348
26 0.785425 0.257511 0.004049 0.343348
9 0.780654 0.257511 0.003181 0.343348
0 0.771400 0.257511 0.003181 0.343348
25 0.764604 0.257511 0.006362 0.343348
24 0.755205 0.257511 0.004916 0.343348
0 0.746096 0.257511 0.002892 0.343348
16 0.741324 0.257511 0.003759 0.343348
11 0.736842 0.257511 0.004049 0.343348
9 0.732071 0.257511 0.003181 0.343348
14 0.725275 0.257511 0.004049 0.343348
22 0.716021 0.257511 0.006362 0.343348
5 0.708936 0.257511 0.004916 0.343348
4 0.704309 0.257511 0.003181 0.343348
0 0.695200 0.257511 0.003470 0.343348
26 0.688548 0.257511 0.005205 0.343348
11 0.681463 0.257511 0.005495 0.343348
13 0.674667 0.257511 0.004049 0.343348
4 0.665269 0.257511 0.003759 0.343348
9 0.658473 0.257511 0.004049 0.343348
5 0.656160 0.257511 0.002892 0.343348
13 0.651388 0.257511 0.003181 0.343348
12 0.639965 0.257511 0.003470 0.343348
0 0.633025 0.257511 0.005205 0.343348
4 0.626084 0.257511 0.005205 0.343348
1 0.618999 0.257511 0.005495 0.343348
4 0.612204 0.257511 0.004049 0.343348
0 0.600492 0.257511 0.003759 0.343348
26 0.593696 0.257511 0.004049 0.343348
9 0.582128 0.257511 0.002892 0.343348
4 0.577501 0.257511 0.003470 0.343348
5 0.572874 0.257511 0.004627 0.343348
4 0.565934 0.257511 0.004049 0.343348
0 0.556680 0.257511 0.003470 0.343348
12 0.549740 0.257511 0.005205 0.343348
4 0.542655 0.257511 0.005495 0.343348
9 0.535859 0.257511 0.004627 0.343348
11 0.531232 0.257511 0.004627 0.343348
13 0.524291 0.257511 0.004049 0.343348
5 0.515038 0.257511 0.002892 0.343348
12 0.510411 0.257511 0.004049 0.343348
18 0.503470 0.257511 0.006362 0.343348
1 0.494216 0.257511 0.005205 0.343348
3 0.489445 0.257511 0.005495 0.343348
5 0.480191 0.257511 0.004916 0.343348
1 0.473395 0.257511 0.003470 0.343348
11 0.466310 0.257511 0.005495 0.343348
12 0.459514 0.257511 0.004049 0.343348
12 0.450260 0.257511 0.004049 0.343348
1 0.441006 0.257511 0.006362 0.343348
1 0.434066 0.257511 0.005205 0.343348
11 0.426981 0.257511 0.005495 0.343348
13 0.420185 0.257511 0.004049 0.343348
5 0.410931 0.257511 0.002892 0.343348
1 0.406160 0.257511 0.004338 0.343348
11 0.399219 0.257511 0.005495 0.343348
12 0.392423 0.257511 0.004049 0.343348
16 0.383169 0.257511 0.003470 0.343348
20 0.376229 0.257511 0.005205 0.343348
25 0.369144 0.257511 0.006073 0.343348
11 0.360035 0.257511 0.006362 0.343348
13 0.353094 0.257511 0.004049 0.343348
5 0.343840 0.257511 0.002892 0.343348
16 0.339213 0.257511 0.003470 0.343348
26 0.334586 0.257511 0.005205 0.343348
26 0.325333 0.257511 0.006362 0.343348
9 0.318392 0.257511 0.004049 0.343348
14 0.311452 0.257511 0.003470 0.343348
8 0.304367 0.257511 0.005495 0.343348
24 0.297571 0.257511 0.004049 0.343348
0 0.286003 0.257511 0.003470 0.343348
24 0.278918 0.257511 0.006073 0.343348
22 0.269809 0.257511 0.006362 0.343348
11 0.262724 0.257511 0.005495 0.343348
13 0.255928 0.257511 0.004049 0.343348
1 0.246674 0.257511 0.003470 0.343348
18 0.239734 0.257511 0.005784 0.343348
26 0.230769 0.257511 0.006362 0.343348
5 0.223829 0.257511 0.004049 0.343348
9 0.219202 0.257511 0.002892 0.343348
5 0.214575 0.257511 0.003470 0.343348
24 0.209948 0.257511 0.004627 0.343348
4 0.203008 0.257511 0.004049 0.343348
5 0.196067 0.257511 0.002892 0.343348
14 0.191440 0.257511 0.004049 0.343348
12 0.184500 0.257511 0.006362 0.343348
23 0.175101 0.257511 0.005495 0.343348
5 0.170619 0.257511 0.004627 0.343348
25 0.163678 0.257511 0.004049 0.343348
5 0.154425 0.257511 0.002892 0.343348
0 0.149653 0.257511 0.004338 0.343348
17 0.142857 0.257511 0.005205 0.343348
20 0.135917 0.257511 0.006362 0.343348
26 0.126518 0.257511 0.004916 0.343348
3 0.117409 0.257511 0.003470 0.343348
2 0.110468 0.257511 0.004627 0.343348
16 0.105842 0.257511 0.004049 0.343348
10 0.101070 0.257511 0.003181 0.343348
5 0.091816 0.257511 0.002603 0.343348
26 0.087334 0.257511 0.005205 0.343348
9 0.077935 0.257511 0.005495 0.343348
24 0.073453 0.257511 0.004049 0.343348
25 0.066512 0.257511 0.006362 0.343348
10 0.057114 0.257511 0.004916 0.343348
5 0.050318 0.257511 0.002892 0.343348
9 0.045547 0.257511 0.004338 0.343348
22 0.038751 0.257511 0.005205 0.343348
4 0.031810 0.257511 0.005205 0.343348
24 0.024725 0.257511 0.005495 0.343348
10 0.017929 0.257511 0.004049 0.343348
9 0.983661 0.570815 0.003181 0.214592
1 0.977733 0.570815 0.004627 0.214592
5 0.971660 0.570815 0.003470 0.214592
12 0.967756 0.570815 0.004338 0.214592
4 0.960093 0.570815 0.003470 0.214592
5 0.952863 0.570815 0.003470 0.214592
0 0.946645 0.570815 0.004916 0.214592
1 0.941006 0.566524 0.005205 0.214592
3 0.933488 0.566524 0.006362 0.214592
26 0.924378 0.566524 0.006073 0.214592
13 0.916715 0.566524 0.002892 0.214592
14 0.909630 0.570815 0.004338 0.214592
4 0.900954 0.570815 0.006073 0.214592
24 0.893146 0.570815 0.006073 0.214592
4 0.884615 0.566524 0.003470 0.214592
14 0.875651 0.566524 0.004627 0.214592
18 0.866541 0.566524 0.006651 0.214592
12 0.859167 0.566524 0.002892 0.214592
4 0.843117 0.570815 0.003759 0.214592
0 0.833285 0.549356 0.010121 0.223176
24 0.828514 0.517167 0.010989 0.227468
26 0.818971 0.448498 0.009254 0.218884
9 0.812319 0.401288 0.003470 0.218884
25 0.807548 0.396996 0.006651 0.218884
1 0.797860 0.388412 0.007519 0.218884
18 0.789474 0.384120 0.006940 0.218884
26 0.782822 0.371245 0.009254 0.218884
4 0.774002 0.431330 0.009543 0.218884
25 0.766484 0.478541 0.011278 0.227468
24 0.757230 0.545064 0.002603 0.214592
9 0.749566 0.545064 0.002892 0.214592
4 0.744505 0.545064 0.003759 0.214592
5 0.740457 0.545064 0.003181 0.214592
4 0.736553 0.545064 0.002313 0.214592
20 0.707056 0.422747 0.007519 0.218884
15 0.704453 0.396996 0.006362 0.218884
9 0.698236 0.422747 0.006651 0.218884
20 0.693031 0.442060 0.008386 0.223176
26 0.686379 0.474249 0.008965 0.227468
4 0.680162 0.506438 0.006940 0.214592
12 0.665703 0.521459 0.008676 0.218884
1 0.658762 0.487124 0.009254 0.227468
1 0.652689 0.454936 0.008676 0.223176
11 0.646038 0.424893 0.008676 0.223176
13 0.640977 0.396996 0.004916 0.218884
5 0.636206 0.429185 0.007519 0.214592
17 0.631579 0.444206 0.010411 0.227468
3 0.622470 0.504292 0.010700 0.227468
1 0.616108 0.545064 0.010121 0.223176
24 0.606420 0.564378 0.005205 0.218884
9 0.601070 0.557940 0.003181 0.214592
0 0.592394 0.549356 0.003759 0.214592
12 0.586466 0.547210 0.006940 0.218884
4 0.576345 0.542918 0.004627 0.218884
18 0.565934 0.553648 0.004049 0.214592
12 0.559427 0.555794 0.003759 0.218884
9 0.529208 0.437768 0.006940 0.214592
13 0.524436 0.416309 0.007230 0.214592
0 0.517496 0.401288 0.013013 0.244635
12 0.497542 0.515021 0.011857 0.240343
16 0.485830 0.566524 0.002892 0.214592
20 0.480769 0.566524 0.004916 0.214592
25 0.473540 0.566524 0.006073 0.214592
11 0.464864 0.566524 0.006073 0.214592
13 0.457201 0.566524 0.002892 0.214592
5 0.449682 0.566524 0.002892 0.214592
23 0.444332 0.566524 0.004916 0.214592
25 0.437392 0.566524 0.005495 0.214592
24 0.426403 0.575107 0.017062 0.266094
26 0.400521 0.437768 0.015616 0.257511
13 0.396906 0.418455 0.006651 0.210300
12 0.375795 0.530043 0.008965 0.218884
0 0.365240 0.562232 0.004627 0.214592
5 0.361336 0.562232 0.003759 0.214592
26 0.354540 0.562232 0.002892 0.214592
18 0.344708 0.562232 0.003470 0.214592
12 0.335020 0.575107 0.016484 0.266094
1 0.311018 0.439914 0.014170 0.253219
11 0.308994 0.396996 0.007808 0.218884
13 0.302776 0.429185 0.007519 0.214592
0 0.259543 0.480687 0.008386 0.223176
26 0.251301 0.448498 0.011567 0.236052
13 0.244650 0.412017 0.008676 0.223176
12 0.200260 0.487124 0.008965 0.218884
0 0.192741 0.437768 0.008386 0.214592
9 0.186235 0.407725 0.003470 0.214592
4 0.179439 0.407725 0.004916 0.214592
9 0.173366 0.407725 0.003759 0.214592
4 0.168739 0.412017 0.002024 0.214592
14 0.160208 0.409871 0.004627 0.218884
8 0.152545 0.418455 0.007230 0.218884
24 0.143291 0.427039 0.004338 0.218884
5 0.133892 0.435622 0.004049 0.218884
4 0.129555 0.435622 0.009254 0.227468
0 0.123626 0.472103 0.008965 0.223176
13 0.117987 0.506438 0.007519 0.214592
0 0.109890 0.551502 0.008097 0.218884
26 0.103383 0.581545 0.007808 0.218884
1 0.093117 0.613734 0.003470 0.214592
16 0.087912 0.615880 0.004627 0.218884
9 0.083719 0.620172 0.003759 0.218884
11 0.079815 0.624464 0.004627 0.218884
13 0.074320 0.628755 0.003470 0.218884
12 0.062319 0.596567 0.008386 0.223176
0 0.054511 0.568670 0.013013 0.244635
15 0.041643 0.497854 0.005784 0.214592
0 0.031810 0.497854 0.006362 0.214592
26 0.018074 0.506438 0.005495 0.214592
5 0.294679 0.422747 0.004627 0.304721
18 0.288317 0.422747 0.005784 0.304721
22 0.277328 0.422747 0.006940 0.304721
24 0.268797 0.422747 0.008386 0.304721
1 0.982504 0.751073 0.004916 0.300429
25 0.975998 0.751073 0.005205 0.300429
1 0.968045 0.751073 0.006073 0.300429
26 0.959948 0.751073 0.006073 0.300429
10 0.951562 0.751073 0.007230 0.300429
1 0.943464 0.751073 0.007808 0.300429
1 0.935512 0.751073 0.004627 0.300429
9 0.929584 0.751073 0.004916 0.300429
26 0.923366 0.751073 0.004627 0.300429
10 0.911510 0.751073 0.017351 0.300429
5 0.911365 0.751073 0.003181 0.300429
1 0.905292 0.751073 0.003759 0.300429
12 0.901243 0.751073 0.004338 0.300429
11 0.893146 0.751073 0.005495 0.300429
26 0.887073 0.751073 0.004916 0.300429
10 0.880856 0.751073 0.003470 0.300429
1 0.873626 0.751073 0.005205 0.300429
3 0.866831 0.751073 0.005495 0.300429
24 0.858733 0.751073 0.005495 0.300429
10 0.852227 0.751073 0.006362 0.300429
5 0.846154 0.751073 0.003470 0.300429
1 0.840515 0.751073 0.004338 0.300429
25 0.834442 0.751073 0.006073 0.300429
11 0.824176 0.751073 0.006362 0.300429
1 0.818103 0.751073 0.004627 0.300429
10 0.811163 0.751073 0.007519 0.300429
5 0.803788 0.751073 0.003759 0.300429
1 0.797860 0.751073 0.004627 0.300429
23 0.791932 0.751073 0.004916 0.300429
5 0.785714 0.751073 0.004049 0.300429
14 0.781810 0.751073 0.003759 0.300429
10 0.775014 0.751073 0.006940 0.300429
5 0.766484 0.751073 0.002024 0.300429
11 0.761423 0.751073 0.004627 0.300429
26 0.755495 0.751073 0.005495 0.300429
1 0.747397 0.751073 0.005495 0.300429
26 0.741180 0.751073 0.004627 0.300429
13 0.733950 0.751073 0.008097 0.300429
18 0.725998 0.751073 0.006651 0.300429
12 0.715009 0.751073 0.010700 0.300429
14 0.706333 0.751073 0.004338 0.300429
6 0.698814 0.751073 0.004916 0.300429
5 0.694621 0.751073 0.003470 0.300429
6 0.690573 0.751073 0.003470 0.300429
5 0.686669 0.751073 0.003181 0.300429
26 0.681174 0.751073 0.006651 0.300429
1 0.672932 0.751073 0.005205 0.300429
9 0.666426 0.751073 0.004916 0.300429
26 0.660208 0.751073 0.004627 0.300429
10 0.652689 0.751073 0.008676 0.300429
5 0.645894 0.751073 0.002603 0.300429
1 0.642134 0.751073 0.003759 0.300429
25 0.635917 0.751073 0.005205 0.300429
18 0.627964 0.751073 0.006073 0.300429
24 0.619722 0.751073 0.005784 0.300429
9 0.613650 0.751073 0.004049 0.300429
10 0.609167 0.751073 0.004916 0.300429
12 0.601359 0.751073 0.004916 0.300429
14 0.593551 0.751073 0.006073 0.300429
18 0.585454 0.751073 0.006073 0.300429
15 0.578369 0.751073 0.004627 0.300429
9 0.572152 0.751073 0.002024 0.300429
24 0.567235 0.751073 0.004916 0.300429
1 0.561018 0.751073 0.004049 0.300429
5 0.556825 0.751073 0.004338 0.300429
9 0.550896 0.751073 0.001735 0.300429
14 0.547137 0.751073 0.004627 0.300429
9 0.539184 0.751073 0.004916 0.300429
11 0.535136 0.751073 0.003759 0.300429
13 0.527617 0.751073 0.008386 0.300429
5 0.520821 0.751073 0.002892 0.300429
9 0.516917 0.751073 0.003181 0.300429
14 0.512869 0.751073 0.003759 0.300429
9 0.502603 0.751073 0.013881 0.300429
1 0.500723 0.751073 0.003181 0.300429
16 0.494505 0.751073 0.004049 0.300429
9 0.490602 0.751073 0.003181 0.300429
11 0.486408 0.751073 0.004627 0.300429
13 0.478456 0.751073 0.004338 0.300429
18 0.469491 0.751073 0.007230 0.300429
12 0.458791 0.751073 0.009543 0.300429
4 0.450405 0.751073 0.004916 0.300429
0 0.444043 0.751073 0.004916 0.300429
3 0.437825 0.751073 0.004627 0.300429
14 0.431752 0.751073 0.005205 0.300429
4 0.422354 0.751073 0.009543 0.300429
0 0.413678 0.751073 0.002603 0.300429
25 0.407606 0.751073 0.006073 0.300429
24 0.397340 0.751073 0.005205 0.300429
16 0.391267 0.751073 0.003470 0.300429
25 0.383314 0.751073 0.006073 0.300429
1 0.375072 0.751073 0.006362 0.300429
18 0.367120 0.751073 0.004338 0.300429
9 0.358589 0.751073 0.003470 0.300429
4 0.352805 0.751073 0.004049 0.300429
5 0.348901 0.751073 0.003759 0.300429
4 0.342250 0.751073 0.006651 0.300429
12 0.334008 0.751073 0.004049 0.300429
0 0.326634 0.751073 0.005495 0.300429
1 0.320416 0.751073 0.004627 0.300429
26 0.314488 0.751073 0.004916 0.300429
9 0.308271 0.751073 0.004049 0.300429
11 0.304367 0.751073 0.004338 0.300429
13 0.295547 0.751073 0.008097 0.300429
12 0.288028 0.751073 0.003470 0.300429
26 0.279931 0.751073 0.006362 0.300429
26 0.271978 0.751073 0.004338 0.300429
12 0.263881 0.751073 0.003759 0.300429
4 0.255639 0.751073 0.005784 0.300429
13 0.249566 0.751073 0.003470 0.300429
11 0.240168 0.751073 0.004338 0.300429
9 0.235396 0.751073 0.004049 0.300429
14 0.229323 0.751073 0.004627 0.300429
9 0.223250 0.751073 0.005784 0.300429
4 0.215876 0.751073 0.005495 0.300429
25 0.209080 0.751073 0.005205 0.300429
14 0.201128 0.751073 0.006073 0.300429
9 0.193031 0.751073 0.005495 0.300429
13 0.186524 0.751073 0.006362 0.300429
18 0.176836 0.751073 0.003759 0.300429
12 0.168739 0.751073 0.004338 0.300429
4 0.158618 0.751073 0.003181 0.300429
0 0.152545 0.751073 0.004338 0.300429
24 0.146472 0.751073 0.006073 0.300429
21 0.136206 0.751073 0.005205 0.300429
