5 0.947296 0.113534 0.004236 0.206015
4 0.940444 0.113534 0.006479 0.206015
9 0.930102 0.113534 0.008223 0.206015
4 0.919885 0.113534 0.005731 0.206015
0 0.895839 0.113534 0.004485 0.206015
13 0.888861 0.113534 0.004485 0.206015
25 0.861824 0.113534 0.005731 0.206015
14 0.848368 0.113534 0.010715 0.206015
18 0.834538 0.113534 0.007476 0.206015
26 0.810989 0.113534 0.005731 0.206015
25 0.797035 0.113534 0.011214 0.206015
14 0.779965 0.113534 0.011463 0.206015
18 0.766260 0.113534 0.009469 0.206015
5 0.756417 0.113534 0.005731 0.206015
0 0.739472 0.113534 0.014204 0.206015
12 0.723524 0.113534 0.012709 0.206015
14 0.709320 0.113534 0.011214 0.206015
22 0.694742 0.113534 0.009469 0.206015
5 0.684276 0.113534 0.007974 0.206015
26 0.673935 0.113534 0.007725 0.206015
9 0.661475 0.113534 0.013705 0.206015
0 0.644779 0.113534 0.011214 0.206015
25 0.628582 0.113534 0.016197 0.206015
24 0.614254 0.113534 0.010466 0.206015
0 0.597184 0.113534 0.010715 0.206015
16 0.588213 0.113534 0.005731 0.206015
11 0.579741 0.113534 0.008223 0.206015
9 0.572390 0.113534 0.004984 0.206015
14 0.554448 0.113534 0.011463 0.206015
22 0.541864 0.113534 0.010715 0.206015
5 0.532893 0.113534 0.004236 0.206015
4 0.524794 0.113534 0.008971 0.206015
0 0.503613 0.113534 0.010466 0.206015
26 0.491777 0.113534 0.009718 0.206015
11 0.480812 0.113534 0.007227 0.206015
13 0.470596 0.113534 0.009718 0.206015
4 0.453775 0.113534 0.008971 0.206015
9 0.445303 0.113534 0.004984 0.206015
5 0.439198 0.113534 0.004236 0.206015
13 0.429853 0.113534 0.011463 0.206015
12 0.413656 0.113534 0.006479 0.206015
0 0.401445 0.113534 0.008971 0.206015
4 0.391229 0.113534 0.008971 0.206015
1 0.377398 0.113534 0.009718 0.206015
4 0.362696 0.113534 0.013705 0.206015
0 0.341515 0.113534 0.012210 0.206015
26 0.328557 0.113534 0.010715 0.206015
9 0.313107 0.113534 0.005731 0.206015
4 0.304510 0.113534 0.009968 0.206015
5 0.296287 0.113534 0.004984 0.206015
4 0.287815 0.113534 0.010466 0.206015
0 0.269250 0.113534 0.008722 0.206015
12 0.258161 0.113534 0.008971 0.206015
4 0.244331 0.113534 0.009718 0.206015
9 0.233990 0.113534 0.006479 0.206015
11 0.227137 0.113534 0.007227 0.206015
13 0.212808 0.113534 0.013456 0.206015
5 0.193122 0.113534 0.004485 0.206015
12 0.186270 0.113534 0.007725 0.206015
18 0.172689 0.113534 0.008971 0.206015
1 0.162472 0.113534 0.008971 0.206015
3 0.149016 0.113534 0.008971 0.206015
5 0.139422 0.113534 0.006728 0.206015
1 0.119611 0.113534 0.011463 0.206015
11 0.107526 0.113534 0.009718 0.206015
12 0.094817 0.113534 0.013705 0.206015
12 0.070521 0.113534 0.008971 0.206015
1 0.056566 0.113534 0.010466 0.206015
1 0.043110 0.113534 0.008971 0.206015
11 0.032769 0.113534 0.008722 0.206015
13 0.018191 0.113534 0.013456 0.206015
5 0.988163 0.224812 0.002741 0.163910
1 0.981685 0.224812 0.006230 0.163910
11 0.973586 0.224812 0.006977 0.163910
12 0.958634 0.224812 0.017942 0.163910
16 0.943558 0.227068 0.005731 0.165414
20 0.934712 0.227068 0.010466 0.165414
25 0.919138 0.227068 0.017194 0.165414
11 0.905308 0.227068 0.007476 0.165414
13 0.895589 0.229323 0.008971 0.163910
5 0.881884 0.229323 0.001994 0.163910
16 0.877025 0.229323 0.006230 0.163910
26 0.866309 0.229323 0.008223 0.163910
26 0.855719 0.229323 0.007476 0.163910
9 0.846748 0.229323 0.008971 0.163910
14 0.827560 0.232331 0.011463 0.163910
8 0.815350 0.232331 0.011463 0.163910
24 0.801894 0.232331 0.010466 0.163910
0 0.782831 0.232331 0.011214 0.163910
24 0.769998 0.234586 0.008472 0.165414
22 0.756541 0.234586 0.009968 0.165414
11 0.742960 0.234586 0.008223 0.165414
13 0.733117 0.234586 0.011463 0.165414
1 0.712808 0.236842 0.006728 0.163910
18 0.700349 0.236842 0.010217 0.163910
26 0.686768 0.236842 0.008971 0.163910
5 0.675305 0.236842 0.011463 0.163910
9 0.662223 0.236842 0.003239 0.163910
5 0.657364 0.239850 0.004984 0.163910
24 0.649514 0.239850 0.007725 0.163910
4 0.634064 0.239850 0.015201 0.163910
5 0.613631 0.239850 0.002741 0.163910
14 0.606653 0.239850 0.007725 0.163910
12 0.593322 0.242105 0.009469 0.165414
23 0.582108 0.242105 0.007476 0.165414
5 0.574632 0.242105 0.006977 0.165414
25 0.559556 0.242105 0.017692 0.165414
5 0.540369 0.244361 0.007725 0.163910
0 0.531398 0.244361 0.006230 0.163910
17 0.523299 0.244361 0.007974 0.163910
20 0.510092 0.244361 0.008971 0.163910
26 0.498006 0.244361 0.011712 0.163910
3 0.481186 0.246617 0.007476 0.165414
2 0.472464 0.246617 0.005981 0.165414
16 0.464740 0.246617 0.005981 0.165414
10 0.453277 0.246617 0.013456 0.165414
5 0.442935 0.246617 0.004236 0.165414
26 0.434961 0.246617 0.006728 0.165414
9 0.424371 0.249624 0.006977 0.165414
24 0.416023 0.249624 0.007227 0.165414
25 0.402691 0.249624 0.010964 0.165414
10 0.386868 0.249624 0.007725 0.165414
5 0.370421 0.251880 0.003239 0.163910
9 0.365437 0.251880 0.005233 0.163910
22 0.354722 0.251880 0.009220 0.163910
4 0.338400 0.251880 0.010964 0.163910
24 0.325069 0.251880 0.009220 0.163910
10 0.314353 0.251880 0.005731 0.163910
5 0.298779 0.254135 0.003987 0.165414
16 0.292923 0.254135 0.006230 0.165414
26 0.282083 0.254135 0.008971 0.165414
26 0.268627 0.254135 0.008971 0.165414
9 0.258286 0.254135 0.009220 0.165414
18 0.233740 0.256391 0.008971 0.163910
25 0.217792 0.256391 0.011463 0.163910
1 0.201470 0.259398 0.014702 0.163910
1 0.176302 0.259398 0.009718 0.163910
25 0.161849 0.259398 0.011712 0.163910
3 0.143035 0.259398 0.010964 0.163910
10 0.131323 0.261654 0.010964 0.165414
12 0.113132 0.261654 0.004984 0.165414
1 0.099925 0.261654 0.012460 0.165414
4 0.078495 0.263910 0.011463 0.163910
14 0.065412 0.263910 0.016696 0.163910
26 0.030401 0.263910 0.017443 0.163910
15 0.023050 0.266917 0.002741 0.163910
5 0.987540 0.339098 0.003987 0.172932
0 0.979566 0.341353 0.006977 0.171429
11 0.968477 0.341353 0.008223 0.171429
12 0.957638 0.341353 0.008472 0.171429
4 0.946300 0.341353 0.006230 0.171429
5 0.929728 0.341353 0.004984 0.171429
25 0.918515 0.341353 0.009469 0.171429
1 0.904560 0.344361 0.008971 0.171429
18 0.893720 0.344361 0.009220 0.171429
4 0.879890 0.344361 0.006977 0.171429
4 0.860827 0.344361 0.005233 0.171429
25 0.846997 0.346617 0.010964 0.172932
14 0.830052 0.346617 0.011463 0.172932
24 0.816222 0.346617 0.009718 0.172932
5 0.805383 0.346617 0.005981 0.172932
12 0.793795 0.346617 0.004735 0.172932
11 0.782955 0.346617 0.008472 0.172932
13 0.771991 0.348872 0.005981 0.171429
20 0.753925 0.348872 0.012210 0.171429
15 0.743334 0.348872 0.005482 0.171429
9 0.727386 0.348872 0.004984 0.171429
20 0.719537 0.348872 0.006728 0.171429
26 0.708448 0.351128 0.008472 0.172932
4 0.694867 0.351128 0.011214 0.172932
12 0.678046 0.351128 0.005981 0.172932
1 0.669200 0.351128 0.007227 0.172932
1 0.658360 0.351128 0.008472 0.172932
11 0.647271 0.353383 0.008223 0.171429
13 0.634687 0.353383 0.012958 0.171429
5 0.616247 0.353383 0.003987 0.171429
17 0.608771 0.353383 0.006977 0.171429
24 0.597807 0.353383 0.009469 0.171429
26 0.583977 0.353383 0.009220 0.171429
13 0.571642 0.356391 0.010964 0.171429
5 0.557937 0.356391 0.008472 0.171429
18 0.547720 0.356391 0.008472 0.171429
1 0.533890 0.356391 0.008722 0.171429
3 0.525542 0.356391 0.007974 0.171429
26 0.511837 0.358647 0.009469 0.172932
13 0.498505 0.358647 0.014204 0.172932
0 0.477324 0.358647 0.011712 0.172932
12 0.461749 0.358647 0.010964 0.172932
4 0.445303 0.360902 0.010466 0.171429
9 0.434214 0.360902 0.007725 0.171429
13 0.424122 0.360902 0.010466 0.171429
0 0.403439 0.360902 0.006479 0.171429
6 0.392599 0.360902 0.007725 0.171429
5 0.384500 0.360902 0.005981 0.171429
24 0.376153 0.363910 0.007227 0.171429
9 0.364939 0.363910 0.007725 0.171429
13 0.354598 0.363910 0.011463 0.171429
5 0.337030 0.363910 0.004735 0.171429
4 0.326190 0.363910 0.008472 0.171429
25 0.312360 0.366165 0.011712 0.172932
7 0.293297 0.366165 0.011961 0.172932
5 0.279342 0.366165 0.011463 0.172932
5 0.262771 0.366165 0.008722 0.172932
9 0.257040 0.366165 0.007725 0.172932
26 0.240344 0.368421 0.011712 0.171429
13 0.226514 0.368421 0.006977 0.171429
12 0.207202 0.368421 0.005731 0.171429
4 0.193372 0.368421 0.009968 0.171429
13 0.182532 0.368421 0.006230 0.171429
5 0.167331 0.370677 0.003239 0.172932
6 0.160105 0.370677 0.005233 0.172932
5 0.154872 0.370677 0.006230 0.172932
24 0.143284 0.370677 0.007974 0.172932
4 0.130326 0.370677 0.013955 0.172932
0 0.112260 0.372932 0.012210 0.171429
19 0.099801 0.372932 0.009718 0.171429
9 0.080239 0.372932 0.004984 0.171429
4 0.067157 0.372932 0.017692 0.171429
5 0.054946 0.372932 0.004735 0.171429
24 0.045976 0.375940 0.010715 0.171429
1 0.986170 0.468421 0.007725 0.178947
11 0.978320 0.468421 0.006977 0.178947
13 0.969474 0.468421 0.008722 0.178947
5 0.953651 0.468421 0.004485 0.178947
18 0.945054 0.469925 0.010217 0.178947
22 0.934463 0.469925 0.009968 0.178947
24 0.923499 0.469925 0.009469 0.178947
0 0.905931 0.469925 0.010217 0.178947
26 0.893347 0.472932 0.014453 0.178947
4 0.877523 0.472932 0.010217 0.178947
25 0.862821 0.472932 0.016696 0.178947
14 0.848119 0.475188 0.010217 0.180451
9 0.838400 0.475188 0.005233 0.180451
13 0.829803 0.475188 0.009469 0.180451
5 0.812235 0.475188 0.003738 0.180451
12 0.806878 0.475188 0.006479 0.180451
0 0.794044 0.477444 0.012709 0.178947
9 0.777473 0.477444 0.004984 0.178947
4 0.769748 0.477444 0.007476 0.178947
9 0.761027 0.477444 0.006977 0.178947
4 0.747820 0.480451 0.017942 0.178947
14 0.723274 0.478947 0.025667 0.181955
8 0.704461 0.482707 0.010964 0.180451
24 0.696237 0.482707 0.004485 0.180451
5 0.689634 0.482707 0.004735 0.180451
4 0.681660 0.482707 0.007725 0.180451
0 0.670571 0.482707 0.008971 0.180451
3 0.659108 0.482707 0.008971 0.180451
14 0.647396 0.484962 0.009469 0.178947
4 0.632943 0.484962 0.012958 0.178947
12 0.613506 0.484962 0.007476 0.178947
0 0.600174 0.487970 0.014204 0.178947
26 0.581610 0.487970 0.010964 0.178947
26 0.568901 0.487970 0.013456 0.178947
15 0.558310 0.487970 0.006728 0.178947
0 0.541241 0.490226 0.014951 0.180451
26 0.527785 0.490226 0.010964 0.180451
9 0.510092 0.490226 0.003987 0.180451
1 0.502741 0.492481 0.007227 0.178947
5 0.493895 0.492481 0.006977 0.178947
12 0.485547 0.492481 0.007725 0.178947
4 0.473087 0.492481 0.012210 0.178947
5 0.456516 0.492481 0.005482 0.178947
0 0.448418 0.495489 0.010217 0.178947
1 0.436207 0.495489 0.010217 0.178947
3 0.423997 0.495489 0.011712 0.178947
26 0.410541 0.495489 0.011214 0.178947
13 0.398330 0.496992 0.011214 0.178947
14 0.374284 0.496992 0.008472 0.178947
4 0.360454 0.496992 0.010217 0.178947
24 0.349115 0.500000 0.009469 0.178947
4 0.334413 0.500000 0.013456 0.178947
14 0.315226 0.500000 0.010964 0.178947
18 0.301769 0.502256 0.013456 0.180451
12 0.287939 0.502256 0.011712 0.180451
4 0.263394 0.502256 0.013955 0.180451
0 0.246823 0.504511 0.010217 0.178947
24 0.235734 0.504511 0.008971 0.178947
21 0.224271 0.504511 0.008971 0.178947
4 0.198480 0.507519 0.006230 0.178947
8 0.184401 0.507519 0.010466 0.178947
1 0.170197 0.507519 0.011463 0.178947
4 0.155619 0.509774 0.007725 0.180451
0 0.135933 0.509774 0.004735 0.180451
25 0.124720 0.509774 0.011712 0.180451
24 0.105034 0.512030 0.009718 0.178947
9 0.072888 0.512030 0.005731 0.178947
4 0.063045 0.515038 0.008971 0.178947
16 0.987416 0.575940 0.005233 0.183459
15 0.971468 0.578195 0.014204 0.184962
12 0.954149 0.578195 0.006479 0.184962
11 0.943558 0.578195 0.008223 0.184962
13 0.933217 0.578195 0.010964 0.184962
5 0.918141 0.581203 0.005233 0.184962
25 0.905183 0.581203 0.018191 0.184962
14 0.888861 0.581203 0.009968 0.184962
26 0.876153 0.583459 0.010964 0.183459
13 0.863568 0.583459 0.011712 0.183459
0 0.844505 0.583459 0.015948 0.183459
26 0.830177 0.585714 0.010217 0.184962
3 0.812360 0.585714 0.008472 0.184962
1 0.799900 0.585714 0.010466 0.184962
24 0.785074 0.588722 0.009220 0.184962
9 0.775231 0.588722 0.010964 0.184962
0 0.761027 0.588722 0.011961 0.184962
12 0.747321 0.588722 0.008971 0.184962
4 0.734986 0.590977 0.011712 0.183459
18 0.716048 0.590977 0.008722 0.183459
12 0.699352 0.593233 0.018689 0.184962
12 0.683030 0.593233 0.006479 0.184962
1 0.674184 0.593233 0.008223 0.184962
1 0.662472 0.593233 0.009220 0.184962
11 0.650885 0.595489 0.007974 0.183459
13 0.640419 0.595489 0.011463 0.183459
5 0.624221 0.595489 0.004485 0.183459
18 0.615873 0.595489 0.008223 0.183459
12 0.604037 0.598496 0.006479 0.183459
16 0.586594 0.598496 0.004984 0.183459
20 0.577498 0.598496 0.007725 0.183459
25 0.565537 0.600752 0.010217 0.184962
11 0.551084 0.600752 0.009718 0.184962
13 0.542362 0.600752 0.005233 0.184962
5 0.528034 0.600752 0.004984 0.184962
23 0.518938 0.603008 0.007725 0.183459
25 0.507600 0.603008 0.009968 0.183459
24 0.492898 0.603008 0.011463 0.183459
26 0.478320 0.603008 0.009718 0.183459
13 0.469350 0.605263 0.005731 0.184962
0 0.448168 0.605263 0.010715 0.184962
26 0.436955 0.605263 0.007725 0.184962
13 0.424745 0.608271 0.011712 0.184962
12 0.400698 0.608271 0.022427 0.184962
0 0.386494 0.608271 0.005482 0.184962
5 0.376402 0.610526 0.012709 0.183459
26 0.368926 0.610526 0.001246 0.183459
18 0.359208 0.610526 0.009220 0.183459
12 0.344505 0.610526 0.014204 0.183459
9 0.331797 0.612782 0.005731 0.184962
3 0.323200 0.612782 0.007974 0.184962
11 0.311363 0.612782 0.008223 0.184962
13 0.300772 0.612782 0.011463 0.184962
5 0.287690 0.615038 0.005233 0.183459
4 0.276352 0.615038 0.008971 0.183459
9 0.264391 0.615038 0.008472 0.183459
5 0.255544 0.615038 0.005731 0.183459
12 0.232245 0.618045 0.009469 0.183459
8 0.208821 0.618045 0.012958 0.183459
5 0.200349 0.620301 0.006479 0.184962
8 0.191378 0.620301 0.008971 0.184962
20 0.173561 0.620301 0.016696 0.184962
26 0.147147 0.622556 0.012709 0.183459
1 0.109519 0.624812 0.004735 0.184962
9 0.100548 0.624812 0.007227 0.184962
15 0.091827 0.624812 0.005233 0.184962
18 0.068403 0.624812 0.008223 0.184962
9 0.056691 0.627820 0.007725 0.184962
16 0.050710 0.627820 0.005233 0.184962
9 0.044979 0.627820 0.006230 0.184962
11 0.036008 0.627820 0.007725 0.184962
13 0.024421 0.630075 0.011463 0.183459
5 0.988786 0.711278 0.003987 0.180451
12 0.983055 0.711278 0.006479 0.180451
14 0.971842 0.711278 0.008472 0.180451
3 0.961126 0.711278 0.008971 0.180451
26 0.949913 0.713534 0.008472 0.178947
13 0.937827 0.713534 0.012210 0.178947
0 0.919885 0.716541 0.010217 0.178947
26 0.908049 0.716541 0.010964 0.178947
13 0.895465 0.716541 0.010217 0.178947
0 0.877523 0.718045 0.010217 0.178947
26 0.865687 0.718045 0.009469 0.178947
1 0.849863 0.718045 0.010217 0.178947
16 0.841640 0.718045 0.005233 0.178947
9 0.835161 0.721053 0.005233 0.178947
11 0.826190 0.721053 0.008722 0.178947
13 0.815101 0.721053 0.010964 0.178947
12 0.791179 0.722556 0.021430 0.181955
3 0.774857 0.723308 0.010217 0.180451
1 0.763519 0.725564 0.011961 0.178947
24 0.756541 0.725564 0.001994 0.178947
1 0.746823 0.725564 0.009469 0.178947
13 0.735734 0.725564 0.010217 0.178947
1 0.720159 0.728571 0.007476 0.178947
25 0.707077 0.728571 0.011214 0.178947
1 0.690257 0.728571 0.010964 0.178947
26 0.679292 0.730827 0.008472 0.180451
10 0.664590 0.730827 0.017443 0.180451
1 0.648891 0.730827 0.007974 0.180451
1 0.637802 0.733083 0.007725 0.178947
9 0.629579 0.733083 0.007725 0.178947
26 0.618116 0.733083 0.008722 0.178947
10 0.605906 0.733083 0.012709 0.178947
5 0.589459 0.736090 0.003239 0.178947
1 0.582233 0.736090 0.007725 0.178947
12 0.571393 0.736090 0.008472 0.178947
11 0.560429 0.738346 0.008971 0.180451
26 0.549340 0.738346 0.008722 0.180451
10 0.537379 0.738346 0.012210 0.180451
1 0.519561 0.740602 0.010964 0.178947
3 0.506604 0.740602 0.012460 0.178947
24 0.494019 0.740602 0.010217 0.178947
10 0.483304 0.743609 0.010217 0.178947
5 0.466733 0.743609 0.004485 0.178947
1 0.461002 0.743609 0.006977 0.178947
25 0.447172 0.743609 0.011712 0.178947
11 0.430476 0.745113 0.011214 0.178947
1 0.419512 0.745113 0.008722 0.178947
10 0.407675 0.745113 0.011961 0.178947
5 0.385996 0.748120 0.004485 0.178947
1 0.378146 0.748120 0.007227 0.178947
23 0.367182 0.748120 0.008223 0.178947
5 0.358958 0.750376 0.005731 0.180451
14 0.353352 0.750376 0.007476 0.180451
10 0.339272 0.750376 0.010217 0.180451
5 0.320334 0.752632 0.003239 0.178947
11 0.314478 0.752632 0.008472 0.178947
26 0.297907 0.752632 0.009718 0.178947
1 0.286942 0.755639 0.014702 0.178947
26 0.256292 0.755639 0.016696 0.178947
13 0.245452 0.755639 0.006479 0.178947
18 0.223399 0.757895 0.005731 0.180451
12 0.212559 0.757895 0.006479 0.180451
14 0.187640 0.760150 0.006479 0.178947
6 0.173810 0.760150 0.008223 0.178947
5 0.168079 0.760150 0.005731 0.178947
6 0.159731 0.763158 0.005981 0.178947
5 0.154124 0.763158 0.005233 0.178947
3 0.143160 0.763158 0.014204 0.178947
1 0.099178 0.764662 0.004485 0.178947
9 0.090830 0.764662 0.007227 0.178947
9 0.083105 0.767669 0.003239 0.178947
5 0.989160 0.842857 0.004236 0.157895
1 0.981435 0.842857 0.009718 0.157895
25 0.965986 0.842857 0.016197 0.157895
18 0.951034 0.845113 0.012210 0.156391
24 0.936706 0.845113 0.011463 0.156391
9 0.926987 0.845113 0.004984 0.156391
10 0.918390 0.845113 0.010715 0.156391
12 0.901694 0.845113 0.003239 0.156391
14 0.892973 0.845113 0.009220 0.156391
18 0.877398 0.847368 0.009469 0.157895
15 0.868428 0.847368 0.006977 0.157895
9 0.856093 0.847368 0.003239 0.157895
24 0.847371 0.847368 0.007725 0.157895
1 0.837279 0.847368 0.006479 0.157895
5 0.829679 0.847368 0.007227 0.157895
9 0.816222 0.847368 0.004735 0.157895
14 0.806878 0.850376 0.010466 0.157895
9 0.797907 0.850376 0.003987 0.157895
11 0.790556 0.850376 0.007227 0.157895
13 0.779093 0.850376 0.010715 0.157895
5 0.763643 0.850376 0.004236 0.157895
9 0.757538 0.850376 0.004984 0.157895
14 0.747820 0.852632 0.011463 0.156391
9 0.738849 0.852632 0.004984 0.156391
1 0.727137 0.852632 0.008971 0.156391
16 0.718540 0.852632 0.004735 0.156391
9 0.712808 0.852632 0.004735 0.156391
11 0.705083 0.852632 0.007227 0.156391
13 0.695240 0.852632 0.008971 0.156391
18 0.676551 0.854887 0.010466 0.157895
12 0.663593 0.854887 0.013955 0.157895
4 0.648891 0.854887 0.008971 0.157895
0 0.637802 0.854887 0.009718 0.157895
3 0.626962 0.854887 0.008971 0.157895
14 0.615500 0.854887 0.010466 0.157895
4 0.604037 0.857143 0.010466 0.156391
0 0.585721 0.857143 0.009718 0.156391
25 0.571144 0.857143 0.016447 0.156391
24 0.556940 0.857143 0.010466 0.156391
16 0.544107 0.857143 0.005233 0.156391
25 0.534513 0.859398 0.007974 0.157895
1 0.521804 0.859398 0.008971 0.157895
18 0.508597 0.859398 0.011961 0.157895
9 0.494642 0.859398 0.004984 0.157895
4 0.485547 0.859398 0.009718 0.157895
5 0.476701 0.859398 0.004984 0.157895
4 0.467730 0.862406 0.009968 0.157895
12 0.452280 0.862406 0.004984 0.157895
0 0.441067 0.862406 0.008472 0.157895
1 0.430974 0.862406 0.007725 0.157895
26 0.420758 0.862406 0.007725 0.157895
9 0.410915 0.862406 0.006977 0.157895
11 0.403314 0.862406 0.005731 0.157895
13 0.393471 0.864662 0.010964 0.156391
12 0.378146 0.864662 0.004735 0.156391
26 0.370297 0.864662 0.006977 0.156391
26 0.356840 0.864662 0.012460 0.156391
12 0.337777 0.864662 0.005731 0.156391
4 0.322826 0.866917 0.009718 0.157895
13 0.312360 0.866917 0.005233 0.157895
11 0.286942 0.866917 0.009718 0.157895
9 0.278470 0.866917 0.005731 0.157895
14 0.268752 0.866917 0.012210 0.157895
9 0.258535 0.866917 0.004735 0.157895
4 0.233117 0.869925 0.016696 0.157895
25 0.213930 0.869925 0.012709 0.157895
14 0.193496 0.869925 0.012709 0.157895
9 0.181161 0.872180 0.007974 0.156391
13 0.169325 0.872180 0.012210 0.156391
18 0.145776 0.872180 0.013955 0.156391
12 0.126589 0.874436 0.021929 0.157895
18 0.148393 0.816541 0.011712 0.243609
12 0.125966 0.818045 0.027162 0.246617
4 0.099053 0.819549 0.014204 0.243609
0 0.075380 0.821805 0.016197 0.242105
24 0.058186 0.821805 0.013705 0.242105
9 0.038749 0.824060 0.016197 0.243609
