5 0.843742 0.129202 0.003429 0.163866
4 0.836578 0.129202 0.008205 0.163866
9 0.828986 0.129202 0.004041 0.163866
4 0.822190 0.129202 0.006858 0.163866
0 0.811229 0.129202 0.008205 0.163866
13 0.802351 0.129202 0.006858 0.163866
25 0.791452 0.129202 0.008082 0.163866
14 0.777492 0.129202 0.009552 0.163866
18 0.764144 0.129202 0.012246 0.163866
26 0.749816 0.129202 0.009552 0.163866
25 0.737142 0.129202 0.014328 0.163866
14 0.724222 0.129202 0.010287 0.163866
18 0.712589 0.129202 0.010287 0.163866
5 0.704078 0.129202 0.004041 0.163866
0 0.692750 0.129202 0.008817 0.163866
12 0.683199 0.129202 0.008817 0.163866
14 0.670892 0.129202 0.011634 0.163866
22 0.658646 0.129202 0.010164 0.163866
5 0.651114 0.129202 0.003429 0.163866
26 0.643277 0.129202 0.009552 0.163866
9 0.636052 0.129202 0.003429 0.163866
0 0.627051 0.129202 0.007960 0.163866
25 0.615785 0.129202 0.007960 0.163866
24 0.603110 0.129202 0.011266 0.163866
0 0.590007 0.129202 0.006858 0.163866
16 0.581129 0.129202 0.006245 0.163866
11 0.572924 0.129202 0.005511 0.163866
9 0.566495 0.129202 0.006123 0.163866
14 0.553147 0.129202 0.012246 0.163866
22 0.540167 0.129202 0.009552 0.163866
5 0.532329 0.129202 0.003429 0.163866
4 0.524124 0.129202 0.008817 0.163866
0 0.512123 0.129202 0.009552 0.163866
26 0.500857 0.129202 0.010287 0.163866
11 0.491367 0.129202 0.007470 0.163866
13 0.481447 0.129202 0.008205 0.163866
4 0.467426 0.129202 0.010287 0.163866
9 0.458915 0.129202 0.004041 0.163866
5 0.454139 0.129202 0.004041 0.163866
13 0.447281 0.129202 0.008205 0.163866
12 0.435036 0.129202 0.008205 0.163866
0 0.425055 0.129202 0.010287 0.163866
4 0.414830 0.129202 0.008940 0.163866
1 0.404604 0.129202 0.008817 0.163866
4 0.393706 0.129202 0.008817 0.163866
0 0.380051 0.129202 0.008940 0.163866
26 0.369091 0.129202 0.010287 0.163866
9 0.357519 0.129202 0.004776 0.163866
4 0.350294 0.129202 0.008205 0.163866
5 0.342824 0.129202 0.004041 0.163866
4 0.334558 0.129202 0.009552 0.163866
0 0.319924 0.129202 0.010164 0.163866
12 0.309331 0.129202 0.009552 0.163866
4 0.299412 0.129202 0.008817 0.163866
9 0.291881 0.129202 0.004776 0.163866
11 0.284411 0.129202 0.007470 0.163866
13 0.274553 0.129202 0.009552 0.163866
5 0.263899 0.129202 0.003429 0.163866
12 0.257960 0.129202 0.005756 0.163866
18 0.247918 0.129202 0.007470 0.163866
1 0.237632 0.129202 0.007470 0.163866
3 0.227223 0.129202 0.007225 0.163866
5 0.218038 0.129202 0.007225 0.163866
1 0.205241 0.129202 0.010287 0.163866
11 0.194649 0.129202 0.008205 0.163866
12 0.185036 0.129202 0.009552 0.163866
12 0.173769 0.129202 0.006123 0.163866
1 0.163850 0.129202 0.006858 0.163866
1 0.155707 0.129202 0.006735 0.163866
11 0.145481 0.129202 0.006858 0.163866
13 0.136787 0.129202 0.008572 0.163866
5 0.128766 0.129202 0.002082 0.163866
1 0.123255 0.129202 0.006245 0.163866
11 0.113030 0.129202 0.006123 0.163866
12 0.103294 0.129202 0.012613 0.163866
16 0.092028 0.129202 0.004531 0.163866
20 0.084191 0.129202 0.006490 0.163866
25 0.074088 0.129202 0.008082 0.163866
11 0.061781 0.129202 0.008205 0.163866
13 0.050147 0.129202 0.011634 0.163866
5 0.974161 0.289916 0.003429 0.205882
16 0.968712 0.289916 0.004776 0.205882
26 0.961119 0.289916 0.007470 0.205882
26 0.951200 0.289916 0.008205 0.205882
9 0.944404 0.289916 0.002694 0.205882
14 0.932096 0.289916 0.010899 0.205882
8 0.919483 0.289916 0.010164 0.205882
24 0.909625 0.289916 0.006858 0.205882
0 0.896951 0.289916 0.008940 0.205882
24 0.888072 0.289916 0.007592 0.205882
22 0.872765 0.289916 0.019104 0.205882
11 0.858376 0.289916 0.008205 0.205882
13 0.852559 0.289916 0.000735 0.205882
1 0.845396 0.289916 0.008205 0.205882
18 0.834803 0.289916 0.010287 0.205882
26 0.823904 0.289916 0.010287 0.205882
5 0.816434 0.289916 0.003429 0.205882
9 0.809576 0.289916 0.003429 0.205882
5 0.803025 0.289916 0.004776 0.205882
24 0.798433 0.289916 0.005143 0.205882
4 0.786309 0.289916 0.012981 0.205882
5 0.775778 0.289916 0.004164 0.205882
14 0.766532 0.289916 0.011634 0.205882
12 0.755266 0.289916 0.009674 0.205882
23 0.745714 0.289916 0.008205 0.205882
5 0.738856 0.289916 0.004041 0.205882
25 0.728264 0.289916 0.015675 0.205882
5 0.714671 0.289916 0.003429 0.205882
0 0.706466 0.289916 0.010287 0.205882
17 0.696179 0.289916 0.008817 0.205882
20 0.686934 0.289916 0.008205 0.205882
26 0.677076 0.289916 0.008817 0.205882
3 0.662748 0.289916 0.008817 0.205882
2 0.653502 0.289916 0.006735 0.205882
16 0.646338 0.289916 0.006123 0.205882
10 0.637766 0.289916 0.009552 0.205882
5 0.627541 0.289916 0.004041 0.205882
26 0.619214 0.289916 0.006490 0.205882
9 0.611866 0.289916 0.005511 0.205882
24 0.604702 0.289916 0.006858 0.205882
25 0.592885 0.289916 0.009184 0.205882
10 0.578374 0.289916 0.012246 0.205882
5 0.566495 0.289916 0.003429 0.205882
9 0.560617 0.289916 0.004164 0.205882
22 0.552106 0.289916 0.010164 0.205882
4 0.541881 0.289916 0.008817 0.205882
24 0.531656 0.289916 0.007470 0.205882
10 0.522043 0.289916 0.008817 0.205882
5 0.513409 0.289916 0.003061 0.205882
16 0.507041 0.289916 0.006245 0.205882
26 0.497673 0.289916 0.007103 0.205882
26 0.488060 0.289916 0.007225 0.205882
9 0.478876 0.289916 0.007225 0.205882
18 0.466752 0.289916 0.007470 0.205882
25 0.454629 0.289916 0.009184 0.205882
1 0.440301 0.289916 0.011879 0.205882
1 0.427504 0.289916 0.005388 0.205882
25 0.416238 0.289916 0.009552 0.205882
3 0.401910 0.289916 0.009552 0.205882
10 0.388379 0.289916 0.013348 0.205882
12 0.376255 0.289916 0.006735 0.205882
1 0.366152 0.289916 0.007837 0.205882
4 0.354274 0.289916 0.007837 0.205882
14 0.344722 0.289916 0.008572 0.205882
26 0.330149 0.289916 0.009552 0.205882
10 0.318026 0.289916 0.010531 0.205882
5 0.305596 0.289916 0.004776 0.205882
0 0.296902 0.289916 0.007225 0.205882
11 0.287350 0.289916 0.007225 0.205882
12 0.277737 0.289916 0.007103 0.205882
26 0.266838 0.289916 0.010531 0.205882
5 0.254164 0.289916 0.006490 0.205882
25 0.244306 0.289916 0.008572 0.205882
1 0.229917 0.289916 0.009919 0.205882
18 0.217977 0.289916 0.007837 0.205882
26 0.206221 0.289916 0.012246 0.205882
4 0.189505 0.289916 0.004776 0.205882
25 0.177566 0.289916 0.009552 0.205882
14 0.163238 0.289916 0.009552 0.205882
24 0.151421 0.289916 0.008450 0.205882
5 0.141869 0.289916 0.005021 0.205882
12 0.134705 0.289916 0.004409 0.205882
11 0.124969 0.289916 0.006735 0.205882
13 0.117806 0.289916 0.004164 0.205882
20 0.102437 0.289916 0.008205 0.205882
15 0.094906 0.289916 0.005388 0.205882
9 0.086334 0.289916 0.003429 0.205882
20 0.079598 0.289916 0.006858 0.205882
26 0.067781 0.289916 0.008450 0.205882
4 0.054617 0.289916 0.012246 0.205882
12 0.972386 0.401261 0.005511 0.210084
1 0.963875 0.401261 0.006123 0.210084
1 0.957201 0.403887 0.005756 0.211134
11 0.948384 0.403887 0.006490 0.211134
13 0.937240 0.403887 0.011634 0.211134
5 0.927688 0.403887 0.003306 0.211134
17 0.920218 0.403887 0.008205 0.211134
24 0.911952 0.403887 0.006123 0.211134
26 0.902768 0.403887 0.008817 0.211134
13 0.893399 0.403887 0.007225 0.211134
5 0.883480 0.403887 0.003061 0.211134
18 0.875827 0.403887 0.006858 0.211134
1 0.867071 0.407038 0.006490 0.211134
3 0.858009 0.407038 0.007470 0.211134
26 0.846743 0.407038 0.007470 0.211134
13 0.835660 0.407038 0.012001 0.211134
0 0.824210 0.407038 0.004041 0.211134
12 0.815026 0.407038 0.006735 0.211134
4 0.806331 0.407038 0.006490 0.211134
9 0.797392 0.407038 0.006490 0.211134
13 0.790411 0.407038 0.004041 0.211134
0 0.776941 0.410189 0.003061 0.211134
7 0.769961 0.410189 0.008205 0.211134
24 0.754409 0.410189 0.008450 0.211134
9 0.747367 0.410189 0.006123 0.211134
13 0.738489 0.410189 0.004776 0.211134
5 0.726427 0.410189 0.003674 0.211134
4 0.718528 0.410189 0.007225 0.211134
25 0.707262 0.410189 0.009919 0.211134
26 0.691220 0.413340 0.009184 0.211134
7 0.682341 0.413340 0.008572 0.211134
5 0.668687 0.413340 0.007225 0.211134
9 0.664156 0.413340 0.004776 0.211134
26 0.655400 0.413340 0.007837 0.211134
13 0.641195 0.413340 0.012246 0.211134
12 0.629072 0.413340 0.004409 0.211134
4 0.619030 0.413340 0.008082 0.211134
13 0.607580 0.413340 0.009919 0.211134
5 0.597355 0.415966 0.003674 0.210084
7 0.588170 0.415966 0.011266 0.210084
24 0.576721 0.415966 0.008940 0.210084
4 0.566618 0.415966 0.009307 0.210084
0 0.551984 0.415966 0.009919 0.210084
19 0.541820 0.415966 0.008205 0.210084
9 0.533309 0.415966 0.004164 0.210084
4 0.524614 0.415966 0.005878 0.210084
5 0.517634 0.415966 0.006123 0.210084
4 0.508756 0.418592 0.004776 0.211134
1 0.495285 0.418592 0.003796 0.211134
11 0.486407 0.418592 0.007103 0.211134
13 0.477284 0.418592 0.004776 0.211134
5 0.466263 0.418592 0.003796 0.211134
18 0.457017 0.418592 0.007837 0.211134
22 0.443546 0.418592 0.009552 0.211134
24 0.432464 0.418592 0.005756 0.211134
0 0.416422 0.421744 0.006490 0.211134
26 0.400502 0.421744 0.007470 0.211134
4 0.385011 0.421744 0.005143 0.211134
25 0.371296 0.421744 0.010531 0.211134
14 0.355437 0.421744 0.010899 0.211134
9 0.342089 0.421744 0.008205 0.211134
13 0.335293 0.424895 0.004164 0.211134
5 0.321639 0.424895 0.003306 0.211134
12 0.312944 0.424895 0.009184 0.211134
0 0.297024 0.424895 0.007470 0.211134
9 0.285819 0.424895 0.003429 0.211134
4 0.279145 0.424895 0.005756 0.211134
9 0.269961 0.424895 0.006490 0.211134
4 0.263409 0.424895 0.003674 0.211134
14 0.243265 0.427521 0.013348 0.210084
8 0.228264 0.427521 0.013960 0.210084
24 0.214977 0.427521 0.009919 0.210084
5 0.203159 0.427521 0.006123 0.210084
4 0.194465 0.427521 0.010531 0.210084
0 0.183015 0.427521 0.010164 0.210084
3 0.171381 0.427521 0.010164 0.210084
14 0.159258 0.430147 0.011879 0.211134
4 0.147686 0.430147 0.009307 0.211134
12 0.132623 0.430147 0.008572 0.211134
0 0.117622 0.430147 0.011879 0.211134
26 0.094232 0.430147 0.021920 0.211134
4 0.074945 0.433298 0.016165 0.211134
0 0.972079 0.556197 0.008082 0.204832
26 0.961793 0.559349 0.009552 0.204832
9 0.952425 0.559349 0.003796 0.204832
1 0.946118 0.559349 0.005388 0.204832
5 0.939505 0.559349 0.004409 0.204832
12 0.934913 0.559349 0.004776 0.204832
4 0.924810 0.559349 0.010531 0.204832
5 0.912136 0.559349 0.003796 0.204832
0 0.906013 0.559349 0.005756 0.204832
1 0.896645 0.559349 0.006858 0.204832
3 0.887766 0.559349 0.007470 0.204832
26 0.876500 0.562500 0.007470 0.204832
13 0.866214 0.562500 0.010899 0.204832
14 0.852927 0.562500 0.011511 0.204832
4 0.841293 0.562500 0.008817 0.204832
24 0.831741 0.562500 0.007592 0.204832
4 0.822190 0.562500 0.008817 0.204832
14 0.808903 0.562500 0.005511 0.204832
18 0.795555 0.562500 0.008940 0.204832
12 0.786676 0.565651 0.004898 0.204832
4 0.773022 0.565651 0.004776 0.204832
0 0.761940 0.565651 0.007103 0.204832
24 0.753000 0.565651 0.007837 0.204832
21 0.741795 0.565651 0.005756 0.204832
4 0.727774 0.565651 0.009307 0.204832
8 0.716691 0.565651 0.008205 0.204832
1 0.703343 0.567752 0.008940 0.204832
4 0.691771 0.567752 0.010287 0.204832
0 0.676708 0.567752 0.010287 0.204832
25 0.662381 0.567752 0.015675 0.204832
24 0.649400 0.567752 0.007592 0.204832
9 0.639175 0.567752 0.004776 0.204832
4 0.631276 0.567752 0.009552 0.204832
5 0.623806 0.567752 0.004164 0.204832
4 0.616336 0.567752 0.009552 0.204832
16 0.605376 0.570903 0.006735 0.204832
26 0.595763 0.570903 0.009552 0.204832
15 0.587619 0.570903 0.005511 0.204832
12 0.579108 0.570903 0.006123 0.204832
11 0.568516 0.570903 0.007470 0.204832
13 0.558780 0.570903 0.009307 0.204832
5 0.548677 0.570903 0.004041 0.204832
25 0.537717 0.570903 0.016410 0.204832
14 0.522777 0.574055 0.012246 0.204832
26 0.510103 0.574055 0.010164 0.204832
13 0.499878 0.574055 0.008817 0.204832
0 0.486897 0.574055 0.010287 0.204832
26 0.475998 0.574055 0.010287 0.204832
3 0.462650 0.574055 0.009552 0.204832
1 0.452731 0.574055 0.008817 0.204832
24 0.443179 0.574055 0.007592 0.204832
9 0.436015 0.574055 0.004041 0.204832
0 0.424075 0.577206 0.007592 0.204832
12 0.415687 0.577206 0.006490 0.204832
4 0.403747 0.577206 0.010531 0.204832
18 0.391073 0.577206 0.006490 0.204832
12 0.378521 0.577206 0.012001 0.204832
12 0.368418 0.577206 0.004041 0.204832
1 0.359233 0.577206 0.007470 0.204832
1 0.348090 0.577206 0.007225 0.204832
11 0.339211 0.579832 0.007837 0.205882
13 0.327945 0.579832 0.005878 0.205882
5 0.318883 0.579832 0.004164 0.205882
18 0.309882 0.579832 0.007225 0.205882
12 0.300820 0.579832 0.004776 0.205882
16 0.287656 0.579832 0.005878 0.205882
20 0.278410 0.579832 0.007225 0.205882
25 0.267144 0.579832 0.009184 0.205882
11 0.253674 0.582458 0.008940 0.204832
13 0.241918 0.582458 0.010654 0.204832
5 0.230468 0.582458 0.004164 0.204832
23 0.222263 0.582458 0.009552 0.204832
25 0.207935 0.582458 0.016410 0.204832
24 0.194649 0.582458 0.008940 0.204832
26 0.183688 0.582458 0.010287 0.204832
13 0.172422 0.582458 0.009552 0.204832
0 0.158768 0.585609 0.010899 0.204832
26 0.144808 0.585609 0.014328 0.204832
13 0.132501 0.585609 0.008817 0.204832
12 0.114254 0.585609 0.011266 0.204832
0 0.096436 0.585609 0.010654 0.204832
5 0.087436 0.585609 0.006123 0.204832
3 0.079904 0.588761 0.008205 0.204832
18 0.972630 0.693803 0.009184 0.211134
12 0.962344 0.693803 0.010654 0.211134
9 0.952486 0.693803 0.004409 0.211134
3 0.945628 0.696954 0.008572 0.211134
11 0.936444 0.696954 0.007837 0.211134
13 0.927137 0.696954 0.008572 0.211134
5 0.916605 0.696954 0.003674 0.211134
4 0.908768 0.696954 0.007103 0.211134
9 0.901604 0.696954 0.003796 0.211134
5 0.895481 0.700105 0.006490 0.211134
12 0.888072 0.700105 0.006123 0.211134
8 0.878827 0.700105 0.008205 0.211134
5 0.867132 0.700105 0.007837 0.211134
8 0.858009 0.703256 0.008940 0.211134
20 0.844355 0.703256 0.008817 0.211134
26 0.834191 0.703256 0.009552 0.211134
1 0.819618 0.703256 0.009307 0.211134
9 0.811781 0.705882 0.004409 0.210084
15 0.805596 0.705882 0.005756 0.210084
18 0.795922 0.705882 0.007470 0.210084
9 0.786309 0.705882 0.006858 0.210084
16 0.779023 0.705882 0.005756 0.210084
9 0.772349 0.708508 0.005388 0.211134
11 0.765491 0.708508 0.006123 0.211134
13 0.754592 0.708508 0.011511 0.211134
5 0.744367 0.708508 0.004041 0.211134
12 0.737325 0.708508 0.007103 0.211134
14 0.725876 0.711660 0.008940 0.211134
3 0.714303 0.711660 0.008817 0.211134
26 0.702731 0.711660 0.008205 0.211134
13 0.692077 0.711660 0.010899 0.211134
0 0.677933 0.714811 0.011266 0.211134
26 0.661217 0.714811 0.020206 0.211134
13 0.649277 0.714811 0.001714 0.211134
0 0.641379 0.717437 0.011879 0.210084
26 0.628766 0.717437 0.012613 0.210084
1 0.615601 0.717437 0.008817 0.210084
16 0.605192 0.717437 0.005878 0.210084
9 0.600967 0.720588 0.005511 0.210084
11 0.591538 0.720588 0.006490 0.210084
13 0.582966 0.720588 0.009919 0.210084
12 0.571761 0.720588 0.007837 0.210084
3 0.561291 0.723214 0.008205 0.211134
1 0.550024 0.723214 0.008205 0.211134
24 0.539493 0.723214 0.010164 0.211134
1 0.525288 0.723214 0.009184 0.211134
13 0.514389 0.726366 0.009184 0.211134
1 0.498837 0.726366 0.004776 0.211134
25 0.487264 0.726366 0.009552 0.211134
1 0.473549 0.729517 0.009552 0.211134
26 0.461793 0.729517 0.008572 0.211134
10 0.452425 0.729517 0.005511 0.211134
1 0.438587 0.729517 0.004531 0.211134
1 0.429525 0.732143 0.007470 0.210084
9 0.419973 0.732143 0.006245 0.210084
26 0.413115 0.732143 0.007470 0.210084
10 0.401543 0.732143 0.006123 0.210084
5 0.389420 0.732143 0.003674 0.210084
1 0.382868 0.734769 0.006490 0.211134
12 0.373684 0.734769 0.007225 0.211134
11 0.364622 0.734769 0.008205 0.211134
26 0.352866 0.734769 0.008450 0.211134
10 0.340742 0.737920 0.011634 0.211134
1 0.325557 0.737920 0.009919 0.211134
3 0.314964 0.737920 0.010531 0.211134
24 0.304066 0.741071 0.009307 0.211134
10 0.293840 0.741071 0.009184 0.211134
5 0.283248 0.741071 0.004409 0.211134
1 0.276574 0.741071 0.006735 0.211134
25 0.264818 0.741071 0.009919 0.211134
11 0.250796 0.744223 0.009307 0.211134
1 0.241734 0.744223 0.007592 0.211134
10 0.227712 0.744223 0.015062 0.211134
5 0.217671 0.744223 0.003061 0.211134
1 0.211548 0.746849 0.007225 0.210084
23 0.199914 0.746849 0.008450 0.210084
5 0.190362 0.746849 0.006490 0.210084
14 0.183688 0.746849 0.006858 0.210084
10 0.170402 0.749475 0.013593 0.211134
5 0.159809 0.749475 0.002694 0.211134
11 0.153441 0.749475 0.008572 0.211134
26 0.137093 0.749475 0.010654 0.211134
1 0.125643 0.752626 0.010287 0.211134
26 0.109601 0.752626 0.011021 0.211134
13 0.095089 0.755777 0.014083 0.211134
14 0.974467 0.831408 0.010164 0.204832
6 0.964548 0.831408 0.005511 0.204832
5 0.958731 0.834559 0.003429 0.204832
6 0.952302 0.834559 0.005511 0.204832
5 0.947159 0.834559 0.003306 0.204832
26 0.939628 0.834559 0.008817 0.204832
1 0.925974 0.834559 0.008940 0.204832
9 0.918442 0.834559 0.003429 0.204832
26 0.910605 0.834559 0.009552 0.204832
10 0.901421 0.837710 0.007592 0.204832
5 0.891807 0.837710 0.002082 0.204832
1 0.885807 0.837710 0.006490 0.204832
25 0.874112 0.837710 0.010287 0.204832
18 0.858070 0.837710 0.009552 0.204832
24 0.849008 0.837710 0.007103 0.204832
9 0.839579 0.840861 0.006123 0.204832
10 0.831252 0.840861 0.009307 0.204832
12 0.818455 0.840861 0.005511 0.204832
14 0.804984 0.840861 0.009184 0.204832
18 0.793167 0.840861 0.008817 0.204832
15 0.781717 0.843487 0.005756 0.205882
9 0.774369 0.843487 0.004041 0.205882
24 0.765124 0.843487 0.006858 0.205882
1 0.756123 0.843487 0.007225 0.205882
5 0.746877 0.843487 0.005143 0.205882
9 0.736836 0.843487 0.003429 0.205882
14 0.730345 0.846113 0.006858 0.204832
9 0.718895 0.846113 0.007225 0.204832
11 0.712038 0.846113 0.005756 0.204832
13 0.696914 0.846113 0.019104 0.204832
5 0.690730 0.846113 0.003306 0.204832
9 0.684056 0.846113 0.005878 0.204832
14 0.674871 0.846113 0.007837 0.204832
9 0.663238 0.849265 0.005878 0.204832
1 0.653870 0.849265 0.004041 0.204832
16 0.644808 0.849265 0.006490 0.204832
9 0.637644 0.849265 0.005143 0.204832
11 0.630786 0.849265 0.007103 0.204832
13 0.619214 0.849265 0.005756 0.204832
18 0.605192 0.852416 0.004409 0.204832
12 0.596008 0.852416 0.005143 0.204832
4 0.579415 0.852416 0.004776 0.204832
0 0.567965 0.852416 0.007837 0.204832
3 0.558780 0.852416 0.007103 0.204832
14 0.547208 0.855567 0.009919 0.204832
4 0.532941 0.855567 0.006858 0.204832
0 0.519165 0.855567 0.004531 0.204832
25 0.507348 0.855567 0.009552 0.204832
24 0.493755 0.858193 0.006858 0.205882
16 0.483101 0.858193 0.006858 0.205882
25 0.472753 0.858193 0.009184 0.205882
1 0.456711 0.858193 0.009919 0.205882
18 0.440975 0.860819 0.018124 0.204832
9 0.435709 0.860819 0.003429 0.204832
4 0.428484 0.860819 0.006123 0.204832
5 0.419483 0.860819 0.006490 0.204832
4 0.412442 0.860819 0.004164 0.204832
12 0.393644 0.860819 0.005511 0.204832
0 0.380235 0.863971 0.008572 0.204832
1 0.370683 0.863971 0.007837 0.204832
26 0.359050 0.863971 0.007103 0.204832
9 0.352192 0.863971 0.005878 0.204832
11 0.342946 0.863971 0.007225 0.204832
13 0.333762 0.863971 0.005021 0.204832
12 0.319557 0.867122 0.004776 0.204832
26 0.307984 0.867122 0.008817 0.204832
26 0.296534 0.867122 0.005756 0.204832
12 0.281839 0.867122 0.006490 0.204832
4 0.270757 0.867122 0.008082 0.204832
13 0.259307 0.870273 0.009919 0.204832
11 0.245163 0.870273 0.003429 0.204832
9 0.238489 0.870273 0.005756 0.204832
14 0.229243 0.870273 0.007837 0.204832
9 0.217671 0.870273 0.005756 0.204832
4 0.206098 0.872374 0.005143 0.204832
25 0.192016 0.872374 0.011266 0.204832
14 0.175484 0.872374 0.009552 0.204832
9 0.166483 0.872374 0.007225 0.204832
13 0.157237 0.872374 0.005143 0.204832
18 0.143277 0.875525 0.004409 0.204832
12 0.133970 0.875525 0.005143 0.204832
4 0.111315 0.875525 0.012981 0.204832
0 0.097661 0.875525 0.011634 0.204832
9 0.090497 0.878676 0.001959 0.204832
