25 0.880450 0.060628 0.034256 0.061359
14 0.848789 0.060628 0.026990 0.061359
18 0.810900 0.060628 0.046713 0.061359
9 0.775779 0.060628 0.011765 0.061359
25 0.750000 0.060628 0.034256 0.061359
24 0.711938 0.060628 0.039792 0.061359
0 0.678374 0.060628 0.023183 0.061359
12 0.652076 0.060628 0.023183 0.061359
9 0.627336 0.060628 0.008997 0.061359
4 0.606920 0.060628 0.016609 0.061359
9 0.589792 0.060628 0.013495 0.061359
4 0.569031 0.060628 0.020415 0.061359
0 0.535294 0.060628 0.023529 0.061359
12 0.512111 0.060628 0.021453 0.061359
4 0.488235 0.060628 0.024221 0.061359
9 0.467647 0.060628 0.010727 0.061359
16 0.452768 0.060628 0.015571 0.061359
5 0.438581 0.060628 0.008651 0.061359
9 0.413322 0.060628 0.010727 0.061359
4 0.392734 0.060628 0.022145 0.061359
5 0.373183 0.060628 0.008651 0.061359
4 0.354844 0.060628 0.022491 0.061359
0 0.322318 0.060628 0.015571 0.061359
7 0.300692 0.060628 0.019377 0.061359
3 0.250692 0.060628 0.051557 0.061359
5 0.207958 0.060628 0.004844 0.061359
0 0.192561 0.060628 0.015571 0.061359
4 0.169377 0.060628 0.017647 0.061359
1 0.144983 0.060628 0.017301 0.061359
26 0.118858 0.060628 0.025260 0.061359
0 0.090484 0.060628 0.013495 0.061359
26 0.063149 0.060628 0.027336 0.061359
9 0.889619 0.104821 0.007612 0.061359
4 0.875087 0.104821 0.011765 0.061359
5 0.862803 0.104821 0.012803 0.061359
4 0.839619 0.104821 0.020415 0.061359
0 0.815571 0.104821 0.019377 0.061359
12 0.793253 0.104821 0.017647 0.061359
4 0.763495 0.104821 0.020415 0.061359
9 0.740138 0.104821 0.014533 0.061359
10 0.725087 0.104821 0.017647 0.061359
1 0.698443 0.104821 0.012803 0.061359
11 0.676644 0.104821 0.015571 0.061359
12 0.653633 0.104821 0.026298 0.061359
12 0.629239 0.104821 0.010727 0.061359
1 0.612284 0.104821 0.015571 0.061359
1 0.588927 0.104821 0.017301 0.061359
10 0.564879 0.104821 0.020415 0.061359
5 0.536851 0.104821 0.008651 0.061359
1 0.524740 0.104821 0.013495 0.061359
11 0.501211 0.104821 0.015571 0.061359
12 0.477509 0.104821 0.028374 0.061359
16 0.452076 0.104821 0.010727 0.061359
20 0.431142 0.104821 0.017301 0.061359
25 0.407439 0.104821 0.018339 0.061359
10 0.375779 0.104821 0.031142 0.061359
5 0.345675 0.104821 0.009689 0.061359
1 0.329066 0.104821 0.019377 0.061359
11 0.306574 0.104821 0.017301 0.061359
12 0.281315 0.104821 0.025606 0.061359
14 0.247232 0.109934 0.017647 0.045289
0 0.217128 0.107378 0.025260 0.046019
3 0.190311 0.104273 0.024221 0.046384
10 0.158651 0.102264 0.027336 0.046019
5 0.125606 0.098612 0.013841 0.045289
4 0.099308 0.096603 0.042907 0.047115
9 0.071107 0.094595 0.015571 0.045289
5 0.059343 0.093499 0.013495 0.045289
4 0.884775 0.148466 0.021453 0.056611
3 0.862284 0.148466 0.021453 0.056611
1 0.839619 0.148466 0.020415 0.056611
24 0.819031 0.148466 0.018685 0.056611
9 0.802076 0.148466 0.009689 0.056611
13 0.785467 0.148466 0.021453 0.056611
4 0.756401 0.148466 0.021453 0.056611
0 0.732353 0.148466 0.022491 0.056611
12 0.696886 0.148466 0.040830 0.056611
4 0.669723 0.148466 0.001730 0.056611
0 0.655017 0.148466 0.009689 0.056611
25 0.628201 0.148466 0.022491 0.056611
24 0.595675 0.148466 0.015571 0.056611
0 0.558651 0.148466 0.007958 0.056611
16 0.542215 0.148466 0.013841 0.056611
11 0.522145 0.148466 0.014533 0.056611
9 0.505709 0.148466 0.008651 0.056611
14 0.481834 0.148466 0.015571 0.056611
22 0.452076 0.148466 0.018339 0.056611
5 0.436505 0.148466 0.010727 0.056611
10 0.421453 0.148466 0.017301 0.056611
4 0.393253 0.148466 0.019723 0.056611
9 0.376298 0.148466 0.010727 0.056611
5 0.363495 0.148466 0.008651 0.056611
13 0.346886 0.148466 0.020415 0.056611
18 0.314014 0.148466 0.022491 0.056611
12 0.288754 0.148466 0.020415 0.056611
12 0.263668 0.148466 0.011765 0.056611
1 0.238927 0.148466 0.018339 0.056611
1 0.217128 0.148466 0.015571 0.056611
10 0.195156 0.148466 0.020761 0.056611
5 0.167474 0.148466 0.007612 0.056611
25 0.147924 0.148466 0.017647 0.056611
16 0.122145 0.148466 0.016609 0.056611
16 0.105536 0.148466 0.012457 0.056611
26 0.089965 0.148466 0.012457 0.056611
13 0.065225 0.148466 0.025260 0.056611
12 0.881834 0.185902 0.017647 0.047480
1 0.853633 0.186998 0.017301 0.047480
16 0.835986 0.186998 0.011765 0.047480
9 0.823529 0.186998 0.009689 0.047480
10 0.806920 0.186998 0.019377 0.047480
5 0.779585 0.186998 0.007612 0.047480
3 0.763668 0.186998 0.016609 0.047480
1 0.733391 0.187911 0.018339 0.047115
24 0.711938 0.187911 0.018339 0.047115
26 0.677509 0.187911 0.029066 0.047115
1 0.643426 0.187911 0.023183 0.047115
13 0.617993 0.189007 0.023529 0.047115
1 0.589792 0.189007 0.013495 0.047115
25 0.567474 0.189007 0.019377 0.047115
1 0.531834 0.189007 0.026298 0.047115
26 0.494464 0.190102 0.021453 0.047115
10 0.471972 0.190102 0.019377 0.047115
1 0.439446 0.190102 0.014533 0.047115
1 0.417474 0.190102 0.013495 0.047115
9 0.400000 0.191198 0.019377 0.047115
26 0.361938 0.191198 0.021453 0.047115
10 0.333910 0.191198 0.031142 0.047115
5 0.314879 0.191198 0.006920 0.047115
1 0.297232 0.191198 0.014533 0.047115
12 0.272664 0.192111 0.019377 0.047480
11 0.238581 0.192111 0.027336 0.047480
26 0.195675 0.192111 0.023183 0.047480
10 0.177682 0.193207 0.008651 0.047480
1 0.144118 0.193207 0.007958 0.047480
3 0.122664 0.193207 0.019723 0.047480
24 0.088581 0.193207 0.021453 0.047480
10 0.067647 0.194120 0.010727 0.047115
5 0.889619 0.229182 0.005536 0.051497
1 0.874221 0.229182 0.015571 0.051497
25 0.847232 0.229182 0.022491 0.051497
11 0.813841 0.229182 0.021453 0.051497
1 0.790484 0.229182 0.015571 0.051497
10 0.770415 0.229182 0.020415 0.051497
5 0.740657 0.230095 0.007958 0.051132
1 0.724221 0.230095 0.021453 0.051132
23 0.702768 0.230095 0.017301 0.051132
5 0.686159 0.230095 0.007612 0.051132
14 0.667647 0.230095 0.025260 0.051132
10 0.642388 0.230095 0.017647 0.051132
5 0.616955 0.230095 0.009689 0.051132
23 0.600000 0.230095 0.014533 0.051132
25 0.576125 0.230095 0.019377 0.051132
24 0.544118 0.230095 0.025260 0.051132
26 0.506747 0.231191 0.022491 0.051132
13 0.481834 0.231191 0.023183 0.051132
12 0.450173 0.231191 0.016609 0.051132
0 0.423010 0.231191 0.018339 0.051132
5 0.403979 0.231191 0.013495 0.051132
26 0.383391 0.231191 0.021453 0.051132
18 0.358131 0.231191 0.013841 0.051132
12 0.331488 0.231191 0.026298 0.051132
9 0.305709 0.231191 0.005882 0.051132
3 0.292561 0.232104 0.012803 0.051497
10 0.269550 0.232104 0.019377 0.051497
5 0.243253 0.232104 0.009689 0.051497
4 0.227855 0.232104 0.017647 0.051497
9 0.211246 0.232104 0.011419 0.051497
5 0.198616 0.232104 0.009689 0.051497
12 0.176298 0.232104 0.015571 0.051497
8 0.148443 0.232104 0.020761 0.051497
8 0.121107 0.232104 0.018685 0.051497
20 0.097405 0.232104 0.017647 0.051497
26 0.069550 0.233199 0.026298 0.051497
1 0.885121 0.268627 0.016609 0.048576
9 0.863322 0.268627 0.013841 0.048576
15 0.850692 0.268627 0.013495 0.048576
18 0.825952 0.269722 0.014533 0.048576
9 0.804498 0.269722 0.014533 0.048576
16 0.791869 0.269722 0.010727 0.048576
9 0.777682 0.269722 0.011419 0.048576
10 0.759689 0.270636 0.018339 0.048210
5 0.731488 0.270636 0.008997 0.048210
11 0.713841 0.270636 0.024221 0.048210
26 0.663322 0.271731 0.028374 0.048210
1 0.637024 0.271731 0.028374 0.048210
26 0.586505 0.272827 0.026298 0.048210
13 0.566436 0.272827 0.021453 0.048210
18 0.533910 0.273923 0.014533 0.048210
12 0.497924 0.273375 0.040138 0.049306
14 0.452249 0.274836 0.026298 0.048576
6 0.431661 0.274836 0.012803 0.048576
6 0.419031 0.274836 0.010381 0.048576
5 0.405363 0.274836 0.010727 0.048576
26 0.375087 0.275201 0.047751 0.049306
1 0.329412 0.275749 0.004844 0.048210
9 0.315225 0.275749 0.021453 0.048210
26 0.269204 0.276844 0.024221 0.048210
10 0.256055 0.276844 0.007612 0.048210
5 0.223875 0.277940 0.007612 0.048210
1 0.209170 0.277940 0.013495 0.048210
25 0.188408 0.277940 0.020415 0.048210
18 0.152768 0.279036 0.023183 0.048210
24 0.127509 0.279036 0.019723 0.048210
9 0.102768 0.279036 0.016609 0.048210
10 0.084256 0.279949 0.020415 0.048576
5 0.747059 0.310263 0.008997 0.047115
4 0.731315 0.311359 0.020415 0.047115
9 0.712976 0.311359 0.010727 0.047115
4 0.695502 0.311359 0.022145 0.047115
0 0.661938 0.312272 0.019377 0.047480
13 0.634083 0.312272 0.024567 0.047480
25 0.602941 0.312272 0.012803 0.047480
14 0.568512 0.313367 0.023529 0.047480
18 0.543599 0.313367 0.012457 0.047480
26 0.504152 0.313367 0.009689 0.047480
25 0.478893 0.314280 0.021453 0.047115
14 0.445329 0.314280 0.022145 0.047115
18 0.419896 0.314280 0.020415 0.047115
5 0.394637 0.315376 0.012803 0.047115
0 0.361592 0.315376 0.024221 0.047115
12 0.335294 0.315376 0.026298 0.047115
14 0.308131 0.316472 0.018339 0.047115
22 0.278893 0.316472 0.018685 0.047115
5 0.262284 0.316472 0.016609 0.047115
26 0.236505 0.316472 0.017647 0.047115
9 0.217128 0.317568 0.015571 0.047115
0 0.183910 0.317568 0.017647 0.047115
25 0.160035 0.317568 0.018339 0.047115
24 0.131488 0.318481 0.023529 0.047480
0 0.102768 0.318481 0.016609 0.047480
16 0.083218 0.318481 0.012803 0.047480
11 0.070069 0.318481 0.011419 0.047480
9 0.055536 0.319576 0.013495 0.047480
14 0.880796 0.350804 0.015571 0.044193
22 0.853114 0.350804 0.018339 0.044193
5 0.833218 0.350804 0.013841 0.044193
4 0.815225 0.350804 0.016609 0.044193
0 0.785467 0.351899 0.031142 0.044193
26 0.756228 0.351899 0.023183 0.044193
11 0.732872 0.351899 0.019377 0.044193
13 0.710554 0.351899 0.021107 0.044193
4 0.673010 0.352995 0.006920 0.044193
9 0.658131 0.352995 0.009689 0.044193
5 0.645329 0.352995 0.011765 0.044193
13 0.628201 0.352995 0.008651 0.044193
12 0.596194 0.352995 0.008997 0.044193
0 0.572318 0.352995 0.019377 0.044193
4 0.542734 0.354091 0.018339 0.044193
1 0.518685 0.354091 0.019377 0.044193
4 0.490484 0.354091 0.013495 0.044193
0 0.453633 0.354091 0.021453 0.044193
26 0.427336 0.354821 0.026990 0.044193
9 0.401038 0.354821 0.013841 0.044193
4 0.381661 0.354821 0.021453 0.044193
5 0.362976 0.354821 0.007612 0.044193
4 0.345502 0.354821 0.023183 0.044193
0 0.309516 0.355917 0.017647 0.044193
12 0.286159 0.355917 0.019377 0.044193
4 0.253633 0.355917 0.018685 0.044193
9 0.237543 0.355917 0.013495 0.044193
11 0.217128 0.355917 0.015571 0.044193
13 0.191176 0.357012 0.022491 0.044193
5 0.162630 0.357012 0.007612 0.044193
12 0.147405 0.357012 0.012457 0.044193
18 0.126990 0.357012 0.016609 0.044193
1 0.101730 0.357012 0.016609 0.044193
3 0.082699 0.357012 0.013841 0.044193
5 0.066263 0.358108 0.015571 0.044193
1 0.877336 0.389335 0.020415 0.045289
11 0.856055 0.389335 0.020761 0.045289
12 0.833737 0.389335 0.022491 0.045289
12 0.807439 0.389335 0.012803 0.045289
1 0.786851 0.390431 0.016609 0.045289
1 0.762630 0.390431 0.018685 0.045289
11 0.738408 0.390431 0.016609 0.045289
13 0.715398 0.391527 0.023183 0.045289
5 0.684256 0.391527 0.010035 0.045289
1 0.668685 0.391527 0.015571 0.045289
11 0.644983 0.392440 0.016609 0.044923
12 0.621972 0.392440 0.027336 0.044923
16 0.594291 0.392440 0.010727 0.044923
20 0.574740 0.393353 0.016609 0.045289
25 0.550346 0.393353 0.020415 0.045289
11 0.521799 0.393353 0.019377 0.045289
13 0.496886 0.394449 0.022145 0.045289
5 0.468166 0.394449 0.009689 0.045289
16 0.452595 0.394449 0.013841 0.045289
26 0.432699 0.395544 0.018339 0.045289
26 0.403979 0.395544 0.017647 0.045289
9 0.387889 0.395544 0.014533 0.045289
14 0.354671 0.396640 0.026298 0.045289
8 0.328547 0.396640 0.024567 0.045289
24 0.305017 0.396640 0.020415 0.045289
0 0.275952 0.397736 0.016263 0.045289
24 0.253633 0.397736 0.018685 0.045289
22 0.225433 0.397736 0.020415 0.045289
11 0.200000 0.398649 0.018685 0.044923
13 0.175087 0.398649 0.021453 0.044923
1 0.151384 0.398649 0.016263 0.044923
18 0.130450 0.399562 0.019377 0.045289
26 0.094464 0.399562 0.021453 0.045289
5 0.076471 0.400657 0.016609 0.045289
9 0.879931 0.428963 0.007612 0.048576
5 0.867647 0.428963 0.010727 0.048576
24 0.850173 0.429876 0.018685 0.048210
4 0.811765 0.430424 0.033218 0.049306
5 0.779585 0.430972 0.009689 0.048210
14 0.760208 0.432067 0.017301 0.048210
12 0.735467 0.432067 0.020415 0.048210
23 0.708651 0.433163 0.017301 0.048210
5 0.692561 0.433163 0.012803 0.048210
25 0.666263 0.433711 0.034256 0.049306
5 0.636159 0.434076 0.008651 0.048576
0 0.619550 0.434989 0.016263 0.048210
17 0.594291 0.434989 0.018339 0.048210
20 0.572837 0.436085 0.016263 0.048210
26 0.545675 0.436633 0.026298 0.049306
3 0.513495 0.437180 0.016609 0.048210
2 0.492042 0.438276 0.014533 0.048210
16 0.477855 0.438276 0.011765 0.048210
10 0.459862 0.438276 0.018685 0.048210
5 0.425433 0.439189 0.013495 0.048576
26 0.401038 0.440102 0.017301 0.048210
9 0.384948 0.440102 0.012803 0.048210
24 0.366955 0.440102 0.019723 0.048210
25 0.329412 0.440650 0.026298 0.049306
10 0.297405 0.442294 0.024567 0.048210
5 0.272145 0.442294 0.008651 0.048210
9 0.256401 0.443389 0.014533 0.048210
22 0.234602 0.443389 0.017301 0.048210
4 0.209343 0.444485 0.019377 0.048210
24 0.184429 0.444485 0.018685 0.048210
10 0.158997 0.445398 0.020415 0.048576
5 0.135294 0.445398 0.005536 0.048576
16 0.123529 0.445398 0.011765 0.048576
26 0.107093 0.446311 0.013495 0.048210
26 0.089446 0.446311 0.013495 0.048210
9 0.073875 0.447407 0.015571 0.048210
18 0.872491 0.472060 0.020415 0.054419
25 0.845329 0.473156 0.031834 0.054419
1 0.817647 0.473156 0.021453 0.054419
1 0.789446 0.473156 0.015571 0.054419
25 0.764014 0.473156 0.019377 0.054419
3 0.734429 0.474251 0.020415 0.054419
10 0.705709 0.474251 0.023183 0.054419
12 0.669550 0.474251 0.009689 0.054419
1 0.645329 0.474251 0.019377 0.054419
4 0.615744 0.475164 0.020415 0.054785
14 0.586332 0.475164 0.022491 0.054785
26 0.551384 0.475164 0.022491 0.054785
10 0.527163 0.475164 0.012803 0.054785
5 0.495502 0.476077 0.009689 0.054419
0 0.477509 0.476077 0.014533 0.054419
11 0.457958 0.476077 0.016263 0.054419
12 0.432699 0.476077 0.018339 0.054419
26 0.401038 0.477173 0.029066 0.054419
5 0.370761 0.477173 0.007958 0.054419
25 0.353287 0.477173 0.017301 0.054419
1 0.323702 0.477173 0.020415 0.054419
18 0.298789 0.477173 0.017647 0.054419
26 0.271453 0.478269 0.027336 0.054419
4 0.240311 0.478269 0.015571 0.054419
25 0.215225 0.478269 0.019377 0.054419
14 0.185467 0.479364 0.022145 0.054419
24 0.156228 0.479364 0.018339 0.054419
5 0.137197 0.479364 0.013495 0.054419
12 0.118685 0.479364 0.011765 0.054419
11 0.096886 0.479364 0.016609 0.054419
13 0.076990 0.480460 0.017647 0.054419
20 0.876990 0.508583 0.013495 0.051497
15 0.858997 0.508583 0.016263 0.051497
9 0.837024 0.508583 0.007612 0.051497
20 0.817474 0.509679 0.015571 0.051497
26 0.798616 0.509679 0.016609 0.051497
4 0.766609 0.509679 0.032180 0.051497
12 0.737889 0.509679 0.015571 0.051497
1 0.713495 0.510592 0.017301 0.051132
1 0.689619 0.510592 0.018685 0.051132
11 0.665917 0.510592 0.015571 0.051132
13 0.643772 0.510592 0.022491 0.051132
5 0.617647 0.510592 0.016609 0.051132
17 0.597059 0.511687 0.020415 0.051132
24 0.567993 0.511687 0.030104 0.051132
26 0.520242 0.512235 0.061246 0.052228
13 0.485294 0.512600 0.001038 0.051497
5 0.473529 0.512600 0.006574 0.051497
18 0.457093 0.512600 0.016609 0.051497
1 0.433564 0.512600 0.014533 0.051497
3 0.414187 0.512600 0.022145 0.051497
26 0.371280 0.513696 0.024221 0.051497
13 0.345502 0.513696 0.025260 0.051497
0 0.307439 0.513696 0.015571 0.051497
12 0.285640 0.514792 0.018339 0.051497
4 0.252595 0.514792 0.020761 0.051497
9 0.233564 0.514792 0.013841 0.051497
13 0.212630 0.514792 0.020415 0.051497
0 0.178028 0.515705 0.025260 0.051132
5 0.153287 0.515705 0.012457 0.051132
6 0.138754 0.515705 0.012457 0.051132
24 0.120069 0.515705 0.014533 0.051132
9 0.100173 0.515705 0.013495 0.051132
13 0.080277 0.516801 0.022145 0.051132
5 0.879412 0.544558 0.008651 0.055515
4 0.860381 0.545654 0.017647 0.055515
25 0.830277 0.545106 0.027336 0.056611
26 0.785467 0.546019 0.026990 0.056245
5 0.761073 0.547480 0.015571 0.055515
6 0.746540 0.547480 0.011419 0.055515
5 0.731488 0.547480 0.012457 0.055515
9 0.715917 0.548576 0.012457 0.055515
26 0.696886 0.548576 0.019377 0.055515
13 0.667647 0.549671 0.015571 0.055515
12 0.637543 0.549671 0.011419 0.055515
4 0.608304 0.550767 0.021453 0.055515
13 0.583910 0.550767 0.013495 0.055515
5 0.558131 0.551863 0.006920 0.055515
7 0.544118 0.551863 0.017647 0.055515
24 0.509170 0.552228 0.027336 0.056245
4 0.474913 0.553689 0.017647 0.055515
0 0.430104 0.553689 0.009689 0.055515
19 0.410727 0.554785 0.011765 0.055515
9 0.383391 0.554785 0.011765 0.055515
4 0.360554 0.555880 0.016609 0.055515
5 0.346540 0.555880 0.013495 0.055515
4 0.323529 0.556976 0.024221 0.055515
1 0.297751 0.556976 0.015571 0.055515
11 0.276817 0.557706 0.016609 0.055515
13 0.251557 0.557706 0.024221 0.055515
5 0.223356 0.558802 0.010727 0.055515
18 0.205882 0.558802 0.024221 0.055515
22 0.165571 0.559350 0.056401 0.056611
24 0.135294 0.559898 0.002076 0.055515
0 0.114879 0.560993 0.011765 0.055515
26 0.090484 0.562089 0.013495 0.055515
4 0.876990 0.586012 0.015571 0.056611
25 0.851557 0.586012 0.021453 0.056611
14 0.820934 0.587107 0.022491 0.056611
9 0.795848 0.588203 0.016609 0.056611
13 0.777855 0.588203 0.021453 0.056611
5 0.750000 0.588203 0.006574 0.056611
12 0.735813 0.589299 0.015571 0.056611
0 0.707958 0.589299 0.026298 0.056611
9 0.680277 0.590212 0.009689 0.056245
4 0.665744 0.590212 0.013841 0.056245
9 0.645329 0.590212 0.015917 0.056245
4 0.624394 0.591308 0.020415 0.056245
14 0.589273 0.591855 0.028374 0.057341
8 0.550346 0.592768 0.049481 0.057706
24 0.521280 0.593316 0.003114 0.056611
5 0.507093 0.593316 0.010035 0.056611
4 0.488235 0.594412 0.026298 0.056611
0 0.463841 0.594412 0.022491 0.056611
3 0.434083 0.594777 0.037024 0.057341
14 0.400519 0.594777 0.030104 0.057341
4 0.373702 0.596421 0.023529 0.056245
12 0.347059 0.596421 0.012457 0.056245
0 0.320761 0.597334 0.026298 0.056611
26 0.291869 0.597334 0.015571 0.056611
26 0.267128 0.598430 0.016609 0.056611
15 0.249654 0.598430 0.020415 0.056611
0 0.221799 0.599525 0.011765 0.056611
26 0.197578 0.599525 0.013841 0.056611
9 0.167474 0.600621 0.007612 0.056611
1 0.151384 0.600621 0.014879 0.056611
5 0.131315 0.601534 0.013495 0.056245
12 0.116782 0.601534 0.017647 0.056245
4 0.087716 0.602447 0.015571 0.056611
5 0.880450 0.627831 0.010727 0.053324
0 0.862976 0.627831 0.016609 0.053324
1 0.838581 0.628744 0.018339 0.053689
3 0.815571 0.628744 0.019377 0.053689
26 0.786505 0.629657 0.021453 0.053324
13 0.755882 0.629657 0.030104 0.053324
14 0.721280 0.630752 0.027336 0.053324
4 0.695502 0.630752 0.022145 0.053324
24 0.671626 0.630752 0.023529 0.053324
4 0.647232 0.631848 0.023183 0.053324
14 0.607785 0.632944 0.028028 0.053324
18 0.581142 0.632944 0.023183 0.053324
12 0.558304 0.632944 0.022491 0.053324
4 0.528893 0.633857 0.010727 0.053689
0 0.506055 0.633857 0.015571 0.053689
24 0.486678 0.634953 0.019723 0.053689
21 0.457958 0.634953 0.014879 0.053689
4 0.424394 0.635866 0.015571 0.053324
8 0.400519 0.635866 0.018339 0.053324
1 0.377682 0.635866 0.017647 0.053324
4 0.351903 0.636961 0.024221 0.053324
0 0.320242 0.636961 0.010035 0.053324
25 0.296367 0.638057 0.020415 0.053324
24 0.267647 0.638057 0.015571 0.053324
9 0.244291 0.639153 0.009689 0.053324
4 0.224740 0.639153 0.013495 0.053324
5 0.211246 0.639153 0.013495 0.053324
4 0.191696 0.639153 0.011765 0.053324
16 0.165917 0.640066 0.008651 0.053689
26 0.148962 0.640066 0.015571 0.053689
15 0.130796 0.640979 0.014533 0.053324
12 0.113322 0.640979 0.008651 0.053324
11 0.095848 0.640979 0.014533 0.053324
13 0.077336 0.642075 0.020415 0.053324
5 0.878028 0.665814 0.005882 0.045289
25 0.860554 0.665814 0.019377 0.045289
14 0.827336 0.666910 0.023529 0.045289
26 0.799135 0.666910 0.019723 0.045289
13 0.773875 0.667823 0.023183 0.044923
0 0.738235 0.668736 0.022491 0.045289
26 0.713841 0.668736 0.024221 0.045289
3 0.685640 0.669832 0.018339 0.045289
1 0.660035 0.669832 0.017647 0.045289
24 0.639965 0.669832 0.014879 0.045289
9 0.622491 0.670928 0.016609 0.045289
0 0.593599 0.670928 0.015571 0.045289
12 0.574740 0.672023 0.014533 0.045289
4 0.549481 0.672023 0.022145 0.045289
18 0.517820 0.672936 0.015571 0.044923
12 0.490484 0.672936 0.025260 0.044923
12 0.463668 0.673850 0.014533 0.045289
1 0.440484 0.673850 0.016609 0.045289
1 0.420069 0.674945 0.018685 0.045289
11 0.390830 0.674945 0.018339 0.045289
13 0.369377 0.676041 0.020415 0.045289
5 0.346021 0.676041 0.008997 0.045289
18 0.334429 0.676041 0.012803 0.045289
12 0.307439 0.677137 0.025260 0.045289
16 0.279758 0.677137 0.012803 0.045289
20 0.260035 0.678050 0.015571 0.044923
25 0.239446 0.678050 0.019377 0.044923
11 0.207266 0.678963 0.021453 0.045289
13 0.179066 0.678598 0.029412 0.046019
5 0.157266 0.680058 0.008651 0.045289
23 0.142042 0.680058 0.013495 0.045289
25 0.121626 0.680058 0.017647 0.045289
24 0.097924 0.681154 0.016609 0.045289
26 0.080796 0.681154 0.013495 0.045289
13 0.061765 0.682250 0.018339 0.045289
0 0.873529 0.704711 0.020415 0.047115
26 0.851211 0.705807 0.022145 0.047115
13 0.827855 0.705807 0.022491 0.047115
12 0.801557 0.706903 0.012803 0.047115
0 0.777682 0.706903 0.017647 0.047115
5 0.760208 0.707816 0.013841 0.047480
26 0.740311 0.707816 0.022491 0.047480
18 0.706228 0.708912 0.024221 0.047480
12 0.681834 0.708912 0.022491 0.047480
9 0.657093 0.709825 0.009689 0.047115
3 0.640830 0.709825 0.014533 0.047115
11 0.619896 0.710920 0.015571 0.047115
13 0.597578 0.710920 0.021453 0.047115
5 0.570761 0.712016 0.010727 0.047115
4 0.552422 0.712016 0.020415 0.047115
9 0.533737 0.712016 0.010727 0.047115
5 0.520242 0.713112 0.010727 0.047115
12 0.498789 0.713112 0.018339 0.047115
8 0.475433 0.714025 0.016609 0.047480
5 0.453979 0.714025 0.014533 0.047480
8 0.436678 0.714025 0.016609 0.047480
20 0.410727 0.715121 0.017301 0.047480
26 0.386851 0.715121 0.024221 0.047480
1 0.356747 0.716034 0.022145 0.047115
9 0.339273 0.716034 0.010727 0.047115
15 0.324567 0.717129 0.016609 0.047115
18 0.303287 0.717129 0.012803 0.047115
9 0.282699 0.717129 0.014533 0.047115
16 0.270069 0.718225 0.010727 0.047115
9 0.257093 0.718225 0.011765 0.047115
11 0.240830 0.718225 0.014533 0.047115
13 0.217128 0.719138 0.023183 0.047480
5 0.192734 0.719138 0.007612 0.047480
12 0.180623 0.719138 0.012457 0.047480
14 0.158651 0.720234 0.017647 0.047480
3 0.133910 0.720234 0.018685 0.047480
26 0.112457 0.721147 0.016609 0.047115
13 0.087543 0.722243 0.023529 0.047115
0 0.874048 0.744887 0.021453 0.061724
26 0.850692 0.744887 0.021107 0.061724
13 0.828893 0.745982 0.022491 0.061724
0 0.784602 0.746348 0.044637 0.062454
26 0.759170 0.746896 0.004152 0.061359
1 0.747578 0.746896 0.013495 0.061359
16 0.726644 0.746896 0.014533 0.061359
9 0.715398 0.747809 0.011419 0.061724
11 0.699308 0.747809 0.014533 0.061724
13 0.673010 0.748356 0.028374 0.062820
12 0.648789 0.748904 0.012457 0.061724
3 0.626817 0.748904 0.019723 0.061724
1 0.599654 0.750000 0.019377 0.061724
24 0.575779 0.750000 0.024221 0.061724
1 0.550519 0.751096 0.014533 0.061724
13 0.525606 0.751096 0.025606 0.061724
1 0.497924 0.752009 0.012457 0.061359
25 0.471972 0.752009 0.021453 0.061359
1 0.444810 0.753104 0.021107 0.061359
26 0.418166 0.753104 0.020415 0.061359
10 0.387889 0.753652 0.028374 0.062454
1 0.363149 0.754018 0.017647 0.061724
1 0.340138 0.755113 0.016609 0.061724
9 0.323010 0.755113 0.015571 0.061724
26 0.302249 0.755113 0.016263 0.061724
10 0.273529 0.755661 0.032872 0.062820
5 0.246886 0.756209 0.010727 0.061724
1 0.230104 0.757305 0.016609 0.061724
12 0.202422 0.757305 0.023529 0.061724
11 0.169377 0.758218 0.021107 0.061359
24 0.139273 0.758766 0.039100 0.062454
1 0.877509 0.786340 0.024221 0.048210
3 0.845329 0.786340 0.038062 0.048210
24 0.811246 0.786340 0.028028 0.048210
10 0.787889 0.787436 0.016609 0.048210
5 0.761246 0.787436 0.011765 0.048210
1 0.744637 0.787436 0.013841 0.048210
25 0.723702 0.787436 0.020415 0.048210
11 0.689619 0.788532 0.022145 0.048210
1 0.668166 0.788532 0.014533 0.048210
10 0.649135 0.788532 0.019377 0.048210
5 0.622491 0.788532 0.008997 0.048210
1 0.605882 0.789627 0.022145 0.048210
23 0.584429 0.789627 0.018685 0.048210
5 0.569031 0.789627 0.010727 0.048210
14 0.546540 0.789627 0.028028 0.048210
10 0.521107 0.790541 0.016609 0.048576
5 0.496367 0.790541 0.007958 0.048576
11 0.480450 0.790541 0.020415 0.048576
26 0.441003 0.791636 0.023183 0.048576
1 0.419550 0.791636 0.019723 0.048576
26 0.389792 0.791636 0.020415 0.048576
13 0.363495 0.791636 0.024567 0.048576
18 0.334429 0.792549 0.010727 0.048210
12 0.312457 0.792549 0.011765 0.048210
14 0.283391 0.792549 0.009689 0.048210
6 0.262284 0.793645 0.014533 0.048210
5 0.248097 0.793645 0.009689 0.048210
6 0.240484 0.793645 0.007612 0.048210
5 0.226817 0.793645 0.015571 0.048210
26 0.201903 0.793645 0.012803 0.048210
1 0.162111 0.794741 0.022491 0.048210
9 0.144464 0.794741 0.010727 0.048210
26 0.118339 0.794741 0.035986 0.048210
10 0.091003 0.795836 0.018685 0.048210
5 0.878547 0.820307 0.006920 0.052593
1 0.863495 0.821402 0.015571 0.052593
25 0.840138 0.821402 0.021453 0.052593
18 0.807439 0.822498 0.022491 0.052593
24 0.779585 0.822498 0.023529 0.052593
9 0.746540 0.823411 0.019723 0.052228
10 0.730450 0.823411 0.018685 0.052228
12 0.700346 0.824507 0.016609 0.052228
14 0.675952 0.824507 0.018339 0.052228
18 0.653114 0.825420 0.017647 0.052593
15 0.633218 0.825420 0.014533 0.052593
9 0.609862 0.825420 0.010727 0.052593
24 0.589273 0.825968 0.028374 0.053689
1 0.563149 0.826516 0.022491 0.052593
5 0.545502 0.827611 0.010727 0.052593
9 0.522664 0.827611 0.013495 0.052593
14 0.503806 0.827611 0.016609 0.052593
9 0.480796 0.828524 0.017647 0.052228
11 0.461938 0.828524 0.014533 0.052228
13 0.441869 0.829620 0.021453 0.052228
5 0.417993 0.829620 0.004844 0.052228
9 0.405882 0.829620 0.013841 0.052228
14 0.387370 0.830716 0.015571 0.052228
9 0.365052 0.830716 0.019377 0.052228
1 0.337716 0.831629 0.013841 0.052593
16 0.322145 0.831629 0.011765 0.052593
9 0.308478 0.831629 0.013495 0.052593
11 0.289100 0.832725 0.015571 0.052593
13 0.265225 0.832725 0.022491 0.052593
18 0.238408 0.833638 0.013841 0.052228
12 0.210727 0.833090 0.030450 0.053324
4 0.182526 0.834733 0.016263 0.052228
0 0.158131 0.834733 0.018685 0.052228
3 0.134775 0.835829 0.018339 0.052228
14 0.111938 0.835829 0.017647 0.052228
4 0.090138 0.836742 0.020415 0.052593
0 0.876471 0.864134 0.018685 0.063550
25 0.847232 0.864134 0.020415 0.063550
24 0.806401 0.865047 0.049481 0.063915
16 0.790311 0.865047 0.007612 0.063915
25 0.772318 0.865047 0.018685 0.063915
1 0.738235 0.865047 0.022491 0.063915
18 0.714879 0.865047 0.012457 0.063915
9 0.685640 0.865047 0.008651 0.063915
4 0.669723 0.866143 0.013495 0.063915
5 0.652076 0.866143 0.013495 0.063915
4 0.630796 0.866143 0.023529 0.063915
12 0.598443 0.866143 0.015571 0.063915
0 0.571799 0.866143 0.018339 0.063915
1 0.548962 0.866143 0.021107 0.063915
26 0.514360 0.867056 0.022491 0.063550
9 0.491522 0.867056 0.015571 0.063550
11 0.474394 0.867056 0.014533 0.063550
13 0.446713 0.867056 0.029066 0.063550
12 0.416955 0.867056 0.014533 0.063550
26 0.393772 0.867056 0.018685 0.063550
26 0.364014 0.868152 0.026990 0.063550
12 0.336678 0.868152 0.009689 0.063550
4 0.314360 0.868152 0.019723 0.063550
13 0.284775 0.868152 0.014533 0.063550
11 0.256401 0.868152 0.006920 0.063550
9 0.244810 0.868152 0.010727 0.063550
14 0.227855 0.869248 0.015571 0.063550
9 0.205363 0.869248 0.011419 0.063550
4 0.176644 0.869248 0.014879 0.063550
25 0.152941 0.869248 0.019377 0.063550
14 0.124221 0.869248 0.016609 0.063550
9 0.112803 0.869248 0.009689 0.063550
9 0.100865 0.869248 0.010727 0.063550
13 0.083737 0.870161 0.017301 0.063915
18 0.874567 0.910153 0.024567 0.045289
12 0.843426 0.908692 0.037716 0.046019
4 0.807958 0.906136 0.021453 0.045289
0 0.783045 0.905040 0.018685 0.045289
24 0.763668 0.904127 0.018685 0.044923
21 0.734775 0.902118 0.027336 0.045289
