5 0.921829 0.263423 0.002458 0.244966
4 0.916912 0.263423 0.004425 0.244966
9 0.911750 0.263423 0.003933 0.244966
4 0.905728 0.263423 0.005654 0.244966
0 0.897616 0.263423 0.004179 0.244966
13 0.890118 0.263423 0.008850 0.244966
25 0.879916 0.263423 0.009095 0.244966
14 0.871067 0.263423 0.007620 0.244966
18 0.863078 0.263423 0.005900 0.244966
26 0.853859 0.263423 0.007129 0.244966
25 0.844641 0.263423 0.010324 0.244966
14 0.835792 0.263423 0.006391 0.244966
18 0.828171 0.263423 0.006391 0.244966
5 0.822886 0.263423 0.003196 0.244966
0 0.815388 0.263423 0.003441 0.244966
12 0.808137 0.263423 0.003687 0.244966
14 0.799410 0.263423 0.004425 0.244966
22 0.788471 0.263423 0.005654 0.244966
5 0.784907 0.263423 0.003441 0.244966
26 0.779499 0.263423 0.004916 0.244966
9 0.772493 0.263423 0.003687 0.244966
0 0.765241 0.263423 0.002950 0.244966
25 0.758235 0.263423 0.006637 0.244966
24 0.747296 0.263423 0.005408 0.244966
0 0.737094 0.263423 0.004671 0.244966
16 0.731318 0.263423 0.004425 0.244966
11 0.726032 0.263423 0.004179 0.244966
9 0.720379 0.263423 0.005162 0.244966
14 0.713496 0.263423 0.003687 0.244966
22 0.704646 0.263423 0.005654 0.244966
5 0.699115 0.263423 0.004425 0.244966
4 0.693707 0.263423 0.003441 0.244966
0 0.685349 0.263423 0.005408 0.244966
26 0.677852 0.263423 0.005654 0.244966
11 0.670354 0.263423 0.004916 0.244966
13 0.663717 0.263423 0.007866 0.244966
4 0.656588 0.263423 0.003441 0.244966
9 0.652655 0.263423 0.003441 0.244966
5 0.647493 0.263423 0.003441 0.244966
13 0.643437 0.263423 0.004179 0.244966
12 0.634956 0.263423 0.005408 0.244966
0 0.627581 0.263423 0.004916 0.244966
4 0.622296 0.263423 0.004671 0.244966
1 0.615413 0.263423 0.005162 0.244966
4 0.607915 0.263423 0.006391 0.244966
0 0.598083 0.263423 0.006391 0.244966
26 0.591077 0.263423 0.006637 0.244966
9 0.584685 0.263423 0.003196 0.244966
4 0.579400 0.263423 0.004425 0.244966
5 0.574115 0.263423 0.003687 0.244966
4 0.568953 0.263423 0.006637 0.244966
0 0.559735 0.263423 0.004425 0.244966
12 0.552606 0.263423 0.005408 0.244966
4 0.545723 0.263423 0.004916 0.244966
9 0.540192 0.263423 0.004179 0.244966
11 0.534907 0.263423 0.003933 0.244966
13 0.528761 0.263423 0.006391 0.244966
5 0.521509 0.263423 0.001721 0.244966
12 0.517085 0.263423 0.004671 0.244966
18 0.509956 0.263423 0.005654 0.244966
1 0.502704 0.263423 0.004916 0.244966
3 0.497296 0.263423 0.004425 0.244966
5 0.490536 0.263423 0.005654 0.244966
1 0.482055 0.263423 0.004916 0.244966
11 0.476032 0.263423 0.004671 0.244966
12 0.467183 0.263423 0.009587 0.244966
12 0.457596 0.263423 0.004179 0.244966
1 0.450836 0.263423 0.004916 0.244966
1 0.445428 0.263423 0.004916 0.244966
11 0.438545 0.263423 0.004916 0.244966
13 0.431908 0.263423 0.007375 0.244966
5 0.422443 0.263423 0.002704 0.244966
1 0.418879 0.263423 0.003933 0.244966
11 0.411873 0.263423 0.005162 0.244966
12 0.402778 0.263423 0.009587 0.244966
16 0.393682 0.263423 0.003196 0.244966
20 0.388520 0.263423 0.004671 0.244966
25 0.381146 0.263423 0.006146 0.244966
11 0.372173 0.263423 0.005900 0.244966
13 0.364061 0.263423 0.008358 0.244966
5 0.355703 0.263423 0.000983 0.244966
16 0.352753 0.263423 0.003933 0.244966
26 0.345624 0.263423 0.005408 0.244966
26 0.338373 0.263423 0.005162 0.244966
9 0.332104 0.263423 0.004916 0.244966
14 0.323623 0.263423 0.004671 0.244966
8 0.315020 0.263423 0.006637 0.244966
24 0.305433 0.263423 0.009095 0.244966
0 0.293756 0.263423 0.002950 0.244966
24 0.286627 0.263423 0.006391 0.244966
22 0.275934 0.263423 0.006637 0.244966
11 0.268805 0.263423 0.005654 0.244966
13 0.261554 0.263423 0.003933 0.244966
1 0.253073 0.263423 0.003687 0.244966
18 0.247296 0.263423 0.005900 0.244966
26 0.236726 0.263423 0.006391 0.244966
5 0.230703 0.263423 0.005654 0.244966
9 0.225787 0.263423 0.002704 0.244966
5 0.220747 0.263423 0.003441 0.244966
24 0.216814 0.263423 0.004425 0.244966
4 0.209808 0.263423 0.003687 0.244966
5 0.200959 0.263423 0.001721 0.244966
14 0.197271 0.263423 0.004179 0.244966
12 0.188545 0.263423 0.006391 0.244966
23 0.181047 0.263423 0.004671 0.244966
5 0.175885 0.263423 0.004179 0.244966
25 0.170477 0.263423 0.003196 0.244966
5 0.157940 0.263423 0.003687 0.244966
0 0.152778 0.263423 0.004179 0.244966
17 0.147370 0.263423 0.004671 0.244966
20 0.140241 0.263423 0.005162 0.244966
26 0.132498 0.263423 0.007375 0.244966
3 0.124754 0.263423 0.004671 0.244966
2 0.118977 0.263423 0.003933 0.244966
16 0.113569 0.263423 0.003933 0.244966
10 0.107424 0.263423 0.005900 0.244966
5 0.098574 0.263423 0.002950 0.244966
26 0.093781 0.263423 0.004179 0.244966
9 0.088373 0.263423 0.004671 0.244966
24 0.081244 0.263423 0.005162 0.244966
25 0.074361 0.263423 0.006146 0.244966
10 0.063422 0.263423 0.008850 0.244966
5 0.055310 0.263423 0.001967 0.244966
9 0.051008 0.263423 0.004179 0.244966
22 0.045600 0.263423 0.004671 0.244966
4 0.038471 0.263423 0.005654 0.244966
24 0.031219 0.263423 0.004916 0.244966
10 0.024705 0.263423 0.007129 0.244966
5 0.986480 0.421141 0.001967 0.224832
16 0.982178 0.421141 0.003687 0.224832
26 0.977384 0.421141 0.004425 0.224832
26 0.970747 0.421141 0.004916 0.224832
9 0.964233 0.421141 0.005654 0.224832
18 0.957104 0.421141 0.003196 0.224832
25 0.949607 0.421141 0.006391 0.224832
1 0.939159 0.421141 0.009587 0.224832
1 0.928958 0.421141 0.004425 0.224832
25 0.922075 0.421141 0.006391 0.224832
3 0.910767 0.421141 0.006883 0.224832
10 0.902040 0.421141 0.008112 0.224832
12 0.891839 0.421141 0.004916 0.224832
1 0.884710 0.421141 0.005408 0.224832
4 0.876598 0.421141 0.005408 0.224832
14 0.870206 0.421141 0.005408 0.224832
26 0.862340 0.421141 0.005408 0.224832
10 0.854966 0.421141 0.006883 0.224832
5 0.846608 0.421141 0.001967 0.224832
0 0.841200 0.421141 0.004916 0.224832
11 0.834685 0.421141 0.004671 0.224832
12 0.828171 0.421141 0.005408 0.224832
26 0.818584 0.421141 0.007866 0.224832
5 0.810472 0.421141 0.002950 0.224832
25 0.805556 0.421141 0.005900 0.224832
1 0.794002 0.421141 0.006883 0.224832
18 0.787488 0.421141 0.005162 0.224832
26 0.779621 0.421141 0.006637 0.224832
4 0.769789 0.421141 0.002704 0.224832
25 0.763151 0.421141 0.005654 0.224832
14 0.753564 0.421141 0.007129 0.224832
24 0.743854 0.421141 0.005900 0.224832
5 0.738815 0.421141 0.002704 0.224832
12 0.732055 0.421141 0.004916 0.224832
11 0.724189 0.421141 0.004916 0.224832
13 0.718043 0.421141 0.006883 0.224832
20 0.708579 0.421141 0.004179 0.224832
15 0.702802 0.421141 0.004916 0.224832
9 0.696042 0.421141 0.002212 0.224832
20 0.691740 0.421141 0.004425 0.224832
26 0.685349 0.421141 0.004916 0.224832
4 0.677974 0.421141 0.006883 0.224832
12 0.669371 0.421141 0.004916 0.224832
1 0.662488 0.421141 0.004916 0.224832
1 0.656096 0.421141 0.004916 0.224832
11 0.649582 0.421141 0.004671 0.224832
13 0.642576 0.421141 0.006391 0.224832
5 0.634341 0.421141 0.002212 0.224832
17 0.629916 0.421141 0.004671 0.224832
24 0.622173 0.421141 0.005900 0.224832
26 0.614061 0.421141 0.005408 0.224832
13 0.606932 0.421141 0.006883 0.224832
5 0.598820 0.421141 0.001967 0.224832
18 0.594641 0.421141 0.004425 0.224832
1 0.588004 0.421141 0.004425 0.224832
3 0.581613 0.421141 0.005900 0.224832
26 0.571903 0.421141 0.006146 0.224832
13 0.564159 0.421141 0.007866 0.224832
0 0.555064 0.421141 0.004916 0.224832
12 0.549164 0.421141 0.004916 0.224832
4 0.540929 0.421141 0.005162 0.224832
9 0.536136 0.421141 0.003933 0.224832
13 0.530113 0.421141 0.006637 0.224832
0 0.520772 0.421141 0.005162 0.224832
6 0.515118 0.421141 0.003687 0.224832
5 0.510202 0.421141 0.004179 0.224832
24 0.503687 0.421141 0.004425 0.224832
9 0.498771 0.421141 0.003933 0.224832
13 0.492134 0.421141 0.007866 0.224832
5 0.485742 0.421141 0.002950 0.224832
4 0.480949 0.421141 0.003687 0.224832
25 0.474435 0.421141 0.006391 0.224832
26 0.463127 0.421141 0.006391 0.224832
6 0.458210 0.421141 0.003933 0.224832
6 0.453417 0.421141 0.003687 0.224832
5 0.448500 0.421141 0.003196 0.224832
9 0.445305 0.421141 0.003196 0.224832
26 0.440265 0.421141 0.003933 0.224832
13 0.432891 0.421141 0.007375 0.224832
12 0.423918 0.421141 0.005162 0.224832
4 0.415929 0.421141 0.005408 0.224832
13 0.408309 0.421141 0.007866 0.224832
5 0.398353 0.421141 0.002212 0.224832
7 0.394789 0.421141 0.004916 0.224832
24 0.383727 0.421141 0.007375 0.224832
4 0.374140 0.421141 0.007866 0.224832
0 0.364307 0.421141 0.003441 0.224832
19 0.357670 0.421141 0.003441 0.224832
9 0.351278 0.421141 0.002950 0.224832
4 0.344887 0.421141 0.004425 0.224832
5 0.339971 0.421141 0.004425 0.224832
4 0.333333 0.421141 0.003441 0.224832
1 0.322886 0.421141 0.006146 0.224832
11 0.316126 0.421141 0.005408 0.224832
13 0.309980 0.421141 0.005900 0.224832
5 0.302606 0.421141 0.001967 0.224832
18 0.297566 0.421141 0.004671 0.224832
22 0.289454 0.421141 0.006146 0.224832
24 0.281342 0.421141 0.004179 0.224832
0 0.270157 0.421141 0.003933 0.224832
26 0.261922 0.421141 0.004179 0.224832
4 0.251352 0.421141 0.005162 0.224832
25 0.244100 0.421141 0.006391 0.224832
14 0.232793 0.421141 0.006883 0.224832
9 0.226278 0.421141 0.004179 0.224832
13 0.220256 0.421141 0.006391 0.224832
5 0.211037 0.421141 0.002212 0.224832
12 0.206735 0.421141 0.004425 0.224832
0 0.198255 0.421141 0.007620 0.224832
9 0.188668 0.421141 0.002704 0.224832
4 0.183997 0.421141 0.003687 0.224832
9 0.179204 0.421141 0.003933 0.224832
4 0.173181 0.421141 0.006637 0.224832
14 0.164577 0.421141 0.003687 0.224832
8 0.154744 0.421141 0.007129 0.224832
24 0.146509 0.421141 0.003933 0.224832
5 0.135570 0.421141 0.002704 0.224832
4 0.129056 0.421141 0.005408 0.224832
0 0.120944 0.421141 0.005408 0.224832
3 0.114430 0.421141 0.005654 0.224832
14 0.104597 0.421141 0.007129 0.224832
4 0.095010 0.421141 0.004671 0.224832
12 0.083456 0.421141 0.005162 0.224832
0 0.073623 0.421141 0.008604 0.224832
26 0.063176 0.421141 0.006883 0.224832
26 0.054326 0.421141 0.005408 0.224832
21 0.046460 0.421141 0.008358 0.224832
0 0.038225 0.421141 0.005654 0.224832
26 0.027901 0.421141 0.009095 0.224832
9 0.985251 0.573826 0.001967 0.214765
1 0.981441 0.573826 0.003687 0.214765
5 0.976647 0.573826 0.003441 0.214765
12 0.971976 0.573826 0.004425 0.214765
4 0.963741 0.573826 0.007129 0.214765
5 0.955875 0.573826 0.002212 0.214765
0 0.951450 0.573826 0.004671 0.214765
1 0.943584 0.573826 0.005162 0.214765
3 0.937439 0.573826 0.005654 0.214765
26 0.928097 0.573826 0.006146 0.214765
13 0.920723 0.573826 0.007620 0.214765
14 0.910767 0.573826 0.003441 0.214765
4 0.902778 0.573826 0.005162 0.214765
24 0.896755 0.573826 0.005408 0.214765
4 0.888643 0.573826 0.003933 0.214765
14 0.879425 0.573826 0.003196 0.214765
18 0.871436 0.573826 0.005900 0.214765
12 0.863569 0.573826 0.003933 0.214765
4 0.851770 0.573826 0.004916 0.214765
0 0.844887 0.573826 0.005408 0.214765
24 0.836898 0.573826 0.005162 0.214765
21 0.829523 0.573826 0.008112 0.214765
4 0.819936 0.573826 0.002704 0.214765
8 0.813668 0.573826 0.005408 0.214765
1 0.803958 0.573826 0.006637 0.214765
4 0.796091 0.573826 0.004179 0.214765
0 0.786013 0.573826 0.006637 0.214765
25 0.776303 0.573826 0.010816 0.214765
24 0.767085 0.573826 0.006637 0.214765
9 0.760079 0.573826 0.003933 0.214765
4 0.754056 0.573826 0.004179 0.214765
5 0.749017 0.573826 0.003933 0.214765
4 0.741642 0.573826 0.007866 0.214765
16 0.733407 0.573826 0.002704 0.214765
26 0.727262 0.573826 0.004671 0.214765
15 0.721116 0.573826 0.003196 0.214765
12 0.713250 0.573826 0.003196 0.214765
11 0.705261 0.573826 0.005408 0.214765
13 0.699115 0.573826 0.003441 0.214765
5 0.691372 0.573826 0.002704 0.214765
25 0.685103 0.573826 0.005408 0.214765
14 0.675516 0.573826 0.006391 0.214765
26 0.667650 0.573826 0.005408 0.214765
13 0.661504 0.573826 0.003441 0.214765
0 0.650197 0.573826 0.003441 0.214765
26 0.642453 0.573826 0.004179 0.214765
3 0.633112 0.573826 0.003196 0.214765
1 0.625000 0.573826 0.005654 0.214765
24 0.617257 0.573826 0.005408 0.214765
9 0.611234 0.573826 0.003196 0.214765
0 0.603368 0.573826 0.002704 0.214765
12 0.597099 0.573826 0.005408 0.214765
4 0.589110 0.573826 0.004179 0.214765
18 0.579646 0.573826 0.003441 0.214765
12 0.571780 0.573826 0.003933 0.214765
12 0.561087 0.573826 0.002704 0.214765
1 0.554695 0.573826 0.004671 0.214765
1 0.548304 0.573826 0.005162 0.214765
11 0.540560 0.573826 0.005408 0.214765
13 0.534292 0.573826 0.003196 0.214765
5 0.526426 0.573826 0.002212 0.214765
18 0.521878 0.573826 0.004916 0.214765
12 0.513889 0.573826 0.004179 0.214765
16 0.505531 0.573826 0.003196 0.214765
20 0.499754 0.573826 0.004425 0.214765
25 0.493486 0.573826 0.005654 0.214765
11 0.484267 0.573826 0.005900 0.214765
13 0.475541 0.573826 0.010079 0.214765
5 0.468043 0.573826 0.002458 0.214765
23 0.463618 0.573826 0.003933 0.214765
25 0.457473 0.573826 0.005900 0.214765
24 0.446534 0.573826 0.007129 0.214765
26 0.438791 0.573826 0.005408 0.214765
13 0.431785 0.573826 0.006146 0.214765
0 0.423058 0.573826 0.004916 0.214765
26 0.415069 0.573826 0.005654 0.214765
13 0.407203 0.573826 0.006637 0.214765
12 0.392453 0.573826 0.014995 0.214765
0 0.382375 0.573826 0.002704 0.214765
5 0.376721 0.573826 0.007620 0.214765
26 0.371927 0.573826 0.000983 0.214765
18 0.365905 0.573826 0.006637 0.214765
12 0.356441 0.573826 0.011308 0.214765
9 0.347714 0.573826 0.002704 0.214765
3 0.342920 0.573826 0.004916 0.214765
11 0.334931 0.573826 0.005162 0.214765
13 0.327679 0.573826 0.007866 0.214765
5 0.319567 0.573826 0.004916 0.214765
4 0.313176 0.573826 0.004425 0.214765
9 0.308382 0.573826 0.003687 0.214765
5 0.304204 0.573826 0.003196 0.214765
12 0.296952 0.573826 0.006883 0.214765
8 0.287979 0.573826 0.005654 0.214765
5 0.281588 0.573826 0.004671 0.214765
8 0.275565 0.573826 0.005408 0.214765
20 0.267576 0.573826 0.005162 0.214765
26 0.260693 0.573826 0.007129 0.214765
1 0.251844 0.573826 0.004179 0.214765
9 0.245698 0.573826 0.003687 0.214765
15 0.241273 0.573826 0.005162 0.214765
18 0.233161 0.573826 0.004671 0.214765
9 0.226770 0.573826 0.004179 0.214765
16 0.222222 0.573826 0.003441 0.214765
9 0.218781 0.573826 0.003441 0.214765
11 0.212512 0.573826 0.004671 0.214765
13 0.205875 0.573826 0.006637 0.214765
5 0.198009 0.573826 0.001229 0.214765
12 0.194076 0.573826 0.004179 0.214765
14 0.186087 0.573826 0.006391 0.214765
3 0.176745 0.573826 0.006391 0.214765
26 0.168756 0.573826 0.005654 0.214765
13 0.160644 0.573826 0.007129 0.214765
0 0.149582 0.573826 0.005162 0.214765
26 0.140364 0.573826 0.006391 0.214765
13 0.132252 0.573826 0.007866 0.214765
0 0.119346 0.573826 0.007129 0.214765
26 0.108776 0.573826 0.013029 0.214765
1 0.098083 0.573826 0.002950 0.214765
16 0.092060 0.573826 0.003687 0.214765
9 0.088864 0.573826 0.003196 0.214765
11 0.082596 0.573826 0.004916 0.214765
13 0.076327 0.573826 0.003196 0.214765
12 0.066863 0.573826 0.003441 0.214765
3 0.058874 0.573826 0.005654 0.214765
1 0.051131 0.573826 0.005408 0.214765
24 0.044862 0.573826 0.003196 0.214765
1 0.035398 0.573826 0.002950 0.214765
13 0.029253 0.573826 0.003441 0.214765
1 0.984267 0.746644 0.003933 0.251678
25 0.978122 0.746644 0.005408 0.251678
1 0.969149 0.746644 0.006146 0.251678
26 0.961652 0.746644 0.005408 0.251678
10 0.954277 0.746644 0.006391 0.251678
1 0.945796 0.746644 0.006146 0.251678
1 0.937930 0.746644 0.005162 0.251678
9 0.932153 0.746644 0.003933 0.251678
26 0.928589 0.746644 0.003687 0.251678
10 0.920723 0.746644 0.007620 0.251678
5 0.912119 0.746644 0.002212 0.251678
1 0.908432 0.746644 0.004179 0.251678
12 0.900934 0.746644 0.005408 0.251678
11 0.893928 0.746644 0.005654 0.251678
26 0.886431 0.746644 0.005408 0.251678
10 0.878441 0.746644 0.007129 0.251678
1 0.868854 0.746644 0.005162 0.251678
3 0.862340 0.746644 0.005408 0.251678
24 0.853245 0.746644 0.006391 0.251678
10 0.844887 0.746644 0.008358 0.251678
5 0.837512 0.746644 0.001967 0.251678
1 0.833210 0.746644 0.004179 0.251678
25 0.827557 0.746644 0.006146 0.251678
11 0.816618 0.746644 0.006391 0.251678
1 0.811087 0.746644 0.004671 0.251678
10 0.802606 0.746644 0.008358 0.251678
5 0.795354 0.746644 0.001721 0.251678
1 0.790560 0.746644 0.004916 0.251678
23 0.783309 0.746644 0.005162 0.251678
5 0.778024 0.746644 0.003441 0.251678
14 0.774213 0.746644 0.004179 0.251678
10 0.766347 0.746644 0.007129 0.251678
5 0.757498 0.746644 0.002704 0.251678
11 0.752458 0.746644 0.006391 0.251678
26 0.745084 0.746644 0.006883 0.251678
1 0.737832 0.746644 0.006637 0.251678
26 0.730211 0.746644 0.007620 0.251678
13 0.722714 0.746644 0.006391 0.251678
18 0.715462 0.746644 0.004179 0.251678
12 0.706244 0.746644 0.004425 0.251678
14 0.693584 0.746644 0.003687 0.251678
6 0.685964 0.746644 0.004671 0.251678
5 0.682399 0.746644 0.002950 0.251678
6 0.678712 0.746644 0.003441 0.251678
5 0.673181 0.746644 0.004671 0.251678
26 0.667527 0.746644 0.003196 0.251678
1 0.658309 0.746644 0.007375 0.251678
9 0.650934 0.746644 0.004916 0.251678
26 0.643559 0.746644 0.005408 0.251678
10 0.636185 0.746644 0.006883 0.251678
5 0.628319 0.746644 0.002458 0.251678
1 0.623402 0.746644 0.003933 0.251678
25 0.617994 0.746644 0.005900 0.251678
18 0.606809 0.746644 0.007129 0.251678
24 0.599680 0.746644 0.005654 0.251678
9 0.592183 0.746644 0.004916 0.251678
10 0.586160 0.746644 0.006146 0.251678
12 0.577188 0.746644 0.007375 0.251678
14 0.568461 0.746644 0.005654 0.251678
18 0.560964 0.746644 0.005408 0.251678
15 0.553589 0.746644 0.006391 0.251678
9 0.547198 0.746644 0.005408 0.251678
24 0.540806 0.746644 0.004916 0.251678
1 0.533432 0.746644 0.004916 0.251678
5 0.528024 0.746644 0.004916 0.251678
9 0.521141 0.746644 0.003441 0.251678
14 0.517085 0.746644 0.004179 0.251678
9 0.509464 0.746644 0.005162 0.251678
11 0.504056 0.746644 0.004179 0.251678
13 0.494592 0.746644 0.012783 0.251678
5 0.491150 0.746644 0.002950 0.251678
9 0.485742 0.746644 0.003441 0.251678
14 0.481809 0.746644 0.004425 0.251678
9 0.474558 0.746644 0.004179 0.251678
1 0.467306 0.746644 0.003933 0.251678
16 0.461775 0.746644 0.003687 0.251678
9 0.458088 0.746644 0.003687 0.251678
11 0.452679 0.746644 0.004179 0.251678
13 0.444567 0.746644 0.010079 0.251678
18 0.435841 0.746644 0.003933 0.251678
12 0.425147 0.746644 0.013520 0.251678
4 0.414454 0.746644 0.005900 0.251678
0 0.406711 0.746644 0.004671 0.251678
3 0.401180 0.746644 0.005900 0.251678
14 0.390118 0.746644 0.007375 0.251678
4 0.378687 0.746644 0.012537 0.251678
0 0.369715 0.746644 0.004425 0.251678
25 0.362463 0.746644 0.006146 0.251678
24 0.351032 0.746644 0.010324 0.251678
16 0.340708 0.746644 0.002950 0.251678
25 0.334931 0.746644 0.006146 0.251678
1 0.323746 0.746644 0.006391 0.251678
18 0.316863 0.746644 0.007866 0.251678
9 0.308137 0.746644 0.003196 0.251678
4 0.301991 0.746644 0.005162 0.251678
5 0.296460 0.746644 0.003933 0.251678
4 0.288594 0.746644 0.009833 0.251678
12 0.279499 0.746644 0.005900 0.251678
0 0.270526 0.746644 0.006146 0.251678
1 0.263151 0.746644 0.006146 0.251678
26 0.254056 0.746644 0.005654 0.251678
9 0.248525 0.746644 0.004916 0.251678
11 0.241150 0.746644 0.005408 0.251678
13 0.232547 0.746644 0.009341 0.251678
12 0.221116 0.746644 0.007129 0.251678
26 0.209931 0.746644 0.007866 0.251678
26 0.198132 0.746644 0.010816 0.251678
12 0.184489 0.746644 0.007620 0.251678
4 0.173058 0.746644 0.007866 0.251678
13 0.161873 0.746644 0.009587 0.251678
11 0.149951 0.746644 0.005408 0.251678
9 0.143682 0.746644 0.004179 0.251678
14 0.138151 0.746644 0.004425 0.251678
9 0.131391 0.746644 0.005162 0.251678
4 0.119961 0.746644 0.002950 0.251678
25 0.112463 0.746644 0.006637 0.251678
14 0.101524 0.746644 0.006883 0.251678
9 0.094027 0.746644 0.005162 0.251678
13 0.088496 0.746644 0.003441 0.251678
18 0.079400 0.746644 0.003933 0.251678
12 0.070182 0.746644 0.004671 0.251678
4 0.056662 0.746644 0.006637 0.251678
0 0.048181 0.746644 0.005900 0.251678
24 0.038963 0.746644 0.007620 0.251678
21 0.026549 0.746644 0.009833 0.251678
