5 0.905784 0.214286 0.002617 0.285714
4 0.901073 0.214286 0.005758 0.285714
9 0.896100 0.214286 0.003141 0.285714
4 0.890866 0.214286 0.006281 0.285714
0 0.882230 0.214286 0.005758 0.285714
13 0.875164 0.214286 0.006281 0.285714
25 0.863910 0.214286 0.009945 0.285714
14 0.855012 0.214286 0.006805 0.285714
18 0.847422 0.214286 0.007328 0.285714
26 0.839047 0.214286 0.006281 0.285714
25 0.831458 0.214286 0.005234 0.285714
14 0.823083 0.214286 0.006281 0.285714
18 0.814708 0.214286 0.005234 0.285714
5 0.809736 0.214286 0.004187 0.285714
0 0.802146 0.214286 0.004711 0.285714
12 0.794164 0.214286 0.008636 0.285714
14 0.785658 0.214286 0.004187 0.285714
22 0.777807 0.214286 0.005758 0.285714
5 0.771264 0.214286 0.004711 0.285714
26 0.765899 0.214286 0.003926 0.285714
9 0.761581 0.214286 0.003141 0.285714
0 0.753729 0.214286 0.006281 0.285714
25 0.746140 0.214286 0.007851 0.285714
24 0.738288 0.214286 0.005758 0.285714
0 0.729783 0.214286 0.003926 0.285714
16 0.724287 0.214286 0.004449 0.285714
11 0.717482 0.214286 0.004449 0.285714
9 0.713033 0.214286 0.003402 0.285714
14 0.704789 0.214286 0.006805 0.285714
22 0.696938 0.214286 0.007851 0.285714
5 0.691180 0.214286 0.002617 0.285714
4 0.685684 0.214286 0.006281 0.285714
0 0.677179 0.214286 0.004449 0.285714
26 0.669197 0.214286 0.005758 0.285714
11 0.662392 0.214286 0.005234 0.285714
13 0.653756 0.214286 0.007328 0.285714
4 0.642764 0.214286 0.006281 0.285714
9 0.637529 0.214286 0.003141 0.285714
5 0.633342 0.214286 0.003141 0.285714
13 0.628108 0.214286 0.006281 0.285714
12 0.619864 0.214286 0.003926 0.285714
0 0.612274 0.214286 0.006019 0.285714
4 0.604030 0.214286 0.005758 0.285714
1 0.597095 0.214286 0.004973 0.285714
4 0.589767 0.214286 0.007066 0.285714
0 0.580476 0.214286 0.006281 0.285714
26 0.573148 0.214286 0.007328 0.285714
9 0.565297 0.214286 0.003141 0.285714
4 0.560194 0.214286 0.003926 0.285714
5 0.555352 0.214286 0.003664 0.285714
4 0.549202 0.214286 0.006543 0.285714
0 0.539388 0.214286 0.004711 0.285714
12 0.533630 0.214286 0.004711 0.285714
4 0.525255 0.214286 0.005758 0.285714
9 0.518582 0.214286 0.004973 0.285714
11 0.511908 0.214286 0.004711 0.285714
13 0.504842 0.214286 0.006805 0.285714
5 0.497121 0.214286 0.002355 0.285714
12 0.493588 0.214286 0.003664 0.285714
18 0.486653 0.214286 0.005496 0.285714
1 0.478409 0.214286 0.005758 0.285714
3 0.471866 0.214286 0.004711 0.285714
5 0.465847 0.214286 0.004187 0.285714
1 0.458388 0.214286 0.004449 0.285714
11 0.451583 0.214286 0.004973 0.285714
12 0.442947 0.214286 0.009683 0.285714
12 0.434572 0.214286 0.004973 0.285714
1 0.426459 0.214286 0.004973 0.285714
1 0.421487 0.214286 0.004973 0.285714
11 0.413112 0.214286 0.005496 0.285714
13 0.405915 0.214286 0.006805 0.285714
5 0.397278 0.214286 0.003141 0.285714
1 0.392044 0.214286 0.006281 0.285714
11 0.384716 0.214286 0.007328 0.285714
12 0.375818 0.214286 0.009422 0.285714
16 0.367967 0.214286 0.003141 0.285714
20 0.362994 0.214286 0.004187 0.285714
25 0.356320 0.214286 0.006019 0.285714
11 0.346244 0.214286 0.006281 0.285714
13 0.338524 0.214286 0.008113 0.285714
5 0.329626 0.214286 0.002355 0.285714
16 0.326354 0.214286 0.003141 0.285714
26 0.321251 0.214286 0.004973 0.285714
26 0.313007 0.214286 0.005234 0.285714
9 0.307642 0.214286 0.004973 0.285714
14 0.298875 0.214286 0.007328 0.285714
8 0.291023 0.214286 0.007328 0.285714
24 0.283172 0.214286 0.007328 0.285714
0 0.272703 0.214286 0.006281 0.285714
24 0.264852 0.214286 0.007328 0.285714
22 0.256739 0.214286 0.007851 0.285714
11 0.248888 0.214286 0.006805 0.285714
13 0.241036 0.214286 0.006805 0.285714
1 0.233054 0.214286 0.004973 0.285714
18 0.225857 0.214286 0.005758 0.285714
26 0.217482 0.214286 0.005234 0.285714
5 0.212510 0.214286 0.004187 0.285714
9 0.205444 0.214286 0.001570 0.285714
5 0.202565 0.214286 0.003141 0.285714
24 0.197592 0.214286 0.004187 0.285714
4 0.189741 0.214286 0.007851 0.285714
5 0.181759 0.214286 0.001832 0.285714
14 0.177440 0.214286 0.004187 0.285714
12 0.170636 0.214286 0.006281 0.285714
23 0.160691 0.214286 0.005758 0.285714
5 0.155718 0.214286 0.003664 0.285714
25 0.148129 0.214286 0.009422 0.285714
5 0.138315 0.214286 0.001832 0.285714
0 0.133865 0.214286 0.004449 0.285714
17 0.127061 0.214286 0.004973 0.285714
20 0.120649 0.214286 0.004711 0.285714
26 0.113059 0.214286 0.007328 0.285714
3 0.103114 0.214286 0.007328 0.285714
2 0.096833 0.214286 0.004187 0.285714
16 0.092646 0.214286 0.003141 0.285714
10 0.087673 0.214286 0.005758 0.285714
5 0.080084 0.214286 0.003141 0.285714
26 0.075373 0.214286 0.003664 0.285714
9 0.070270 0.214286 0.004449 0.285714
24 0.063465 0.214286 0.004973 0.285714
25 0.056922 0.214286 0.005496 0.285714
10 0.047370 0.214286 0.007851 0.285714
5 0.038602 0.214286 0.002355 0.285714
9 0.035331 0.214286 0.003141 0.285714
22 0.030359 0.214286 0.004711 0.285714
4 0.021984 0.214286 0.005758 0.285714
24 0.015179 0.214286 0.004711 0.285714
10 0.007590 0.214286 0.007851 0.285714
9 0.991364 0.614796 0.002617 0.341837
1 0.986129 0.614796 0.004187 0.341837
5 0.980764 0.614796 0.003926 0.341837
12 0.975399 0.614796 0.004711 0.341837
4 0.968595 0.614796 0.003664 0.341837
5 0.959696 0.614796 0.002617 0.341837
0 0.954593 0.614796 0.003926 0.341837
1 0.949359 0.614796 0.004449 0.341837
3 0.942162 0.614796 0.005234 0.341837
26 0.935226 0.614796 0.004973 0.341837
13 0.929861 0.614796 0.003141 0.341837
14 0.921225 0.614796 0.003664 0.341837
4 0.912457 0.614796 0.006019 0.341837
24 0.905391 0.614796 0.005496 0.341837
4 0.898456 0.614796 0.003664 0.341837
14 0.889689 0.614796 0.002879 0.341837
18 0.882622 0.614796 0.006019 0.341837
12 0.873986 0.614796 0.004449 0.341837
4 0.858152 0.614796 0.003141 0.341837
0 0.851217 0.614796 0.004973 0.341837
24 0.844151 0.614796 0.006019 0.341837
21 0.835514 0.614796 0.004449 0.341837
4 0.826485 0.614796 0.003141 0.341837
8 0.819550 0.614796 0.004973 0.341837
1 0.812745 0.614796 0.005496 0.341837
4 0.805679 0.614796 0.003926 0.341837
0 0.797043 0.614796 0.004973 0.341837
25 0.789715 0.614796 0.005496 0.341837
24 0.780424 0.614796 0.008375 0.341837
9 0.772311 0.614796 0.002094 0.341837
4 0.768778 0.614796 0.003926 0.341837
5 0.761712 0.614796 0.004973 0.341837
4 0.756347 0.614796 0.003141 0.341837
16 0.749411 0.614796 0.002879 0.341837
26 0.742607 0.614796 0.005496 0.341837
15 0.735540 0.614796 0.003926 0.341837
12 0.728343 0.614796 0.004711 0.341837
11 0.716174 0.614796 0.007590 0.341837
13 0.709108 0.614796 0.003926 0.341837
5 0.700340 0.614796 0.003141 0.341837
25 0.693274 0.614796 0.005758 0.341837
14 0.684638 0.614796 0.005758 0.341837
26 0.677702 0.614796 0.005496 0.341837
13 0.670636 0.614796 0.003926 0.341837
0 0.660167 0.614796 0.003402 0.341837
26 0.653101 0.614796 0.003926 0.341837
3 0.642502 0.614796 0.003141 0.341837
1 0.635436 0.614796 0.005234 0.341837
24 0.628500 0.614796 0.004973 0.341837
9 0.623135 0.614796 0.003141 0.341837
0 0.615284 0.614796 0.004711 0.341837
12 0.609395 0.614796 0.004973 0.341837
4 0.598796 0.614796 0.010992 0.341837
18 0.590029 0.614796 0.003402 0.341837
12 0.582963 0.614796 0.003926 0.341837
12 0.572363 0.614796 0.003141 0.341837
1 0.565297 0.614796 0.005234 0.341837
1 0.558493 0.614796 0.005234 0.341837
11 0.551557 0.614796 0.004973 0.341837
13 0.546192 0.614796 0.003141 0.341837
5 0.537294 0.614796 0.002094 0.341837
18 0.533892 0.614796 0.004187 0.341837
12 0.523423 0.614796 0.010992 0.341837
16 0.515703 0.614796 0.001832 0.341837
20 0.511254 0.614796 0.004449 0.341837
25 0.504187 0.614796 0.006543 0.341837
11 0.493719 0.614796 0.006019 0.341837
13 0.486391 0.614796 0.008636 0.341837
5 0.480241 0.614796 0.001047 0.341837
23 0.477885 0.614796 0.003141 0.341837
25 0.472651 0.614796 0.006805 0.341837
24 0.463753 0.614796 0.009422 0.341837
26 0.450798 0.614796 0.014918 0.341837
13 0.439414 0.614796 0.006805 0.341837
0 0.429992 0.614796 0.004711 0.341837
26 0.421748 0.614796 0.006019 0.341837
13 0.414028 0.614796 0.007328 0.341837
12 0.406046 0.614796 0.004449 0.341837
0 0.395577 0.614796 0.006019 0.341837
5 0.390212 0.614796 0.004187 0.341837
26 0.384978 0.614796 0.003141 0.341837
18 0.376210 0.614796 0.003926 0.341837
12 0.367574 0.614796 0.004449 0.341837
9 0.358676 0.614796 0.002355 0.341837
3 0.353442 0.614796 0.005496 0.341837
11 0.342842 0.614796 0.006805 0.341837
13 0.335907 0.614796 0.003926 0.341837
5 0.327270 0.614796 0.002879 0.341837
4 0.321644 0.614796 0.004187 0.341837
9 0.316409 0.614796 0.004187 0.341837
5 0.311175 0.614796 0.003141 0.341837
12 0.302539 0.614796 0.004711 0.341837
8 0.290369 0.614796 0.007590 0.341837
5 0.283303 0.614796 0.003926 0.341837
8 0.279901 0.614796 0.004449 0.341837
20 0.270871 0.614796 0.006281 0.341837
26 0.263936 0.614796 0.003926 0.341837
1 0.253468 0.614796 0.002879 0.341837
9 0.248103 0.614796 0.003664 0.341837
15 0.244831 0.614796 0.002355 0.341837
18 0.237503 0.614796 0.006543 0.341837
9 0.230699 0.614796 0.004449 0.341837
16 0.225334 0.614796 0.003141 0.341837
9 0.223502 0.614796 0.003141 0.341837
11 0.216828 0.614796 0.004973 0.341837
13 0.208192 0.614796 0.009160 0.341837
5 0.199948 0.614796 0.002617 0.341837
12 0.193928 0.614796 0.005758 0.341837
14 0.185030 0.614796 0.006281 0.341837
3 0.176524 0.614796 0.007066 0.341837
26 0.165794 0.614796 0.007066 0.341837
13 0.151400 0.614796 0.018582 0.341837
0 0.146689 0.614796 0.003402 0.341837
26 0.137660 0.614796 0.007328 0.341837
13 0.127192 0.614796 0.005234 0.341837
0 0.117639 0.614796 0.010207 0.341837
26 0.106909 0.614796 0.010730 0.341837
1 0.099189 0.614796 0.003664 0.341837
16 0.094085 0.614796 0.003402 0.341837
9 0.090683 0.614796 0.003926 0.341837
11 0.083486 0.614796 0.004711 0.341837
13 0.077205 0.614796 0.006805 0.341837
12 0.066606 0.614796 0.008113 0.341837
3 0.051819 0.614796 0.009422 0.341837
1 0.043182 0.614796 0.005758 0.341837
24 0.030751 0.614796 0.017011 0.341837
1 0.014263 0.614796 0.007066 0.341837
13 0.006805 0.614796 0.006805 0.341837
18 0.963884 0.479592 0.004187 0.469388
25 0.954462 0.479592 0.006805 0.469388
1 0.947134 0.479592 0.004187 0.469388
1 0.937582 0.479592 0.003402 0.469388
25 0.930516 0.479592 0.005496 0.469388
3 0.923057 0.479592 0.005758 0.469388
10 0.915991 0.479592 0.004187 0.469388
12 0.906307 0.479592 0.003664 0.469388
1 0.898979 0.479592 0.005758 0.469388
4 0.891913 0.479592 0.004711 0.469388
14 0.887071 0.479592 0.004449 0.469388
26 0.879874 0.479592 0.005758 0.469388
10 0.872546 0.479592 0.004187 0.469388
5 0.862994 0.479592 0.002879 0.469388
0 0.858152 0.479592 0.004711 0.469388
11 0.850824 0.479592 0.004711 0.469388
12 0.846244 0.479592 0.004973 0.469388
26 0.838786 0.479592 0.004187 0.469388
5 0.829364 0.479592 0.002617 0.469388
25 0.824522 0.479592 0.005496 0.469388
1 0.814839 0.479592 0.006543 0.469388
18 0.807642 0.479592 0.005758 0.469388
26 0.800314 0.479592 0.004187 0.469388
4 0.791023 0.479592 0.004449 0.469388
25 0.781340 0.479592 0.006543 0.469388
14 0.774012 0.479592 0.005496 0.469388
24 0.766946 0.479592 0.004973 0.469388
5 0.761973 0.479592 0.003402 0.469388
12 0.754907 0.479592 0.004449 0.469388
11 0.745224 0.479592 0.006019 0.469388
13 0.740251 0.479592 0.003402 0.469388
20 0.730699 0.479592 0.003141 0.469388
15 0.725857 0.479592 0.003402 0.469388
9 0.718660 0.479592 0.003141 0.469388
20 0.713688 0.479592 0.003664 0.469388
26 0.709108 0.479592 0.005496 0.469388
4 0.699293 0.479592 0.005234 0.469388
12 0.689741 0.479592 0.003402 0.469388
1 0.682544 0.479592 0.005758 0.469388
1 0.675216 0.479592 0.004711 0.469388
11 0.670636 0.479592 0.004973 0.469388
13 0.663177 0.479592 0.004187 0.469388
5 0.656242 0.479592 0.002879 0.469388
17 0.651138 0.479592 0.004711 0.469388
24 0.644072 0.479592 0.005234 0.469388
26 0.636875 0.479592 0.006543 0.469388
13 0.627061 0.479592 0.005234 0.469388
5 0.620126 0.479592 0.002879 0.469388
18 0.615153 0.479592 0.004449 0.469388
1 0.608087 0.479592 0.005496 0.469388
3 0.600628 0.479592 0.005234 0.469388
26 0.593693 0.479592 0.006543 0.469388
13 0.583879 0.479592 0.005234 0.469388
0 0.535854 0.479592 0.002879 0.469388
6 0.531144 0.479592 0.003926 0.469388
5 0.526171 0.479592 0.003926 0.469388
24 0.521329 0.479592 0.004711 0.469388
9 0.514132 0.479592 0.004973 0.469388
13 0.509291 0.479592 0.003141 0.469388
5 0.499738 0.479592 0.002879 0.469388
4 0.495027 0.479592 0.004449 0.469388
25 0.487569 0.479592 0.006281 0.469388
26 0.477885 0.479592 0.007328 0.469388
7 0.468464 0.479592 0.005758 0.469388
5 0.463491 0.479592 0.004187 0.469388
9 0.458780 0.479592 0.003141 0.469388
26 0.456556 0.479592 0.003926 0.469388
13 0.449097 0.479592 0.004187 0.469388
12 0.437189 0.479592 0.003402 0.469388
4 0.429861 0.479592 0.006543 0.469388
13 0.420440 0.479592 0.004973 0.469388
5 0.412981 0.479592 0.002617 0.469388
7 0.408270 0.479592 0.005234 0.469388
24 0.398587 0.479592 0.006805 0.469388
4 0.391259 0.479592 0.004187 0.469388
0 0.379351 0.479592 0.003926 0.469388
19 0.372154 0.479592 0.004187 0.469388
9 0.364826 0.479592 0.003664 0.469388
4 0.357891 0.479592 0.004973 0.469388
5 0.352787 0.479592 0.004187 0.469388
4 0.348076 0.479592 0.003141 0.469388
1 0.338524 0.479592 0.003402 0.469388
11 0.331327 0.479592 0.005758 0.469388
13 0.323999 0.479592 0.004187 0.469388
5 0.314316 0.479592 0.002617 0.469388
18 0.309605 0.479592 0.005234 0.469388
22 0.299921 0.479592 0.006805 0.469388
24 0.292594 0.479592 0.004187 0.469388
4 0.256870 0.479592 0.004449 0.469388
25 0.247056 0.479592 0.006281 0.469388
14 0.239859 0.479592 0.006543 0.469388
9 0.230044 0.479592 0.005234 0.469388
13 0.227820 0.479592 0.002355 0.469388
5 0.218006 0.479592 0.003141 0.469388
12 0.210940 0.479592 0.007328 0.469388
0 0.199032 0.479592 0.006019 0.469388
14 0.162915 0.479592 0.003402 0.469388
8 0.155588 0.479592 0.006543 0.469388
24 0.146166 0.479592 0.004973 0.469388
5 0.136352 0.479592 0.003664 0.469388
4 0.129155 0.479592 0.005496 0.469388
0 0.122088 0.479592 0.006019 0.469388
3 0.112405 0.479592 0.007066 0.469388
14 0.102722 0.479592 0.007590 0.469388
4 0.092908 0.479592 0.005234 0.469388
12 0.078644 0.479592 0.005496 0.469388
0 0.066606 0.479592 0.006019 0.469388
0 0.030489 0.479592 0.007066 0.469388
1 0.990578 0.831633 0.002617 0.316327
25 0.984297 0.831633 0.005234 0.316327
1 0.976184 0.831633 0.005234 0.316327
26 0.969511 0.831633 0.005496 0.316327
10 0.961528 0.831633 0.004187 0.316327
1 0.951714 0.831633 0.002879 0.316327
1 0.945171 0.831633 0.004449 0.316327
9 0.940199 0.831633 0.003402 0.316327
26 0.935619 0.831633 0.004711 0.316327
10 0.927506 0.831633 0.004187 0.316327
5 0.919262 0.831633 0.002355 0.316327
1 0.914289 0.831633 0.004449 0.316327
12 0.906176 0.831633 0.006543 0.316327
11 0.896493 0.831633 0.006019 0.316327
26 0.889950 0.831633 0.005496 0.316327
10 0.881968 0.831633 0.004187 0.316327
1 0.872285 0.831633 0.002617 0.316327
3 0.865742 0.831633 0.005234 0.316327
24 0.857629 0.831633 0.006281 0.316327
10 0.849516 0.831633 0.004187 0.316327
5 0.841272 0.831633 0.002355 0.316327
1 0.836430 0.831633 0.003664 0.316327
25 0.830149 0.831633 0.006281 0.316327
11 0.818634 0.831633 0.006805 0.316327
1 0.812222 0.831633 0.004973 0.316327
10 0.805679 0.831633 0.003402 0.316327
5 0.797566 0.831633 0.002879 0.316327
1 0.791154 0.831633 0.004711 0.316327
23 0.784611 0.831633 0.005234 0.316327
5 0.777938 0.831633 0.003402 0.316327
14 0.774928 0.831633 0.004711 0.316327
10 0.765245 0.831633 0.004711 0.316327
5 0.755561 0.831633 0.003141 0.316327
11 0.750065 0.831633 0.006805 0.316327
26 0.742607 0.831633 0.007066 0.316327
1 0.735410 0.831633 0.006805 0.316327
26 0.727951 0.831633 0.007066 0.316327
13 0.720230 0.831633 0.006805 0.316327
18 0.711594 0.831633 0.003664 0.316327
12 0.703481 0.831633 0.004187 0.316327
14 0.692096 0.831633 0.003402 0.316327
6 0.684114 0.831633 0.005234 0.316327
5 0.679142 0.831633 0.003141 0.316327
6 0.676001 0.831633 0.002617 0.316327
5 0.672599 0.831633 0.003141 0.316327
26 0.667888 0.831633 0.002617 0.316327
1 0.654802 0.831633 0.006805 0.316327
9 0.649437 0.831633 0.002879 0.316327
26 0.643287 0.831633 0.007851 0.316327
10 0.635043 0.831633 0.007590 0.316327
5 0.626930 0.831633 0.002355 0.316327
1 0.622350 0.831633 0.004187 0.316327
25 0.615807 0.831633 0.005758 0.316327
18 0.605993 0.831633 0.006543 0.316327
24 0.598011 0.831633 0.005758 0.316327
9 0.591468 0.831633 0.004187 0.316327
10 0.585056 0.831633 0.007590 0.316327
12 0.575242 0.831633 0.002617 0.316327
14 0.568830 0.831633 0.004973 0.316327
18 0.560848 0.831633 0.006281 0.316327
15 0.552735 0.831633 0.004187 0.316327
9 0.546061 0.831633 0.002355 0.316327
24 0.541220 0.831633 0.004187 0.316327
1 0.534546 0.831633 0.004973 0.316327
5 0.528265 0.831633 0.003402 0.316327
9 0.523292 0.831633 0.002355 0.316327
14 0.518451 0.831633 0.004187 0.316327
9 0.512170 0.831633 0.004711 0.316327
11 0.505627 0.831633 0.005234 0.316327
13 0.498953 0.831633 0.003402 0.316327
5 0.490840 0.831633 0.001832 0.316327
9 0.487830 0.831633 0.003141 0.316327
14 0.482727 0.831633 0.003926 0.316327
9 0.478147 0.831633 0.002617 0.316327
1 0.469903 0.831633 0.002355 0.316327
16 0.465062 0.831633 0.003664 0.316327
9 0.460089 0.831633 0.003664 0.316327
11 0.455247 0.831633 0.004449 0.316327
13 0.448705 0.831633 0.003402 0.316327
18 0.439675 0.831633 0.005758 0.316327
12 0.428553 0.831633 0.011777 0.316327
4 0.415467 0.831633 0.009683 0.316327
0 0.406962 0.831633 0.006805 0.316327
3 0.399503 0.831633 0.007590 0.316327
14 0.391782 0.831633 0.006805 0.316327
4 0.383800 0.831633 0.008113 0.316327
0 0.373462 0.831633 0.007328 0.316327
25 0.364172 0.831633 0.010207 0.316327
24 0.354488 0.831633 0.007590 0.316327
16 0.346114 0.831633 0.002879 0.316327
25 0.340094 0.831633 0.006019 0.316327
1 0.330149 0.831633 0.006019 0.316327
18 0.322298 0.831633 0.008636 0.316327
9 0.313661 0.831633 0.003926 0.316327
4 0.308165 0.831633 0.006543 0.316327
5 0.302669 0.831633 0.002879 0.316327
4 0.297304 0.831633 0.006805 0.316327
12 0.287621 0.831633 0.008375 0.316327
0 0.276760 0.831633 0.006543 0.316327
1 0.268647 0.831633 0.006543 0.316327
26 0.259094 0.831633 0.006281 0.316327
9 0.252552 0.831633 0.004711 0.316327
11 0.246009 0.831633 0.005234 0.316327
13 0.236456 0.831633 0.009683 0.316327
12 0.225072 0.831633 0.008898 0.316327
26 0.207014 0.831633 0.010992 0.316327
26 0.195499 0.831633 0.009945 0.316327
12 0.183460 0.831633 0.007328 0.316327
4 0.169720 0.831633 0.008636 0.316327
13 0.158990 0.831633 0.010207 0.316327
11 0.149306 0.831633 0.004449 0.316327
9 0.143941 0.831633 0.003664 0.316327
14 0.138969 0.831633 0.004187 0.316327
9 0.122219 0.831633 0.026171 0.316327
4 0.114630 0.831633 0.003664 0.316327
25 0.104815 0.831633 0.006543 0.316327
14 0.096702 0.831633 0.006019 0.316327
9 0.088720 0.831633 0.005234 0.316327
13 0.083617 0.831633 0.002879 0.316327
18 0.072494 0.831633 0.004187 0.316327
12 0.062811 0.831633 0.004711 0.316327
4 0.046323 0.831633 0.006281 0.316327
0 0.036509 0.831633 0.006019 0.316327
24 0.028527 0.831633 0.008898 0.316327
21 0.009683 0.831633 0.013086 0.316327
