5 0.954299 0.164141 0.002922 0.151515
9 0.947830 0.164141 0.005843 0.151515
3 0.940317 0.164141 0.006678 0.151515
1 0.930301 0.164141 0.007513 0.151515
24 0.917571 0.164141 0.013773 0.151515
9 0.902129 0.161616 0.005426 0.151515
4 0.892738 0.161616 0.006678 0.151515
5 0.885017 0.161616 0.006260 0.151515
4 0.874583 0.161616 0.009599 0.151515
0 0.861018 0.161616 0.007513 0.151515
12 0.847454 0.159091 0.013773 0.151515
14 0.830551 0.159091 0.011686 0.151515
25 0.814691 0.159091 0.018364 0.151515
4 0.799666 0.159091 0.010017 0.151515
12 0.785058 0.156566 0.007513 0.151515
0 0.772538 0.156566 0.009182 0.151515
14 0.759808 0.156566 0.008765 0.151515
24 0.746244 0.156566 0.013356 0.151515
23 0.729967 0.156566 0.007513 0.151515
3 0.717654 0.154040 0.008765 0.151515
25 0.701795 0.154040 0.017947 0.151515
12 0.682805 0.154040 0.010017 0.151515
9 0.674040 0.154040 0.005843 0.151515
11 0.661102 0.154040 0.010017 0.151515
12 0.648998 0.151515 0.010851 0.151515
1 0.634808 0.151515 0.005843 0.151515
11 0.625209 0.151515 0.006678 0.151515
5 0.617696 0.151515 0.005843 0.151515
24 0.607679 0.151515 0.011686 0.151515
20 0.593072 0.148990 0.009182 0.151515
8 0.581803 0.148990 0.011686 0.151515
24 0.570117 0.148990 0.010017 0.151515
11 0.556761 0.148990 0.010017 0.151515
12 0.544240 0.148990 0.011686 0.151515
24 0.530467 0.148990 0.007513 0.151515
9 0.520033 0.146465 0.006678 0.151515
5 0.512521 0.146465 0.005843 0.151515
13 0.502922 0.146465 0.010851 0.151515
1 0.487896 0.146465 0.007513 0.151515
1 0.477462 0.146465 0.006678 0.151515
16 0.469950 0.146465 0.005843 0.151515
9 0.462855 0.143939 0.005843 0.151515
9 0.452421 0.143939 0.005008 0.151515
25 0.439900 0.143939 0.016694 0.151515
24 0.425292 0.143939 0.010851 0.151515
0 0.413189 0.143939 0.010017 0.151515
12 0.400668 0.141414 0.013356 0.151515
1 0.386686 0.141414 0.006260 0.151515
0 0.374791 0.141414 0.009182 0.151515
3 0.362270 0.141414 0.008347 0.151515
13 0.351002 0.141414 0.010851 0.151515
5 0.337229 0.141414 0.005008 0.151515
1 0.329299 0.138889 0.009182 0.151515
1 0.319699 0.138889 0.008347 0.151515
4 0.310100 0.138889 0.009182 0.151515
14 0.298414 0.138889 0.010851 0.151515
4 0.286728 0.138889 0.009182 0.151515
12 0.272746 0.136364 0.007095 0.151515
9 0.262104 0.136364 0.008347 0.151515
4 0.247078 0.136364 0.010017 0.151515
5 0.237479 0.136364 0.005843 0.151515
0 0.227880 0.136364 0.011686 0.151515
5 0.214107 0.136364 0.004174 0.151515
9 0.207220 0.133838 0.005426 0.151515
0 0.199917 0.133838 0.007513 0.151515
14 0.187187 0.133838 0.008765 0.151515
24 0.174457 0.133838 0.011686 0.151515
14 0.160893 0.133838 0.007095 0.151515
25 0.147120 0.133838 0.009599 0.151515
9 0.137312 0.131313 0.007513 0.151515
4 0.127087 0.131313 0.008765 0.151515
0 0.114775 0.131313 0.007513 0.151515
12 0.099750 0.131313 0.015860 0.151515
4 0.084725 0.131313 0.009182 0.151515
18 0.073038 0.128788 0.010851 0.151515
13 0.060935 0.128788 0.010017 0.151515
6 0.047162 0.128788 0.007513 0.151515
11 0.037980 0.128788 0.009182 0.151515
5 0.030050 0.128788 0.005008 0.151515
24 0.019199 0.128788 0.011686 0.151515
0 0.949290 0.275253 0.005426 0.146465
26 0.937396 0.275253 0.005843 0.146465
4 0.923414 0.275253 0.004591 0.146465
9 0.914232 0.272727 0.006260 0.146465
5 0.907137 0.272727 0.006260 0.146465
13 0.898164 0.272727 0.005008 0.146465
4 0.881886 0.272727 0.003339 0.146465
6 0.874165 0.272727 0.006260 0.146465
4 0.865192 0.272727 0.005008 0.146465
0 0.851419 0.270202 0.004174 0.146465
25 0.839524 0.270202 0.011269 0.146465
24 0.821160 0.270202 0.008765 0.146465
9 0.803840 0.270202 0.005843 0.146465
22 0.793197 0.267677 0.008765 0.146465
0 0.781511 0.267677 0.008765 0.146465
26 0.770033 0.267677 0.008347 0.146465
13 0.757304 0.267677 0.012104 0.146465
14 0.741444 0.267677 0.005426 0.146465
14 0.727880 0.265152 0.010017 0.146465
22 0.713898 0.265152 0.009599 0.146465
24 0.702212 0.265152 0.007930 0.146465
9 0.692821 0.265152 0.007513 0.146465
13 0.683222 0.265152 0.005008 0.146465
14 0.664441 0.265152 0.005008 0.146465
1 0.652963 0.262626 0.007930 0.146465
9 0.643781 0.262626 0.007095 0.146465
26 0.634808 0.262626 0.005008 0.146465
18 0.618114 0.262626 0.005843 0.146465
1 0.603715 0.262626 0.009599 0.146465
3 0.592654 0.260101 0.008347 0.146465
9 0.580968 0.260101 0.008347 0.146465
13 0.571786 0.260101 0.005008 0.146465
11 0.557805 0.260101 0.007095 0.146465
9 0.547788 0.260101 0.007930 0.146465
1 0.536937 0.260101 0.007095 0.146465
6 0.527546 0.257576 0.006678 0.146465
6 0.520242 0.257576 0.005426 0.146465
6 0.513356 0.257576 0.005843 0.146465
23 0.502713 0.257576 0.010434 0.146465
9 0.491653 0.257576 0.005008 0.146465
3 0.480384 0.257576 0.015025 0.146465
4 0.465985 0.255051 0.009599 0.146465
5 0.454716 0.255051 0.007095 0.146465
22 0.445534 0.255051 0.007930 0.146465
9 0.433848 0.255051 0.007930 0.146465
0 0.422162 0.255051 0.012104 0.146465
9 0.407554 0.252525 0.007095 0.146465
4 0.396703 0.252525 0.007095 0.146465
5 0.389816 0.252525 0.006678 0.146465
4 0.376043 0.252525 0.014190 0.146465
0 0.362479 0.252525 0.008765 0.146465
26 0.351628 0.252525 0.006260 0.146465
11 0.340776 0.250000 0.015442 0.146465
15 0.299040 0.251263 0.032972 0.148990
5 0.275250 0.247475 0.003756 0.146465
12 0.268155 0.247475 0.007095 0.146465
0 0.254591 0.247475 0.011686 0.146465
9 0.241444 0.247475 0.004591 0.146465
0 0.230593 0.247475 0.008765 0.146465
11 0.218907 0.247475 0.007930 0.146465
12 0.206803 0.244949 0.014608 0.146465
6 0.193447 0.244949 0.008765 0.146465
5 0.184474 0.244949 0.005008 0.146465
14 0.177379 0.244949 0.007513 0.146465
21 0.159850 0.244949 0.015025 0.146465
4 0.141903 0.242424 0.011686 0.146465
9 0.131469 0.242424 0.005843 0.146465
5 0.125209 0.242424 0.005008 0.146465
13 0.108514 0.242424 0.024207 0.146465
0 0.102462 0.242424 0.004591 0.146465
26 0.090985 0.242424 0.009182 0.146465
13 0.079716 0.239899 0.005843 0.146465
9 0.065317 0.239899 0.003756 0.146465
22 0.056344 0.239899 0.008347 0.146465
0 0.041528 0.239899 0.009599 0.146465
9 0.030050 0.239899 0.008347 0.146465
13 0.021285 0.239899 0.005008 0.146465
1 0.949708 0.392677 0.006260 0.164141
7 0.939900 0.392677 0.006678 0.164141
5 0.932179 0.390152 0.006260 0.164141
3 0.922788 0.390152 0.008347 0.164141
25 0.904007 0.390152 0.020033 0.164141
4 0.885225 0.390152 0.005008 0.164141
0 0.872287 0.390152 0.008347 0.164141
1 0.862270 0.390152 0.007513 0.164141
9 0.852045 0.390152 0.007095 0.164141
1 0.844741 0.390152 0.004174 0.164141
5 0.827421 0.387626 0.004591 0.164141
4 0.817404 0.387626 0.006260 0.164141
9 0.810100 0.387626 0.007513 0.164141
4 0.797371 0.387626 0.006260 0.164141
11 0.780050 0.387626 0.004174 0.164141
9 0.772120 0.387626 0.004174 0.164141
9 0.761895 0.387626 0.004591 0.164141
1 0.752087 0.387626 0.006678 0.164141
9 0.744366 0.387626 0.007095 0.164141
0 0.731845 0.387626 0.009599 0.164141
10 0.719741 0.385101 0.006260 0.164141
9 0.704925 0.385101 0.005008 0.164141
4 0.692404 0.385101 0.008347 0.164141
5 0.682179 0.385101 0.007930 0.164141
4 0.672162 0.385101 0.005426 0.164141
0 0.656093 0.385101 0.011686 0.164141
12 0.643155 0.385101 0.012521 0.164141
0 0.629382 0.385101 0.009182 0.164141
24 0.614566 0.382576 0.010434 0.164141
21 0.599332 0.382576 0.013356 0.164141
4 0.584933 0.382576 0.007095 0.164141
11 0.574708 0.382576 0.006678 0.164141
16 0.566987 0.382576 0.006260 0.164141
18 0.556970 0.382576 0.008765 0.164141
16 0.544449 0.382576 0.007095 0.164141
9 0.539232 0.382576 0.005008 0.164141
5 0.527546 0.382576 0.004174 0.164141
4 0.519407 0.380051 0.006260 0.164141
7 0.512104 0.380051 0.008347 0.164141
26 0.497078 0.380051 0.009182 0.164141
9 0.487270 0.380051 0.007930 0.164141
5 0.474958 0.380051 0.005008 0.164141
4 0.467028 0.380051 0.009182 0.164141
0 0.456177 0.380051 0.010851 0.164141
14 0.441987 0.380051 0.013356 0.164141
24 0.428631 0.380051 0.010851 0.164141
9 0.417780 0.377525 0.007513 0.164141
5 0.406720 0.377525 0.004591 0.164141
4 0.399416 0.377525 0.006678 0.164141
6 0.389399 0.377525 0.006678 0.164141
5 0.381886 0.377525 0.005843 0.164141
5 0.374374 0.377525 0.005843 0.164141
9 0.367487 0.377525 0.005426 0.164141
5 0.355801 0.377525 0.004591 0.164141
4 0.346828 0.377525 0.007513 0.164141
9 0.336811 0.377525 0.006678 0.164141
1 0.329299 0.377525 0.006678 0.164141
5 0.319282 0.375000 0.007513 0.164141
17 0.309265 0.375000 0.006678 0.164141
9 0.301127 0.375000 0.007930 0.164141
0 0.285893 0.375000 0.012521 0.164141
25 0.270033 0.375000 0.015860 0.164141
24 0.255426 0.375000 0.010017 0.164141
16 0.242905 0.375000 0.004174 0.164141
25 0.233723 0.375000 0.010017 0.164141
1 0.216402 0.372475 0.010434 0.164141
18 0.203881 0.372475 0.013773 0.164141
12 0.188439 0.372475 0.007095 0.164141
0 0.176544 0.372475 0.008347 0.164141
1 0.166528 0.372475 0.008347 0.164141
26 0.153381 0.372475 0.007930 0.164141
9 0.145868 0.372475 0.006260 0.164141
10 0.135017 0.372475 0.010434 0.164141
12 0.120826 0.372475 0.006260 0.164141
26 0.111436 0.369949 0.007513 0.164141
26 0.099958 0.369949 0.011269 0.164141
12 0.083681 0.369949 0.007095 0.164141
10 0.066361 0.369949 0.008347 0.164141
0 0.050710 0.369949 0.005426 0.164141
24 0.035684 0.369949 0.012938 0.164141
21 0.016277 0.369949 0.009182 0.164141
6 0.952212 0.493687 0.002922 0.159091
1 0.945534 0.493687 0.006260 0.159091
26 0.934683 0.493687 0.010434 0.159091
7 0.922788 0.493687 0.007513 0.159091
12 0.910684 0.493687 0.008347 0.159091
1 0.899624 0.493687 0.010434 0.159091
5 0.885643 0.491162 0.003339 0.159091
3 0.877922 0.491162 0.007095 0.159091
1 0.865401 0.491162 0.008765 0.159091
25 0.855384 0.491162 0.005426 0.159091
5 0.835559 0.491162 0.003339 0.159091
18 0.827838 0.491162 0.007095 0.159091
1 0.815526 0.491162 0.009182 0.159091
3 0.802796 0.488636 0.009599 0.159091
26 0.790275 0.488636 0.006260 0.159091
0 0.772955 0.488636 0.005843 0.159091
26 0.760225 0.488636 0.006260 0.159091
4 0.742905 0.488636 0.005008 0.159091
18 0.730384 0.486111 0.009182 0.159091
1 0.717654 0.486111 0.007930 0.159091
3 0.707846 0.486111 0.009182 0.159091
4 0.692821 0.486111 0.007513 0.159091
4 0.672788 0.486111 0.005008 0.159091
6 0.660267 0.486111 0.008347 0.159091
0 0.650042 0.483586 0.008765 0.159091
26 0.637521 0.483586 0.006260 0.159091
1 0.619992 0.483586 0.004591 0.159091
5 0.610184 0.483586 0.006678 0.159091
5 0.602462 0.483586 0.006260 0.159091
3 0.592446 0.483586 0.008765 0.159091
25 0.579925 0.483586 0.006260 0.159091
4 0.560100 0.481061 0.011686 0.159091
6 0.547579 0.481061 0.007513 0.159091
4 0.535684 0.481061 0.012104 0.159091
25 0.519199 0.481061 0.010017 0.159091
1 0.502295 0.481061 0.010434 0.159091
18 0.492279 0.478535 0.007930 0.159091
26 0.478923 0.478535 0.012938 0.159091
9 0.467028 0.478535 0.005008 0.159091
14 0.457012 0.478535 0.012521 0.159091
9 0.446786 0.478535 0.006260 0.159091
13 0.436978 0.478535 0.010851 0.159091
26 0.420075 0.478535 0.014608 0.159091
0 0.405259 0.476010 0.011686 0.159091
11 0.392321 0.476010 0.010851 0.159091
12 0.379174 0.476010 0.012938 0.159091
14 0.363940 0.476010 0.006678 0.159091
22 0.350167 0.476010 0.010017 0.159091
26 0.335351 0.473485 0.015442 0.159091
5 0.322412 0.473485 0.004591 0.159091
1 0.312604 0.473485 0.006678 0.159091
9 0.305092 0.473485 0.005843 0.159091
5 0.297579 0.473485 0.005008 0.159091
13 0.292571 0.473485 0.003339 0.159091
4 0.274833 0.473485 0.004591 0.159091
25 0.262521 0.473485 0.010851 0.159091
1 0.244992 0.470960 0.010017 0.159091
9 0.237270 0.470960 0.005426 0.159091
18 0.229967 0.470960 0.007513 0.159091
9 0.217237 0.470960 0.006260 0.159091
7 0.201586 0.470960 0.013356 0.159091
2 0.189274 0.470960 0.008765 0.159091
12 0.177796 0.470960 0.009182 0.159091
9 0.164858 0.468434 0.008347 0.159091
4 0.154841 0.468434 0.007513 0.159091
5 0.144825 0.468434 0.006678 0.159091
4 0.135225 0.468434 0.010851 0.159091
14 0.120826 0.468434 0.007095 0.159091
22 0.107053 0.468434 0.009599 0.159091
5 0.097037 0.468434 0.007930 0.159091
26 0.083264 0.465909 0.013773 0.159091
9 0.067821 0.465909 0.005426 0.159091
0 0.057596 0.465909 0.012521 0.159091
11 0.045075 0.465909 0.010017 0.159091
12 0.025459 0.465909 0.027546 0.159091
0 0.951169 0.604798 0.009182 0.174242
26 0.936352 0.602273 0.014608 0.174242
25 0.922162 0.602273 0.010434 0.174242
1 0.904215 0.602273 0.011269 0.174242
18 0.893573 0.602273 0.008347 0.174242
26 0.878548 0.602273 0.014190 0.174242
4 0.861853 0.602273 0.005008 0.174242
9 0.850793 0.602273 0.007095 0.174242
14 0.843072 0.599747 0.006678 0.174242
9 0.832220 0.599747 0.007513 0.174242
13 0.824082 0.599747 0.004591 0.174242
5 0.810935 0.599747 0.003339 0.174242
12 0.802796 0.599747 0.007930 0.174242
0 0.789649 0.599747 0.006678 0.174242
9 0.773790 0.599747 0.003339 0.174242
24 0.765860 0.599747 0.007513 0.174242
0 0.752504 0.597222 0.010017 0.174242
4 0.739149 0.597222 0.006678 0.174242
12 0.723289 0.597222 0.005843 0.174242
10 0.709933 0.597222 0.006678 0.174242
5 0.695534 0.597222 0.009599 0.174242
6 0.685726 0.597222 0.005843 0.174242
14 0.677588 0.597222 0.007095 0.174242
9 0.667154 0.597222 0.006260 0.174242
21 0.659015 0.594697 0.010851 0.174242
5 0.646077 0.594697 0.003339 0.174242
12 0.637730 0.594697 0.008347 0.174242
0 0.624374 0.594697 0.006678 0.174242
9 0.611227 0.594697 0.003756 0.174242
24 0.603088 0.594697 0.007513 0.174242
0 0.589733 0.594697 0.009182 0.174242
4 0.579090 0.594697 0.005426 0.174242
12 0.563439 0.592172 0.005843 0.174242
10 0.550083 0.592172 0.006678 0.174242
25 0.531302 0.592172 0.005843 0.174242
0 0.515234 0.592172 0.011269 0.174242
24 0.502087 0.592172 0.006678 0.174242
1 0.485810 0.592172 0.013356 0.174242
11 0.473289 0.589646 0.010017 0.174242
12 0.459098 0.589646 0.015025 0.174242
2 0.443656 0.589646 0.007513 0.174242
1 0.432596 0.589646 0.007930 0.174242
12 0.421953 0.589646 0.007513 0.174242
10 0.407137 0.589646 0.017947 0.174242
5 0.394199 0.589646 0.002922 0.174242
4 0.387312 0.589646 0.006678 0.174242
2 0.376669 0.587121 0.007930 0.174242
3 0.366027 0.587121 0.008347 0.174242
26 0.350584 0.587121 0.015025 0.174242
12 0.335559 0.587121 0.006678 0.174242
1 0.323456 0.587121 0.008347 0.174242
16 0.315526 0.587121 0.005843 0.174242
10 0.305301 0.587121 0.011269 0.174242
1 0.287980 0.584596 0.010017 0.174242
9 0.279633 0.584596 0.005008 0.174242
5 0.272955 0.584596 0.005008 0.174242
13 0.261686 0.584596 0.014190 0.174242
4 0.246244 0.584596 0.006678 0.174242
4 0.235392 0.584596 0.008347 0.174242
5 0.224750 0.584596 0.007095 0.174242
0 0.214524 0.584596 0.011686 0.174242
12 0.196995 0.582071 0.008347 0.174242
0 0.181970 0.582071 0.010017 0.174242
14 0.171327 0.582071 0.008765 0.174242
24 0.153381 0.582071 0.017947 0.174242
1 0.136060 0.582071 0.006678 0.174242
18 0.123539 0.582071 0.009182 0.174242
1 0.112688 0.582071 0.008347 0.174242
5 0.102045 0.579545 0.007095 0.174242
24 0.092237 0.579545 0.010851 0.174242
6 0.078881 0.579545 0.007513 0.174242
4 0.065943 0.579545 0.013356 0.174242
18 0.052379 0.579545 0.008765 0.174242
25 0.038189 0.579545 0.011269 0.174242
4 0.017529 0.579545 0.016694 0.174242
9 0.955134 0.714646 0.004591 0.186869
4 0.945952 0.714646 0.007095 0.186869
5 0.936770 0.714646 0.007095 0.186869
4 0.927588 0.714646 0.005426 0.186869
12 0.912145 0.714646 0.004591 0.186869
9 0.902963 0.714646 0.005426 0.186869
1 0.887521 0.714646 0.005426 0.186869
22 0.874791 0.714646 0.009182 0.186869
0 0.862270 0.714646 0.009182 0.186869
26 0.850167 0.714646 0.008347 0.186869
9 0.841194 0.714646 0.005426 0.186869
14 0.828464 0.714646 0.005008 0.186869
14 0.816361 0.714646 0.010017 0.186869
22 0.800918 0.714646 0.010017 0.186869
24 0.788606 0.714646 0.010434 0.186869
9 0.773164 0.714646 0.009599 0.186869
13 0.763982 0.714646 0.005426 0.186869
5 0.748539 0.714646 0.004591 0.186869
4 0.739357 0.714646 0.007095 0.186869
9 0.729549 0.714646 0.007513 0.186869
4 0.720576 0.714646 0.005426 0.186869
12 0.704925 0.714646 0.005843 0.186869
10 0.693030 0.714646 0.006260 0.186869
12 0.674249 0.714646 0.005426 0.186869
0 0.661937 0.714646 0.009182 0.186869
5 0.649624 0.714646 0.007930 0.186869
26 0.643155 0.714646 0.004174 0.186869
18 0.624791 0.714646 0.005843 0.186869
12 0.612896 0.714646 0.006260 0.186869
9 0.597245 0.714646 0.004174 0.186869
3 0.587855 0.714646 0.009599 0.186869
10 0.572412 0.714646 0.007930 0.186869
5 0.560100 0.714646 0.004174 0.186869
12 0.551127 0.714646 0.007930 0.186869
6 0.538397 0.714646 0.008347 0.186869
11 0.529215 0.714646 0.006678 0.186869
24 0.520242 0.714646 0.007930 0.186869
5 0.507721 0.714646 0.007930 0.186869
15 0.501252 0.714646 0.004174 0.186869
1 0.488940 0.714646 0.005426 0.186869
9 0.480175 0.714646 0.006260 0.186869
15 0.472037 0.714646 0.009182 0.186869
18 0.461394 0.714646 0.008765 0.186869
9 0.449082 0.714646 0.007513 0.186869
16 0.442821 0.714646 0.005008 0.186869
9 0.436561 0.714646 0.005843 0.186869
10 0.426544 0.714646 0.010017 0.186869
12 0.411519 0.714646 0.008347 0.186869
14 0.396703 0.714646 0.010434 0.186869
18 0.384182 0.714646 0.008765 0.186869
15 0.372287 0.714646 0.010017 0.186869
26 0.356427 0.714646 0.008347 0.186869
4 0.343907 0.714646 0.008347 0.186869
9 0.334933 0.714646 0.007095 0.186869
4 0.323873 0.714646 0.011686 0.186869
26 0.312187 0.714646 0.006678 0.186869
5 0.301127 0.714646 0.007095 0.186869
24 0.294658 0.714646 0.006678 0.186869
26 0.279841 0.714646 0.015442 0.186869
9 0.266277 0.714646 0.005008 0.186869
4 0.257721 0.714646 0.007095 0.186869
5 0.248539 0.714646 0.007095 0.186869
4 0.236018 0.714646 0.014608 0.186869
1 0.216194 0.714646 0.020033 0.186869
20 0.202838 0.714646 0.005008 0.186869
9 0.193239 0.714646 0.010851 0.186869
10 0.185309 0.714646 0.003339 0.186869
11 0.178631 0.714646 0.006678 0.186869
9 0.170075 0.714646 0.007930 0.186869
1 0.159850 0.714646 0.007513 0.186869
9 0.149624 0.714646 0.007095 0.186869
3 0.136895 0.714646 0.015025 0.186869
5 0.122496 0.714646 0.005426 0.186869
5 0.115818 0.714646 0.006260 0.186869
6 0.106636 0.714646 0.006260 0.186869
23 0.100376 0.714646 0.006260 0.186869
4 0.085142 0.714646 0.016694 0.186869
4 0.066778 0.714646 0.015025 0.186869
5 0.051127 0.714646 0.009599 0.186869
22 0.038397 0.714646 0.008347 0.186869
0 0.029215 0.714646 0.007513 0.186869
10 0.015442 0.714646 0.014190 0.186869
9 0.954299 0.857323 0.006260 0.128788
4 0.943865 0.857323 0.010434 0.128788
5 0.935100 0.857323 0.006260 0.128788
4 0.925918 0.854798 0.011269 0.128788
14 0.908598 0.854798 0.009182 0.128788
14 0.894199 0.852273 0.011269 0.128788
22 0.878548 0.852273 0.010851 0.128788
24 0.866235 0.849747 0.008765 0.128788
9 0.856219 0.849747 0.007095 0.128788
13 0.846202 0.849747 0.012104 0.128788
9 0.831177 0.847222 0.005426 0.128788
25 0.822621 0.847222 0.009182 0.128788
14 0.804674 0.844697 0.012521 0.128788
24 0.788815 0.844697 0.010851 0.128788
26 0.774207 0.842172 0.013356 0.128788
0 0.756052 0.842172 0.013773 0.128788
26 0.742696 0.839646 0.012104 0.128788
4 0.727254 0.839646 0.007930 0.128788
6 0.716402 0.839646 0.007095 0.128788
5 0.708890 0.837121 0.007095 0.128788
23 0.698873 0.837121 0.007930 0.128788
4 0.686978 0.834596 0.010851 0.128788
4 0.671745 0.834596 0.008765 0.128788
6 0.660893 0.834596 0.007095 0.128788
0 0.653172 0.832071 0.007513 0.128788
26 0.637938 0.832071 0.014608 0.128788
12 0.621661 0.829545 0.010434 0.128788
14 0.607053 0.829545 0.010434 0.128788
5 0.594950 0.827020 0.007095 0.128788
18 0.589316 0.827020 0.007513 0.128788
3 0.574708 0.827020 0.010017 0.128788
4 0.561352 0.824495 0.011686 0.128788
14 0.542780 0.824495 0.012938 0.128788
9 0.532763 0.821970 0.004591 0.128788
14 0.523581 0.821970 0.012938 0.128788
9 0.513982 0.821970 0.005426 0.128788
17 0.503965 0.819444 0.012104 0.128788
9 0.488940 0.819444 0.005426 0.128788
14 0.480593 0.819444 0.007095 0.128788
9 0.471202 0.816919 0.007513 0.128788
14 0.461185 0.816919 0.008347 0.128788
4 0.447621 0.816919 0.011269 0.128788
