25 0.974505 0.041016 0.018786 0.047750
14 0.937605 0.041475 0.026166 0.048669
18 0.906575 0.042853 0.012412 0.047750
9 0.869507 0.042853 0.011406 0.047750
25 0.850050 0.044077 0.024824 0.047750
24 0.807279 0.042853 0.027172 0.047750
0 0.776753 0.042853 0.021134 0.047750
12 0.749077 0.042853 0.011406 0.047750
9 0.704629 0.043465 0.012412 0.048975
4 0.688360 0.044536 0.020127 0.048669
5 0.661020 0.045455 0.017779 0.048669
4 0.646427 0.046832 0.009393 0.047750
0 0.599799 0.049128 0.016773 0.048669
12 0.572627 0.050505 0.022811 0.047750
4 0.542435 0.050505 0.016773 0.047750
9 0.527004 0.050505 0.011406 0.047750
16 0.511909 0.051729 0.012747 0.047750
5 0.496310 0.051729 0.008386 0.047750
9 0.475344 0.051729 0.012747 0.047750
4 0.453707 0.051729 0.015767 0.047750
5 0.432908 0.051729 0.017779 0.047750
4 0.406072 0.051729 0.010399 0.047750
0 0.365985 0.051729 0.011406 0.047750
6 0.343006 0.051117 0.017779 0.048975
6 0.327742 0.049128 0.018786 0.048669
3 0.302583 0.048209 0.014760 0.048669
5 0.255451 0.043465 0.014425 0.048975
0 0.236162 0.043924 0.028178 0.049893
4 0.193224 0.039639 0.030191 0.050505
1 0.168064 0.037802 0.032204 0.050505
26 0.120933 0.030609 0.023818 0.049587
0 0.075310 0.025712 0.027172 0.049587
26 0.032875 0.023416 0.024153 0.046832
9 0.984569 0.081573 0.013418 0.044995
4 0.961087 0.082032 0.018786 0.045914
5 0.941630 0.083563 0.015431 0.044689
4 0.922341 0.083563 0.010399 0.044689
0 0.874706 0.086012 0.015767 0.045914
12 0.851224 0.086930 0.025159 0.045914
4 0.817511 0.088766 0.020798 0.045914
9 0.798725 0.089685 0.016773 0.045914
10 0.778766 0.091215 0.010399 0.044689
1 0.740188 0.092746 0.014425 0.045914
11 0.716538 0.093664 0.020127 0.045914
12 0.692553 0.095041 0.011741 0.044995
12 0.654814 0.096419 0.018115 0.045914
1 0.619255 0.096878 0.020127 0.044995
1 0.601308 0.096878 0.015767 0.044995
10 0.577323 0.095960 0.011406 0.044995
5 0.549145 0.095041 0.009393 0.044995
1 0.535055 0.095041 0.016773 0.044995
11 0.510399 0.094582 0.019792 0.045914
12 0.486246 0.093205 0.011741 0.044995
16 0.448004 0.092133 0.012412 0.044689
20 0.428715 0.091215 0.015431 0.044689
25 0.410433 0.091215 0.023147 0.044689
10 0.371184 0.091215 0.015767 0.044689
5 0.342838 0.090297 0.009393 0.044689
1 0.328246 0.090297 0.017779 0.044689
11 0.299899 0.089226 0.020127 0.044995
12 0.276250 0.089226 0.010399 0.044995
14 0.233479 0.088307 0.018786 0.044995
0 0.194230 0.086012 0.030191 0.047750
3 0.165548 0.082492 0.027172 0.046832
10 0.132338 0.077441 0.019792 0.045914
5 0.095270 0.071166 0.022811 0.046832
4 0.066924 0.066269 0.027172 0.046832
9 0.048138 0.063514 0.023147 0.046832
5 0.028682 0.059229 0.017779 0.045608
4 0.975176 0.126569 0.015431 0.044995
3 0.946998 0.127028 0.026166 0.045914
1 0.912445 0.128864 0.024153 0.045914
24 0.883093 0.129936 0.021805 0.045608
9 0.854244 0.131925 0.019121 0.045914
13 0.833948 0.132384 0.009393 0.044995
4 0.794532 0.132384 0.012412 0.044995
0 0.769540 0.132384 0.020798 0.044995
12 0.740188 0.132384 0.021134 0.044995
4 0.711842 0.133303 0.012747 0.044995
0 0.676786 0.134221 0.013754 0.044995
25 0.652801 0.133762 0.024153 0.045914
24 0.618081 0.134680 0.015767 0.045914
0 0.579504 0.137435 0.013754 0.045914
16 0.559712 0.138506 0.017779 0.045608
11 0.541094 0.139578 0.016773 0.045914
9 0.519121 0.140955 0.010399 0.044995
14 0.495639 0.139578 0.017779 0.045914
22 0.463267 0.138506 0.020127 0.045608
5 0.448675 0.136976 0.013754 0.044995
10 0.428715 0.136058 0.011406 0.044995
4 0.393660 0.135139 0.012412 0.044995
9 0.374203 0.134221 0.013754 0.044995
5 0.364810 0.133303 0.011741 0.044995
13 0.350218 0.133303 0.009393 0.044995
18 0.320362 0.132844 0.018786 0.045914
12 0.286313 0.129936 0.015767 0.045608
12 0.247065 0.127946 0.016437 0.045914
1 0.221905 0.126110 0.023147 0.045914
1 0.198423 0.125191 0.019792 0.045914
10 0.177960 0.122743 0.012412 0.044689
5 0.144415 0.120753 0.012412 0.044995
25 0.128145 0.119835 0.026166 0.046832
16 0.095773 0.116162 0.023818 0.046832
16 0.081684 0.113560 0.019121 0.045914
26 0.061389 0.111264 0.026166 0.046832
13 0.033546 0.106979 0.018786 0.045608
12 0.976182 0.165748 0.022140 0.050505
1 0.936431 0.167126 0.021805 0.049587
16 0.914961 0.167126 0.012412 0.049587
9 0.898692 0.167126 0.011406 0.049587
10 0.882925 0.167126 0.007380 0.049587
5 0.844348 0.167126 0.009393 0.049587
3 0.828581 0.167585 0.022140 0.050505
1 0.797719 0.169115 0.027508 0.051729
24 0.769876 0.171870 0.028178 0.051729
26 0.732808 0.174319 0.016437 0.050505
1 0.687689 0.175696 0.014760 0.049587
13 0.660517 0.176615 0.012747 0.049587
1 0.622945 0.177686 0.014760 0.049893
25 0.595606 0.177227 0.027172 0.050811
1 0.558537 0.179063 0.028178 0.050811
26 0.521805 0.180135 0.021805 0.050505
10 0.497820 0.180594 0.009393 0.049587
1 0.455384 0.180594 0.012412 0.049587
1 0.432908 0.180594 0.017779 0.049587
9 0.410768 0.179676 0.017779 0.049587
26 0.385777 0.179676 0.020127 0.049587
10 0.358101 0.178604 0.012412 0.049893
5 0.326065 0.177686 0.011406 0.049893
1 0.309292 0.178145 0.022140 0.050811
12 0.276250 0.176155 0.025159 0.050505
11 0.245555 0.175237 0.026166 0.050505
26 0.206139 0.172482 0.025159 0.050505
10 0.184334 0.170952 0.012412 0.049893
1 0.141731 0.167585 0.017779 0.050505
3 0.114056 0.166208 0.033546 0.051423
24 0.065414 0.163300 0.032204 0.051729
10 0.033043 0.161004 0.015767 0.050811
5 0.986582 0.222528 0.011406 0.068564
1 0.965112 0.222528 0.018786 0.068564
25 0.937437 0.221610 0.023818 0.068564
11 0.901208 0.221610 0.025159 0.068564
1 0.874203 0.220692 0.020798 0.068564
10 0.852734 0.220692 0.013418 0.068564
5 0.817175 0.219620 0.011406 0.068871
1 0.796713 0.219620 0.018786 0.068871
23 0.768366 0.218702 0.021134 0.068871
5 0.746394 0.218702 0.014760 0.068871
14 0.732808 0.218702 0.016437 0.068871
10 0.704462 0.217784 0.016773 0.068871
5 0.668903 0.217784 0.012747 0.068871
23 0.647098 0.216866 0.016773 0.068871
25 0.625629 0.216866 0.024153 0.068871
24 0.583194 0.215947 0.027172 0.068871
26 0.554847 0.215947 0.022811 0.068871
13 0.525663 0.215947 0.016773 0.068871
12 0.490439 0.215029 0.015431 0.068871
0 0.456390 0.213958 0.023147 0.068564
5 0.434418 0.213958 0.018786 0.068564
26 0.412949 0.213958 0.013418 0.068564
18 0.370681 0.213039 0.014760 0.068564
12 0.341161 0.213039 0.016773 0.068564
9 0.306273 0.211968 0.011406 0.068871
3 0.284301 0.211968 0.019792 0.068871
10 0.257632 0.211050 0.016773 0.068871
5 0.228782 0.211050 0.011406 0.068871
4 0.208319 0.210132 0.016773 0.068871
9 0.186347 0.210132 0.019121 0.068871
5 0.163871 0.210132 0.013754 0.068871
12 0.143911 0.209213 0.013418 0.068871
8 0.115733 0.209213 0.024153 0.068871
8 0.080678 0.208295 0.025159 0.068871
20 0.052331 0.208295 0.020798 0.068871
26 0.029856 0.208295 0.013418 0.068871
1 0.975176 0.260637 0.026166 0.055403
9 0.951191 0.260637 0.015767 0.055403
15 0.933412 0.260637 0.017779 0.055403
18 0.901375 0.260637 0.016773 0.055403
9 0.875713 0.259718 0.017779 0.055403
16 0.863636 0.259718 0.012412 0.055403
9 0.845857 0.259718 0.014425 0.055403
10 0.824388 0.259718 0.023818 0.055403
5 0.790507 0.259718 0.008386 0.055403
11 0.770882 0.258800 0.026166 0.055403
26 0.722409 0.258800 0.029185 0.055403
1 0.693391 0.258800 0.026166 0.055403
26 0.653807 0.257882 0.026166 0.055403
13 0.620765 0.257882 0.031198 0.055403
18 0.581516 0.257882 0.019792 0.055403
12 0.530191 0.257423 0.066085 0.056321
14 0.482053 0.256964 0.013418 0.055403
6 0.453707 0.256045 0.019792 0.055403
6 0.437102 0.256045 0.011406 0.055403
5 0.424019 0.256045 0.018786 0.055403
26 0.388963 0.256045 0.017779 0.055403
1 0.349212 0.255127 0.011406 0.055403
9 0.325059 0.255127 0.022140 0.055403
26 0.289500 0.255127 0.026166 0.055403
10 0.260148 0.255127 0.015767 0.055403
5 0.231298 0.254209 0.010399 0.055403
1 0.214190 0.254209 0.017779 0.055403
25 0.184837 0.254209 0.024153 0.055403
18 0.147601 0.254209 0.027508 0.055403
24 0.107850 0.252984 0.037907 0.055403
9 0.048138 0.252984 0.031198 0.055403
10 0.027843 0.252984 0.024153 0.055403
5 0.814492 0.304714 0.012747 0.049893
4 0.791345 0.303796 0.018786 0.049893
9 0.770044 0.303796 0.017779 0.049893
4 0.740691 0.303336 0.030191 0.050811
0 0.706139 0.302724 0.024153 0.049587
13 0.672090 0.302265 0.031198 0.050505
25 0.630661 0.300888 0.024153 0.049587
14 0.597786 0.299969 0.022811 0.049587
18 0.561724 0.300429 0.034552 0.050505
26 0.525159 0.299051 0.017779 0.049587
25 0.497316 0.299051 0.023147 0.049587
14 0.461758 0.298133 0.025159 0.049587
18 0.435424 0.297062 0.018786 0.049893
5 0.415632 0.297062 0.016773 0.049893
0 0.383261 0.296143 0.010399 0.049893
12 0.362127 0.296143 0.012412 0.049893
14 0.325059 0.295072 0.013418 0.049587
22 0.293190 0.295072 0.020798 0.049587
5 0.273230 0.294154 0.016437 0.049587
26 0.252264 0.294154 0.016773 0.049587
9 0.230292 0.294154 0.012412 0.049587
0 0.193056 0.293695 0.032539 0.050505
25 0.157497 0.292776 0.036565 0.050505
24 0.122945 0.291858 0.030527 0.050505
0 0.085877 0.291399 0.018786 0.049587
16 0.063737 0.290481 0.016773 0.049587
11 0.042939 0.290481 0.014760 0.049587
9 0.025159 0.290481 0.018786 0.049587
14 0.975176 0.340526 0.022140 0.050505
22 0.935760 0.340526 0.025159 0.050505
5 0.914961 0.340526 0.016437 0.050505
4 0.886615 0.339608 0.033546 0.050505
0 0.849379 0.339608 0.026166 0.050505
26 0.813821 0.339608 0.024153 0.050505
11 0.784133 0.338690 0.021134 0.050505
13 0.757464 0.338690 0.028178 0.050505
4 0.718719 0.337619 0.019792 0.050811
9 0.695069 0.337619 0.014760 0.050811
5 0.679470 0.337619 0.014425 0.050811
13 0.654814 0.337619 0.024153 0.050811
12 0.616572 0.336700 0.012747 0.050811
0 0.584703 0.336700 0.024153 0.050811
4 0.552331 0.336700 0.019792 0.050811
1 0.532875 0.335782 0.019121 0.050811
4 0.506709 0.335782 0.014425 0.050811
0 0.469977 0.335782 0.012747 0.050811
26 0.444817 0.334864 0.014760 0.050811
9 0.413452 0.334864 0.010399 0.050811
4 0.391479 0.334864 0.016773 0.050811
5 0.371687 0.333792 0.016773 0.050505
4 0.350721 0.333792 0.012412 0.050505
0 0.318182 0.333792 0.027172 0.050505
12 0.287320 0.332874 0.021805 0.050505
4 0.256458 0.332874 0.021134 0.050505
9 0.235491 0.332874 0.014760 0.050505
11 0.218719 0.332874 0.014760 0.050505
13 0.194733 0.331956 0.027172 0.050505
5 0.160181 0.331956 0.010399 0.050505
12 0.139718 0.331956 0.017779 0.050505
18 0.115230 0.331038 0.023147 0.050505
1 0.078665 0.331038 0.025159 0.050505
3 0.050822 0.331038 0.019792 0.050505
5 0.028682 0.331038 0.017779 0.050505
1 0.972996 0.382461 0.030527 0.048669
11 0.942134 0.381543 0.029185 0.048669
12 0.896511 0.381543 0.053338 0.048669
12 0.851057 0.381543 0.022811 0.048669
1 0.816505 0.381543 0.020798 0.048669
1 0.790842 0.381543 0.019792 0.048669
11 0.764173 0.381543 0.018786 0.048669
13 0.735995 0.380624 0.029520 0.048669
5 0.701275 0.380624 0.010399 0.048669
1 0.682154 0.380624 0.017779 0.048669
11 0.654814 0.380624 0.018115 0.048669
12 0.623952 0.380624 0.037571 0.048669
16 0.592586 0.380624 0.012412 0.048669
20 0.576820 0.379706 0.012412 0.048669
25 0.556357 0.379706 0.021805 0.048669
11 0.514089 0.379706 0.025159 0.048669
13 0.486917 0.379706 0.025159 0.048669
5 0.454378 0.379706 0.010399 0.048669
16 0.441798 0.379706 0.012747 0.048669
26 0.420832 0.379706 0.025159 0.048669
26 0.393660 0.378788 0.025159 0.048669
9 0.372694 0.378788 0.012747 0.048669
14 0.340825 0.378788 0.030191 0.048669
8 0.308789 0.378788 0.029185 0.048669
24 0.278598 0.378788 0.027172 0.048669
0 0.240691 0.378788 0.010399 0.048669
24 0.215196 0.378788 0.019792 0.048669
22 0.184334 0.377870 0.023147 0.048669
11 0.153472 0.377870 0.019792 0.048669
13 0.132506 0.377870 0.011406 0.048669
1 0.096780 0.377870 0.013754 0.048669
18 0.078497 0.377870 0.016773 0.048669
26 0.047635 0.377870 0.020127 0.048669
5 0.028178 0.377870 0.016773 0.048669
9 0.980879 0.427456 0.014760 0.050505
5 0.965280 0.427456 0.012412 0.050505
24 0.939953 0.426538 0.033546 0.050505
4 0.903388 0.426538 0.035559 0.050505
5 0.863636 0.426538 0.008386 0.050505
14 0.843173 0.426538 0.019792 0.050505
12 0.806609 0.425620 0.028514 0.050505
23 0.767863 0.425620 0.022140 0.050505
5 0.746394 0.425620 0.016773 0.050505
25 0.723918 0.425620 0.011406 0.050505
5 0.680980 0.424549 0.009393 0.050811
0 0.659510 0.424549 0.016773 0.050811
17 0.632841 0.424549 0.019792 0.050811
20 0.603992 0.424549 0.021134 0.050811
26 0.577323 0.424549 0.013418 0.050811
3 0.541261 0.423630 0.019121 0.050811
2 0.513418 0.423630 0.015767 0.050811
16 0.501342 0.423630 0.010399 0.050811
10 0.482053 0.423630 0.022140 0.050811
5 0.451862 0.423630 0.009393 0.050811
26 0.431399 0.423630 0.016773 0.050811
9 0.409762 0.422712 0.015767 0.050811
24 0.388963 0.422712 0.015767 0.050811
25 0.366823 0.422712 0.019792 0.050811
10 0.330258 0.422712 0.028514 0.050811
5 0.298390 0.422712 0.014425 0.050811
9 0.279604 0.421641 0.012412 0.050505
22 0.262664 0.421641 0.016773 0.050505
4 0.230795 0.421641 0.024153 0.050505
24 0.198423 0.421641 0.021805 0.050505
10 0.168568 0.421641 0.027172 0.050505
5 0.137035 0.420722 0.006374 0.050505
16 0.122945 0.420722 0.013754 0.050505
26 0.095941 0.420722 0.026166 0.050505
26 0.050654 0.420722 0.024153 0.050505
9 0.030359 0.420722 0.019121 0.050505
18 0.976853 0.470003 0.018786 0.053566
25 0.944146 0.470003 0.027172 0.053566
1 0.901375 0.469544 0.033546 0.054484
1 0.859946 0.469085 0.019792 0.053566
25 0.831097 0.468167 0.027172 0.053566
3 0.786146 0.467095 0.029185 0.053260
10 0.749581 0.467707 0.033210 0.054484
12 0.708319 0.466177 0.019792 0.053260
1 0.677960 0.466177 0.024153 0.053260
4 0.644918 0.465106 0.021134 0.053566
14 0.622945 0.465106 0.022811 0.053566
26 0.582690 0.464187 0.024153 0.053566
10 0.557028 0.464187 0.025159 0.053566
5 0.524488 0.463269 0.010399 0.053566
0 0.503019 0.463269 0.019792 0.053566
11 0.474673 0.462351 0.022140 0.053566
12 0.446998 0.462351 0.021134 0.053566
26 0.417142 0.461433 0.028514 0.053566
5 0.387286 0.461433 0.008386 0.053566
25 0.367997 0.461433 0.022140 0.053566
1 0.333445 0.460514 0.022140 0.053566
18 0.311473 0.460514 0.019792 0.053566
26 0.275914 0.460055 0.034552 0.054484
4 0.243878 0.459443 0.018786 0.053260
25 0.215699 0.458525 0.022811 0.053260
14 0.181483 0.458525 0.026166 0.053260
24 0.147098 0.457453 0.021805 0.053566
5 0.123616 0.457453 0.023147 0.053566
12 0.091580 0.456535 0.011406 0.053566
11 0.063905 0.456535 0.023147 0.053566
13 0.035559 0.456535 0.014760 0.053566
20 0.978866 0.514386 0.018786 0.056627
6 0.951526 0.514386 0.023147 0.056627
9 0.919658 0.513315 0.011741 0.056321
20 0.898189 0.513315 0.019121 0.056321
26 0.872526 0.513315 0.022140 0.056321
4 0.831097 0.512856 0.041932 0.057239
12 0.788829 0.511478 0.021805 0.056321
1 0.757967 0.511478 0.021134 0.056321
1 0.733311 0.511478 0.022140 0.056321
11 0.703455 0.510560 0.020798 0.056321
13 0.670580 0.511019 0.038913 0.057239
5 0.641228 0.509642 0.011741 0.056321
17 0.618752 0.509642 0.021134 0.056321
24 0.588896 0.508724 0.023818 0.056321
26 0.558034 0.508724 0.023147 0.056321
13 0.525495 0.507805 0.031198 0.056321
5 0.497820 0.507805 0.009393 0.056321
18 0.479369 0.507805 0.018786 0.056321
1 0.449178 0.506734 0.020798 0.056627
3 0.425025 0.506734 0.022811 0.056627
26 0.387286 0.506734 0.025159 0.056627
13 0.364810 0.505663 0.013754 0.056321
0 0.315666 0.505663 0.013418 0.056321
12 0.285810 0.504744 0.024824 0.056321
4 0.248574 0.504744 0.024153 0.056321
9 0.225595 0.503826 0.017779 0.056321
13 0.206810 0.503826 0.011741 0.056321
0 0.161691 0.502908 0.024153 0.056321
6 0.134519 0.502908 0.015431 0.056321
6 0.121939 0.502908 0.013754 0.056321
24 0.097451 0.501990 0.025159 0.056321
9 0.055015 0.501990 0.024153 0.056321
13 0.032875 0.501990 0.026166 0.056321
5 0.979369 0.560300 0.015767 0.062137
4 0.955720 0.559382 0.020798 0.062137
25 0.923348 0.558923 0.031198 0.063055
26 0.871016 0.557851 0.031198 0.062749
6 0.844851 0.557392 0.019121 0.061830
6 0.825394 0.557392 0.013754 0.061830
5 0.812982 0.556321 0.013754 0.062137
9 0.794197 0.556321 0.017779 0.062137
26 0.767863 0.555403 0.022140 0.062137
13 0.726937 0.555862 0.042939 0.063055
12 0.687689 0.554943 0.035559 0.063055
4 0.643911 0.553566 0.025159 0.062137
13 0.614056 0.553107 0.032539 0.063055
5 0.585206 0.552648 0.010399 0.062137
6 0.566924 0.552648 0.013418 0.062137
6 0.552835 0.551729 0.014760 0.062137
24 0.527675 0.551729 0.022811 0.062137
4 0.495639 0.550811 0.017779 0.062137
0 0.455887 0.550811 0.011406 0.062137
19 0.436598 0.549740 0.012412 0.061830
9 0.403053 0.549740 0.010399 0.061830
4 0.384602 0.548669 0.017779 0.062137
5 0.358940 0.548669 0.018786 0.062137
4 0.339148 0.547750 0.012747 0.062137
1 0.304093 0.547750 0.023818 0.062137
11 0.274908 0.546832 0.019792 0.062137
13 0.241865 0.546373 0.037571 0.063055
5 0.209997 0.545914 0.007380 0.062137
18 0.196243 0.545914 0.020127 0.062137
22 0.158168 0.544995 0.025159 0.062137
24 0.123113 0.544536 0.042939 0.063055
0 0.077994 0.543618 0.028514 0.063055
26 0.041261 0.543618 0.042939 0.063055
4 0.974170 0.598408 0.024153 0.059994
25 0.940624 0.598408 0.028178 0.059994
14 0.896679 0.597490 0.030191 0.059994
9 0.864307 0.597490 0.019792 0.059994
13 0.839651 0.597031 0.031533 0.060912
5 0.811808 0.596572 0.009393 0.059994
12 0.789836 0.595500 0.021805 0.060300
0 0.750084 0.595960 0.034217 0.061218
9 0.714525 0.594582 0.011406 0.060300
4 0.696578 0.594582 0.017779 0.060300
9 0.671587 0.593664 0.020127 0.060300
4 0.643408 0.593664 0.028178 0.060300
14 0.608688 0.592746 0.013754 0.060300
8 0.575813 0.592746 0.027172 0.060300
24 0.539584 0.591827 0.019792 0.060300
5 0.500839 0.591827 0.009393 0.060300
4 0.483227 0.590756 0.017779 0.059994
0 0.458068 0.590756 0.017779 0.059994
3 0.438779 0.589838 0.016773 0.059994
14 0.413452 0.589838 0.023147 0.059994
4 0.382087 0.588919 0.016773 0.059994
12 0.345018 0.588919 0.013754 0.059994
0 0.319356 0.588001 0.014760 0.059994
26 0.281114 0.588001 0.020127 0.059994
26 0.251761 0.586930 0.019792 0.060300
15 0.231298 0.586930 0.021134 0.060300
0 0.198423 0.586012 0.021805 0.060300
26 0.160181 0.586471 0.039919 0.061218
9 0.133009 0.585093 0.010399 0.060300
1 0.119926 0.585093 0.015767 0.060300
5 0.093760 0.585093 0.017779 0.060300
12 0.075981 0.584175 0.019792 0.060300
4 0.037068 0.584634 0.034552 0.061218
5 0.977692 0.695898 0.012412 0.043159
25 0.959410 0.695439 0.020127 0.044077
9 0.932238 0.694521 0.018115 0.044077
14 0.914458 0.693450 0.024153 0.043771
26 0.872526 0.692072 0.026166 0.044689
13 0.849044 0.689164 0.010735 0.043159
0 0.805099 0.685797 0.016773 0.043771
26 0.775579 0.683043 0.016773 0.043771
3 0.736498 0.680135 0.017779 0.044077
1 0.709158 0.677686 0.024153 0.044689
24 0.685676 0.674319 0.020798 0.044077
9 0.664207 0.672023 0.011406 0.043159
0 0.630829 0.671564 0.015767 0.044077
12 0.603489 0.668656 0.024153 0.043771
4 0.575813 0.668197 0.012412 0.042853
18 0.548977 0.665748 0.017779 0.044077
12 0.516605 0.663912 0.015431 0.044077
12 0.475344 0.662994 0.014760 0.044077
1 0.452700 0.661922 0.019792 0.043771
1 0.429722 0.660086 0.020127 0.043771
11 0.406743 0.658096 0.019792 0.044077
13 0.384267 0.658708 0.010399 0.042853
5 0.351728 0.659627 0.008386 0.042853
18 0.338645 0.659167 0.017779 0.043771
12 0.310299 0.660545 0.011406 0.042853
16 0.282623 0.661463 0.010399 0.042853
20 0.265012 0.660545 0.016773 0.042853
25 0.241697 0.662075 0.027172 0.045914
11 0.205636 0.665748 0.026166 0.045914
13 0.183160 0.670646 0.014760 0.044077
5 0.160684 0.673401 0.015431 0.044077
23 0.143408 0.674778 0.023147 0.044995
25 0.115230 0.676768 0.027172 0.044689
24 0.077994 0.679676 0.026501 0.044995
26 0.051828 0.683043 0.019792 0.043771
13 0.029353 0.684879 0.012412 0.043771
5 0.975679 0.651515 0.014425 0.043771
0 0.953204 0.648607 0.021805 0.044077
1 0.924354 0.646771 0.023147 0.044077
3 0.897182 0.646771 0.025159 0.044077
26 0.861624 0.644781 0.025159 0.043771
13 0.834284 0.642792 0.012747 0.044077
14 0.792519 0.639578 0.023147 0.044995
4 0.754780 0.633762 0.029520 0.044995
24 0.729621 0.631925 0.020798 0.043159
4 0.696746 0.632844 0.011406 0.043159
14 0.660517 0.631925 0.012747 0.043159
18 0.632170 0.632384 0.025159 0.044077
12 0.599799 0.630395 0.014760 0.043771
4 0.559544 0.626569 0.015431 0.044077
0 0.532372 0.625650 0.022140 0.044077
24 0.508722 0.624732 0.021134 0.044077
21 0.481047 0.622743 0.013418 0.043771
4 0.439785 0.620906 0.014760 0.043771
8 0.418148 0.618916 0.019792 0.044077
1 0.390473 0.620447 0.018786 0.042853
4 0.366991 0.621365 0.009393 0.042853
0 0.330258 0.621365 0.011741 0.042853
25 0.307783 0.622283 0.025159 0.042853
24 0.266018 0.621365 0.014760 0.042853
9 0.227776 0.622283 0.009393 0.042853
4 0.211506 0.623355 0.021134 0.044995
5 0.189031 0.625191 0.019792 0.044995
4 0.169574 0.627640 0.012412 0.043771
16 0.142402 0.630395 0.014425 0.043771
26 0.125126 0.631925 0.020127 0.044995
15 0.101979 0.634221 0.011406 0.044077
12 0.073801 0.635292 0.015431 0.043771
11 0.046629 0.637129 0.020127 0.043771
13 0.028849 0.638506 0.009393 0.042853
0 0.969473 0.742271 0.018786 0.044077
26 0.936934 0.739822 0.029520 0.044689
13 0.904898 0.735537 0.015767 0.044077
12 0.858940 0.731252 0.021805 0.044689
0 0.822207 0.728344 0.026166 0.044995
5 0.799732 0.726048 0.018786 0.044077
26 0.776250 0.723140 0.013418 0.043771
18 0.745387 0.720233 0.018786 0.044077
12 0.713351 0.718396 0.015767 0.044077
9 0.677290 0.715947 0.012747 0.042853
3 0.657497 0.715488 0.020798 0.043771
11 0.627139 0.712580 0.021134 0.044077
13 0.603489 0.712121 0.011406 0.043159
5 0.575813 0.711662 0.014425 0.044077
4 0.552835 0.708754 0.018786 0.043771
9 0.534384 0.708754 0.013418 0.043771
5 0.520966 0.707377 0.009393 0.042853
12 0.493123 0.706918 0.016773 0.043771
8 0.465951 0.705846 0.020798 0.044077
5 0.441798 0.703551 0.016773 0.043159
8 0.424019 0.704010 0.018786 0.044077
20 0.396344 0.704010 0.019792 0.044077
26 0.374874 0.702632 0.008386 0.043159
1 0.336464 0.702632 0.009393 0.043159
9 0.318685 0.701561 0.011406 0.042853
15 0.305770 0.701561 0.006374 0.042853
18 0.276250 0.701561 0.010399 0.042853
9 0.256458 0.701102 0.019121 0.043771
16 0.240859 0.703092 0.014760 0.044077
9 0.226602 0.703092 0.017779 0.044077
11 0.204126 0.705846 0.019121 0.044077
13 0.185844 0.706918 0.011406 0.043771
5 0.153304 0.710744 0.011406 0.044077
12 0.138712 0.712580 0.019792 0.044077
14 0.113720 0.713499 0.026166 0.045914
3 0.085709 0.718396 0.027172 0.045914
26 0.054512 0.722987 0.025159 0.045914
13 0.032036 0.726967 0.015767 0.044077
0 0.969473 0.786195 0.018786 0.043771
26 0.935928 0.782828 0.029520 0.044995
13 0.904898 0.780380 0.015767 0.043771
0 0.859946 0.776553 0.021805 0.044077
26 0.822878 0.771809 0.020798 0.043771
1 0.781449 0.767065 0.015767 0.044077
16 0.763167 0.765075 0.018786 0.043771
9 0.749077 0.763238 0.020127 0.043771
11 0.726937 0.761708 0.024153 0.044995
13 0.699933 0.758494 0.015767 0.044077
12 0.659007 0.754668 0.019792 0.043771
3 0.627139 0.751760 0.027172 0.044077
1 0.594599 0.749923 0.021134 0.044077
24 0.573130 0.748393 0.011741 0.042853
1 0.530694 0.746097 0.016773 0.043771
13 0.504025 0.743649 0.011741 0.043159
1 0.467964 0.744567 0.012747 0.043159
25 0.440121 0.743649 0.024153 0.043159
1 0.403556 0.744567 0.024153 0.043159
26 0.371184 0.744567 0.019792 0.043159
10 0.348205 0.744567 0.009393 0.043159
1 0.311473 0.745638 0.011741 0.042853
1 0.290003 0.745026 0.019121 0.044077
9 0.271553 0.747016 0.017779 0.043771
26 0.247568 0.747934 0.020127 0.043771
10 0.224589 0.749311 0.011741 0.042853
5 0.193056 0.750842 0.013754 0.044077
1 0.174270 0.752219 0.023818 0.044995
12 0.148105 0.754515 0.034552 0.045914
11 0.101644 0.760331 0.035559 0.045914
26 0.066421 0.767524 0.028178 0.044995
10 0.038745 0.772268 0.016437 0.042853
5 0.977860 0.876951 0.016773 0.047750
1 0.958906 0.875115 0.023147 0.047750
25 0.932741 0.873431 0.031198 0.048669
18 0.888125 0.869758 0.034552 0.048669
24 0.846360 0.864402 0.032204 0.049587
9 0.816672 0.860269 0.025159 0.048669
10 0.796713 0.856749 0.016773 0.047750
12 0.756458 0.850627 0.024153 0.048975
14 0.726937 0.846801 0.028178 0.048669
18 0.695740 0.844965 0.026166 0.048669
15 0.665381 0.842363 0.015767 0.047750
9 0.638712 0.840526 0.016773 0.047750
24 0.615062 0.838690 0.023818 0.047750
1 0.588393 0.836853 0.020798 0.047750
5 0.567427 0.834864 0.012412 0.048056
9 0.547970 0.832874 0.015767 0.047750
14 0.528178 0.831956 0.019792 0.047750
9 0.502516 0.831038 0.018786 0.047750
11 0.481550 0.830119 0.016437 0.047750
13 0.461758 0.828742 0.010399 0.046832
5 0.430225 0.826752 0.010399 0.046526
9 0.420832 0.826140 0.016437 0.047750
14 0.400369 0.825222 0.019792 0.047750
9 0.379571 0.822467 0.013754 0.047750
1 0.353908 0.822467 0.014760 0.047750
16 0.334955 0.822008 0.012412 0.046832
9 0.324556 0.821090 0.012412 0.046832
11 0.303589 0.822008 0.016773 0.046832
13 0.282623 0.822926 0.010399 0.046832
18 0.248574 0.824763 0.024153 0.048669
12 0.211506 0.828742 0.021134 0.048669
4 0.160181 0.834405 0.021134 0.048975
0 0.131499 0.837313 0.028178 0.048669
3 0.107347 0.841904 0.028178 0.048669
14 0.075981 0.845424 0.032539 0.049587
4 0.040255 0.852158 0.022140 0.047750
1 0.966286 0.831956 0.019121 0.045914
3 0.943308 0.829660 0.033546 0.046832
24 0.895169 0.826140 0.039919 0.047750
10 0.848038 0.820631 0.020798 0.045914
5 0.809628 0.817570 0.015767 0.045914
1 0.789836 0.814815 0.021805 0.045914
25 0.765683 0.812519 0.032539 0.046832
11 0.717712 0.808540 0.030527 0.046832
1 0.694062 0.806244 0.020798 0.045914
10 0.669909 0.804408 0.014760 0.045914
5 0.636531 0.801347 0.014425 0.045914
1 0.617578 0.800429 0.020798 0.045914
23 0.594096 0.798592 0.020127 0.045914
5 0.575143 0.795684 0.017779 0.045608
14 0.556357 0.795684 0.021805 0.045608
10 0.528178 0.791858 0.015767 0.045914
5 0.493123 0.790021 0.014760 0.045914
11 0.474170 0.788644 0.025159 0.046832
26 0.439618 0.784665 0.027172 0.046832
1 0.410936 0.783747 0.026166 0.046832
26 0.378397 0.781910 0.022140 0.044995
17 0.349715 0.782828 0.010399 0.044995
18 0.314492 0.781910 0.015767 0.044995
12 0.281114 0.782828 0.013418 0.044995
14 0.234485 0.786042 0.016773 0.045914
6 0.205300 0.787114 0.018786 0.045608
5 0.190037 0.788032 0.013754 0.045608
6 0.175277 0.789103 0.015767 0.045914
5 0.160181 0.790021 0.016437 0.045914
26 0.144582 0.791858 0.018786 0.045914
1 0.106340 0.800429 0.022140 0.045914
9 0.088058 0.803489 0.027172 0.047750
26 0.063402 0.808999 0.028178 0.047750
24 0.040926 0.815733 0.020798 0.045914
0 0.965280 0.921794 0.021134 0.041934
25 0.938443 0.918427 0.036565 0.044995
24 0.892486 0.910774 0.021805 0.043159
16 0.852566 0.905571 0.015767 0.041934
25 0.834955 0.902663 0.030191 0.044077
1 0.791010 0.897000 0.028178 0.043771
18 0.770547 0.893633 0.012747 0.041322
9 0.731130 0.890266 0.017779 0.041934
4 0.704629 0.887818 0.023147 0.043159
5 0.683160 0.884451 0.019792 0.041934
4 0.661020 0.882614 0.013754 0.041934
12 0.620765 0.878788 0.021134 0.042241
0 0.587219 0.874962 0.025159 0.041934
1 0.561221 0.873125 0.020798 0.041934
26 0.535559 0.873125 0.019792 0.041934
9 0.512915 0.872207 0.016773 0.041934
11 0.495639 0.871136 0.017779 0.042241
13 0.473667 0.868228 0.013418 0.041934
12 0.434921 0.863483 0.019792 0.042241
26 0.404059 0.861188 0.027172 0.043159
26 0.378397 0.857361 0.009393 0.041016
12 0.339148 0.857361 0.014760 0.041016
4 0.308286 0.858280 0.022140 0.041016
13 0.281617 0.858739 0.012412 0.041934
11 0.242368 0.861647 0.013754 0.042241
9 0.224589 0.863483 0.017779 0.042241
14 0.206810 0.865014 0.019792 0.042853
9 0.182154 0.868228 0.016773 0.041934
4 0.148608 0.872207 0.020798 0.041934
25 0.121939 0.875880 0.032539 0.043771
14 0.082187 0.881696 0.030191 0.043771
9 0.053338 0.887818 0.022811 0.043159
13 0.035559 0.892562 0.014760 0.041016
18 0.974673 0.963881 0.025159 0.064891
12 0.934753 0.959443 0.029185 0.065810
4 0.887789 0.953321 0.023147 0.065197
0 0.853740 0.949954 0.032204 0.065810
24 0.820698 0.945669 0.039919 0.067034
21 0.774740 0.940465 0.031198 0.065810
