9 0.923750 0.976875 0.015833 0.003750
5 0.492083 0.901250 0.032500 0.002500
4 0.492083 0.895938 0.032500 0.004375
9 0.492083 0.891250 0.032500 0.003750
4 0.492083 0.886250 0.032500 0.006250
0 0.492083 0.878437 0.032500 0.004375
13 0.492083 0.872188 0.032500 0.006875
25 0.492083 0.864062 0.032500 0.004375
14 0.492083 0.856563 0.032500 0.005625
18 0.492083 0.848125 0.032500 0.007500
26 0.492083 0.839688 0.032500 0.004375
25 0.492083 0.832500 0.032500 0.006250
14 0.492083 0.823125 0.032500 0.006250
18 0.492083 0.817813 0.032500 0.004375
5 0.492083 0.812187 0.032500 0.004375
0 0.492083 0.802813 0.032500 0.003125
12 0.492083 0.795937 0.032500 0.003125
14 0.492083 0.789062 0.032500 0.003125
22 0.492917 0.780312 0.032500 0.005625
5 0.492917 0.774687 0.032500 0.004375
26 0.492917 0.768437 0.032500 0.004375
9 0.492917 0.763437 0.032500 0.003125
0 0.492917 0.756250 0.032500 0.002500
25 0.492917 0.750938 0.032500 0.005625
24 0.492917 0.741563 0.032500 0.004375
0 0.492917 0.731875 0.032500 0.005000
16 0.492917 0.725313 0.032500 0.004375
11 0.492917 0.720625 0.032500 0.003750
9 0.492917 0.716562 0.032500 0.004375
14 0.492917 0.709063 0.032500 0.004375
22 0.492917 0.700000 0.032500 0.006250
5 0.492917 0.694063 0.032500 0.004375
4 0.492917 0.688438 0.032500 0.006875
0 0.492917 0.678750 0.032500 0.005000
26 0.492917 0.672188 0.032500 0.004375
11 0.492917 0.665937 0.032500 0.005625
13 0.494167 0.657813 0.031667 0.009375
4 0.494167 0.649687 0.031667 0.004375
9 0.494167 0.644375 0.031667 0.003750
5 0.494167 0.640000 0.031667 0.003750
13 0.494167 0.635625 0.031667 0.005000
12 0.494167 0.626563 0.031667 0.005625
0 0.494167 0.618437 0.031667 0.005625
4 0.494167 0.611250 0.031667 0.005000
1 0.494167 0.603750 0.031667 0.005000
4 0.494167 0.597812 0.031667 0.006875
0 0.494167 0.587500 0.031667 0.006250
26 0.494167 0.578750 0.031667 0.008750
9 0.494167 0.571875 0.031667 0.002500
4 0.494167 0.567187 0.031667 0.005625
5 0.494167 0.562500 0.031667 0.002500
4 0.494167 0.557500 0.031667 0.006250
0 0.494167 0.547500 0.031667 0.005000
12 0.494167 0.540312 0.031667 0.005625
4 0.495417 0.532500 0.032500 0.005000
9 0.495417 0.527188 0.032500 0.004375
11 0.495417 0.522188 0.032500 0.003125
13 0.495417 0.515938 0.032500 0.006875
5 0.495417 0.507500 0.032500 0.001250
12 0.495417 0.503437 0.032500 0.004375
18 0.495417 0.496250 0.032500 0.005000
1 0.495417 0.489375 0.032500 0.005000
3 0.495417 0.482500 0.032500 0.005000
5 0.495417 0.476250 0.032500 0.005000
1 0.495417 0.467500 0.032500 0.003750
11 0.495417 0.458437 0.032500 0.004375
12 0.495417 0.455313 0.032500 0.001875
12 0.495417 0.446875 0.032500 0.003750
1 0.495417 0.437500 0.032500 0.005000
1 0.495417 0.431563 0.032500 0.004375
11 0.495417 0.425312 0.032500 0.005625
13 0.495417 0.419063 0.032500 0.003125
5 0.495417 0.412187 0.032500 0.001875
1 0.495417 0.407813 0.032500 0.005625
11 0.496250 0.400000 0.032500 0.005000
12 0.496250 0.393750 0.032500 0.007500
16 0.496250 0.385937 0.032500 0.004375
20 0.496250 0.379688 0.032500 0.004375
25 0.496250 0.374688 0.032500 0.004375
9 0.496250 0.369375 0.032500 0.003750
11 0.496250 0.363438 0.032500 0.004375
1 0.496250 0.357812 0.032500 0.006875
5 0.496250 0.349062 0.032500 0.001875
16 0.496250 0.345625 0.032500 0.003750
26 0.496250 0.340313 0.032500 0.005625
26 0.496250 0.330625 0.032500 0.005000
9 0.496250 0.325937 0.032500 0.004375
14 0.496250 0.316563 0.032500 0.008125
8 0.496250 0.308437 0.032500 0.006875
24 0.496250 0.300000 0.032500 0.007500
0 0.496250 0.290312 0.032500 0.004375
24 0.496250 0.283750 0.032500 0.006250
22 0.497917 0.274687 0.032500 0.006875
11 0.497917 0.267188 0.032500 0.004375
13 0.497917 0.261562 0.032500 0.006875
1 0.497917 0.252500 0.032500 0.002500
18 0.497917 0.245625 0.032500 0.006250
26 0.497917 0.235937 0.032500 0.005625
5 0.497917 0.230625 0.032500 0.002500
9 0.497917 0.225625 0.032500 0.002500
5 0.497917 0.220000 0.032500 0.003750
24 0.497917 0.216562 0.032500 0.003125
4 0.497917 0.209687 0.032500 0.003125
5 0.497917 0.200000 0.032500 0.003750
14 0.497917 0.194688 0.032500 0.004375
12 0.497917 0.188125 0.032500 0.005000
23 0.497917 0.180000 0.032500 0.005000
5 0.497917 0.175000 0.032500 0.003750
25 0.497917 0.167187 0.032500 0.010625
5 0.497917 0.157188 0.032500 0.003125
0 0.497917 0.152188 0.032500 0.004375
17 0.498750 0.145625 0.032500 0.005000
20 0.498750 0.138750 0.032500 0.005000
26 0.498750 0.130625 0.032500 0.003750
3 0.498750 0.120313 0.032500 0.003125
2 0.498750 0.112500 0.032500 0.005000
16 0.498750 0.107500 0.032500 0.003750
10 0.498750 0.104063 0.032500 0.001875
5 0.498750 0.093750 0.032500 0.002500
26 0.498750 0.088750 0.032500 0.003750
9 0.498750 0.082187 0.032500 0.003125
24 0.498750 0.078437 0.032500 0.004375
25 0.498750 0.068437 0.032500 0.006875
10 0.498750 0.059062 0.032500 0.004375
5 0.498750 0.052187 0.032500 0.001875
9 0.498750 0.048438 0.032500 0.003125
22 0.498750 0.042813 0.032500 0.004375
4 0.498750 0.035000 0.032500 0.006250
24 0.498750 0.026875 0.032500 0.005000
10 0.500000 0.021562 0.031667 0.003125
5 0.472917 0.981250 0.030833 0.001250
16 0.472917 0.978750 0.030833 0.003750
26 0.472917 0.971875 0.030833 0.005000
26 0.472917 0.964063 0.030833 0.004375
9 0.472917 0.960000 0.030833 0.002500
18 0.472917 0.953125 0.030833 0.002500
25 0.472917 0.945937 0.030833 0.006875
1 0.472917 0.934375 0.030833 0.005000
1 0.472917 0.926562 0.030833 0.003125
25 0.472917 0.919063 0.030833 0.004375
9 0.472917 0.914375 0.030833 0.003750
3 0.472917 0.908438 0.030833 0.005625
10 0.472917 0.901563 0.030833 0.003125
12 0.472917 0.893125 0.030833 0.002500
1 0.474167 0.887500 0.031667 0.005000
4 0.474167 0.880938 0.031667 0.004375
14 0.474167 0.874687 0.031667 0.005625
26 0.474167 0.865938 0.031667 0.005625
10 0.474167 0.860000 0.031667 0.003750
5 0.474167 0.850000 0.031667 0.002500
0 0.474167 0.844688 0.031667 0.004375
11 0.474167 0.837812 0.031667 0.004375
12 0.474167 0.832187 0.031667 0.005625
26 0.474167 0.822187 0.031667 0.004375
5 0.474167 0.815000 0.031667 0.001250
25 0.474167 0.809375 0.031667 0.006250
1 0.474167 0.798125 0.031667 0.006250
18 0.474167 0.793125 0.031667 0.005000
26 0.474167 0.784062 0.031667 0.004375
4 0.475000 0.773750 0.031667 0.002500
25 0.475000 0.767813 0.031667 0.004375
9 0.475000 0.763125 0.031667 0.003750
14 0.475000 0.757812 0.031667 0.005625
24 0.475000 0.746563 0.031667 0.006875
5 0.475000 0.739688 0.031667 0.003125
12 0.475000 0.730000 0.031667 0.003750
11 0.475000 0.721250 0.031667 0.005000
13 0.475000 0.715625 0.031667 0.002500
20 0.475000 0.705625 0.031667 0.002500
15 0.475000 0.701250 0.031667 0.002500
9 0.475000 0.694375 0.031667 0.002500
20 0.475000 0.689063 0.031667 0.004375
26 0.475000 0.681250 0.031667 0.006250
4 0.476250 0.673438 0.030833 0.004375
12 0.476250 0.662500 0.030833 0.003750
1 0.476250 0.654687 0.030833 0.005625
1 0.476250 0.647813 0.030833 0.005625
11 0.476250 0.639062 0.030833 0.005625
13 0.476250 0.634375 0.030833 0.002500
5 0.476250 0.625938 0.030833 0.001875
17 0.476250 0.621563 0.030833 0.004375
24 0.476250 0.613125 0.030833 0.007500
26 0.476250 0.602500 0.030833 0.006250
13 0.476250 0.595938 0.030833 0.003125
5 0.476250 0.587812 0.030833 0.001875
18 0.476250 0.582812 0.030833 0.005625
1 0.476250 0.574375 0.030833 0.005000
3 0.476250 0.568125 0.030833 0.005000
26 0.477500 0.560312 0.031667 0.005625
13 0.477500 0.554375 0.031667 0.003750
0 0.477500 0.543438 0.031667 0.003125
12 0.477500 0.537813 0.031667 0.005625
4 0.477500 0.529062 0.031667 0.005625
9 0.477500 0.524687 0.031667 0.003125
13 0.477500 0.519375 0.031667 0.002500
0 0.477500 0.508437 0.031667 0.001875
7 0.477500 0.502500 0.031667 0.005000
24 0.477500 0.492500 0.031667 0.006250
9 0.477500 0.485938 0.031667 0.005625
13 0.477500 0.480000 0.031667 0.002500
5 0.477500 0.470625 0.031667 0.002500
4 0.477500 0.464375 0.031667 0.005000
25 0.478750 0.457188 0.030833 0.006875
26 0.478750 0.445312 0.030833 0.006875
7 0.478750 0.437500 0.030833 0.005000
5 0.478750 0.430312 0.030833 0.003125
9 0.478750 0.427812 0.030833 0.003125
26 0.478750 0.420625 0.030833 0.006250
13 0.478750 0.411562 0.030833 0.004375
12 0.478750 0.402813 0.030833 0.003125
4 0.478750 0.391875 0.030833 0.006250
13 0.478750 0.385313 0.030833 0.003125
5 0.478750 0.377812 0.030833 0.001875
7 0.478750 0.372500 0.030833 0.005000
24 0.478750 0.363125 0.030833 0.006250
4 0.478750 0.355938 0.030833 0.003125
0 0.479583 0.345625 0.030833 0.003750
19 0.479583 0.338750 0.030833 0.003750
9 0.479583 0.331250 0.030833 0.002500
4 0.479583 0.325313 0.030833 0.004375
5 0.479583 0.320000 0.030833 0.003750
4 0.479583 0.315000 0.030833 0.002500
1 0.479583 0.307500 0.030833 0.003750
11 0.479583 0.298750 0.030833 0.005000
13 0.479583 0.294063 0.030833 0.003125
5 0.479583 0.285938 0.030833 0.001875
18 0.479583 0.280938 0.030833 0.004375
22 0.479583 0.272188 0.030833 0.006875
24 0.479583 0.264062 0.030833 0.003125
0 0.479583 0.253125 0.030833 0.002500
26 0.479583 0.247812 0.030833 0.003125
4 0.480833 0.237500 0.031667 0.002500
25 0.480833 0.231875 0.031667 0.006250
14 0.480833 0.221250 0.031667 0.006250
9 0.480833 0.215312 0.031667 0.004375
13 0.480833 0.210000 0.031667 0.002500
5 0.480833 0.201563 0.031667 0.001875
12 0.480833 0.197500 0.031667 0.005000
0 0.480833 0.188438 0.031667 0.004375
9 0.480833 0.182500 0.031667 0.002500
4 0.480833 0.176250 0.031667 0.003750
9 0.480833 0.169063 0.031667 0.004375
4 0.480833 0.165000 0.031667 0.002500
14 0.480833 0.152812 0.031667 0.003125
8 0.480833 0.147187 0.031667 0.005625
24 0.480833 0.138125 0.031667 0.003750
5 0.482083 0.129375 0.030833 0.002500
4 0.482083 0.124063 0.030833 0.004375
0 0.482083 0.116875 0.030833 0.005000
3 0.482083 0.110000 0.030833 0.005000
14 0.482083 0.102188 0.030833 0.006875
4 0.482083 0.091875 0.030833 0.005000
12 0.482083 0.078750 0.030833 0.003750
0 0.482083 0.070938 0.030833 0.003125
26 0.482083 0.058125 0.030833 0.003750
26 0.482083 0.050000 0.030833 0.006250
15 0.482083 0.040938 0.030833 0.004375
0 0.482083 0.035625 0.030833 0.005000
26 0.483333 0.024375 0.031667 0.005000
1 0.441667 0.981250 0.031667 0.001250
25 0.442917 0.976875 0.030833 0.005000
1 0.442917 0.966250 0.030833 0.006250
26 0.442917 0.960625 0.030833 0.005000
10 0.442917 0.953438 0.030833 0.003125
1 0.442917 0.944063 0.030833 0.003125
1 0.442917 0.936562 0.030833 0.004375
9 0.442917 0.932813 0.030833 0.003125
26 0.442917 0.925937 0.030833 0.004375
10 0.442917 0.919687 0.030833 0.003125
5 0.442917 0.910312 0.030833 0.003125
1 0.442917 0.904687 0.030833 0.004375
12 0.442917 0.898750 0.030833 0.005000
11 0.442917 0.891875 0.030833 0.005000
26 0.443750 0.885938 0.030833 0.005625
10 0.443750 0.879062 0.030833 0.006875
1 0.443750 0.870938 0.030833 0.006875
3 0.443750 0.863125 0.030833 0.006250
24 0.443750 0.853750 0.030833 0.005000
10 0.443750 0.847500 0.030833 0.007500
5 0.443750 0.839688 0.030833 0.005625
1 0.443750 0.832812 0.030833 0.004375
25 0.443750 0.825625 0.030833 0.006250
11 0.443750 0.816250 0.030833 0.006250
1 0.443750 0.809688 0.030833 0.005625
10 0.443750 0.801562 0.030833 0.009375
5 0.443750 0.792813 0.030833 0.003125
1 0.445000 0.789375 0.031667 0.003750
23 0.445000 0.782813 0.031667 0.005625
5 0.445000 0.775937 0.031667 0.003125
14 0.445000 0.773438 0.031667 0.003125
10 0.445000 0.764687 0.031667 0.006875
5 0.445000 0.755625 0.031667 0.002500
11 0.445000 0.750000 0.031667 0.005000
26 0.445000 0.743125 0.031667 0.005000
1 0.445000 0.733750 0.031667 0.006250
26 0.445000 0.725625 0.031667 0.005000
13 0.445000 0.718437 0.031667 0.008125
18 0.445000 0.709375 0.031667 0.003750
12 0.446250 0.700000 0.030833 0.011250
14 0.446250 0.690937 0.030833 0.004375
6 0.446250 0.682500 0.030833 0.005000
5 0.446250 0.679063 0.030833 0.003125
6 0.446250 0.674687 0.030833 0.003125
5 0.446250 0.671250 0.030833 0.003750
26 0.446250 0.660937 0.030833 0.011875
1 0.446250 0.651250 0.030833 0.005000
9 0.446250 0.644062 0.030833 0.004375
26 0.446250 0.638437 0.030833 0.004375
10 0.446250 0.631563 0.030833 0.006875
5 0.446250 0.623750 0.030833 0.005000
1 0.446250 0.617500 0.030833 0.005000
25 0.446250 0.609375 0.030833 0.006250
18 0.447500 0.601250 0.031667 0.006250
24 0.447500 0.593750 0.031667 0.006250
9 0.447500 0.586562 0.031667 0.004375
10 0.447500 0.580625 0.031667 0.007500
12 0.447500 0.570937 0.031667 0.004375
14 0.447500 0.564688 0.031667 0.005625
18 0.447500 0.555937 0.031667 0.005625
15 0.447500 0.549063 0.031667 0.005625
9 0.447500 0.541875 0.031667 0.002500
24 0.447500 0.536563 0.031667 0.004375
1 0.447500 0.530312 0.031667 0.004375
5 0.447500 0.525625 0.031667 0.005000
9 0.447500 0.519375 0.031667 0.002500
14 0.447500 0.516250 0.031667 0.003750
9 0.448750 0.510000 0.030833 0.005000
11 0.448750 0.505000 0.030833 0.003750
13 0.448750 0.495625 0.030833 0.013750
5 0.448750 0.490312 0.030833 0.001875
9 0.448750 0.487187 0.030833 0.003125
14 0.448750 0.482187 0.030833 0.004375
9 0.448750 0.475313 0.030833 0.003125
1 0.448750 0.467187 0.030833 0.003125
16 0.448750 0.462500 0.030833 0.003750
9 0.448750 0.456250 0.030833 0.003750
11 0.448750 0.452188 0.030833 0.003125
13 0.448750 0.446250 0.030833 0.002500
18 0.448750 0.436875 0.030833 0.007500
12 0.448750 0.425938 0.030833 0.010625
4 0.449583 0.415625 0.030833 0.008750
0 0.449583 0.405000 0.030833 0.006250
3 0.449583 0.398438 0.030833 0.005625
14 0.449583 0.392500 0.030833 0.005000
4 0.449583 0.381563 0.030833 0.009375
0 0.449583 0.368750 0.030833 0.005000
25 0.449583 0.360625 0.030833 0.006250
24 0.449583 0.349062 0.030833 0.010625
16 0.449583 0.337187 0.030833 0.004375
25 0.449583 0.331250 0.030833 0.006250
1 0.450833 0.320937 0.031667 0.005625
18 0.450833 0.314375 0.031667 0.008750
9 0.450833 0.305000 0.031667 0.003750
4 0.450833 0.299063 0.031667 0.004375
5 0.450833 0.293438 0.031667 0.004375
4 0.450833 0.286250 0.031667 0.010000
12 0.450833 0.278438 0.031667 0.004375
0 0.450833 0.269375 0.031667 0.005000
1 0.450833 0.263437 0.031667 0.006875
26 0.450833 0.250937 0.031667 0.006875
9 0.450833 0.244688 0.031667 0.004375
11 0.450833 0.240000 0.031667 0.003750
13 0.450833 0.233125 0.031667 0.008750
12 0.452083 0.221875 0.030833 0.008750
26 0.452083 0.209063 0.030833 0.008125
26 0.452083 0.197813 0.030833 0.009375
12 0.452083 0.185312 0.030833 0.008125
4 0.452083 0.170313 0.030833 0.008125
13 0.452083 0.161875 0.030833 0.008750
11 0.452083 0.152500 0.030833 0.005000
9 0.452083 0.145937 0.030833 0.004375
14 0.452083 0.140937 0.030833 0.004375
9 0.452083 0.134687 0.030833 0.005625
4 0.453333 0.123438 0.031667 0.003125
25 0.453333 0.117813 0.031667 0.005625
14 0.453333 0.108750 0.031667 0.006250
9 0.453333 0.101250 0.031667 0.005000
13 0.453333 0.095625 0.031667 0.002500
18 0.453333 0.085000 0.031667 0.003750
3 0.453333 0.073125 0.031667 0.007500
9 0.453333 0.063437 0.031667 0.004375
4 0.453333 0.054375 0.031667 0.008750
0 0.453333 0.043750 0.031667 0.006250
24 0.454583 0.038437 0.030833 0.004375
1 0.457917 0.979688 0.030833 0.006875
5 0.457917 0.972187 0.030833 0.004375
12 0.458750 0.967812 0.030833 0.004375
4 0.458750 0.961562 0.030833 0.006875
5 0.458750 0.953438 0.030833 0.003125
0 0.458750 0.948125 0.030833 0.005000
1 0.458750 0.940625 0.030833 0.005000
3 0.458750 0.933750 0.030833 0.005000
26 0.458750 0.927500 0.030833 0.005000
13 0.458750 0.919375 0.030833 0.007500
14 0.458750 0.911250 0.030833 0.005000
4 0.458750 0.901250 0.030833 0.006250
24 0.458750 0.893750 0.030833 0.005000
4 0.458750 0.885625 0.030833 0.007500
14 0.458750 0.877188 0.030833 0.003125
18 0.458750 0.868125 0.030833 0.006250
12 0.458750 0.860938 0.030833 0.003125
4 0.460000 0.846875 0.031667 0.003750
0 0.460000 0.839688 0.031667 0.004375
24 0.460000 0.834063 0.031667 0.005625
21 0.460000 0.824688 0.031667 0.004375
4 0.460000 0.814375 0.031667 0.006250
18 0.460000 0.807187 0.031667 0.005625
1 0.460000 0.801250 0.031667 0.005000
4 0.460000 0.792813 0.031667 0.008125
0 0.460000 0.783125 0.031667 0.006250
18 0.460000 0.776563 0.031667 0.004375
9 0.460000 0.771563 0.031667 0.003125
24 0.460000 0.765312 0.031667 0.006875
5 0.460000 0.758750 0.031667 0.003750
4 0.460000 0.752812 0.031667 0.004375
5 0.460000 0.747188 0.031667 0.004375
26 0.460000 0.741875 0.031667 0.006250
16 0.460000 0.735625 0.031667 0.002500
26 0.461250 0.729688 0.030833 0.004375
15 0.461250 0.724375 0.030833 0.006250
12 0.461250 0.716875 0.030833 0.005000
2 0.461250 0.708438 0.030833 0.005625
1 0.461250 0.702812 0.030833 0.005625
5 0.461250 0.696250 0.030833 0.005000
18 0.461250 0.690312 0.030833 0.003125
9 0.461250 0.685937 0.030833 0.003125
14 0.461250 0.680625 0.030833 0.005000
26 0.461250 0.670625 0.030833 0.006250
13 0.461250 0.662500 0.030833 0.007500
0 0.461250 0.654687 0.030833 0.005625
26 0.461250 0.644687 0.030833 0.009375
3 0.461250 0.633750 0.030833 0.005000
1 0.461250 0.625313 0.030833 0.005625
24 0.461250 0.619375 0.030833 0.005000
9 0.462500 0.613437 0.031667 0.004375
0 0.462500 0.605938 0.031667 0.006875
12 0.462500 0.598437 0.031667 0.005625
4 0.462500 0.589375 0.031667 0.010000
18 0.462500 0.581875 0.031667 0.003750
12 0.462500 0.574063 0.031667 0.003125
12 0.462500 0.560312 0.031667 0.003125
1 0.462500 0.552500 0.031667 0.005000
1 0.462500 0.544687 0.031667 0.005625
11 0.462500 0.538438 0.031667 0.004375
13 0.462500 0.533125 0.031667 0.002500
5 0.462500 0.524687 0.031667 0.001875
18 0.462500 0.520625 0.031667 0.005000
12 0.462500 0.511563 0.031667 0.004375
16 0.462500 0.498437 0.031667 0.003125
20 0.463750 0.493750 0.030833 0.005000
25 0.463750 0.486563 0.030833 0.004375
9 0.463750 0.481563 0.030833 0.003125
16 0.463750 0.478125 0.030833 0.003750
13 0.463750 0.473125 0.030833 0.002500
5 0.463750 0.465938 0.030833 0.003125
12 0.463750 0.460625 0.030833 0.005000
18 0.463750 0.451875 0.030833 0.005000
9 0.463750 0.448750 0.030833 0.003750
24 0.463750 0.442188 0.030833 0.005625
26 0.463750 0.432188 0.030833 0.006875
13 0.463750 0.423125 0.030833 0.007500
0 0.463750 0.414375 0.030833 0.006250
26 0.463750 0.406250 0.030833 0.005000
13 0.463750 0.399375 0.030833 0.008750
12 0.463750 0.389375 0.030833 0.006250
0 0.463750 0.381875 0.030833 0.005000
5 0.464583 0.376563 0.030833 0.004375
26 0.464583 0.370937 0.030833 0.006875
18 0.464583 0.361250 0.030833 0.003750
12 0.464583 0.352812 0.030833 0.005625
9 0.464583 0.345625 0.030833 0.005000
3 0.464583 0.340313 0.030833 0.005625
11 0.464583 0.331875 0.030833 0.005000
13 0.464583 0.325625 0.030833 0.007500
5 0.464583 0.318750 0.030833 0.005000
4 0.464583 0.312188 0.030833 0.004375
9 0.464583 0.307500 0.030833 0.003750
5 0.464583 0.303438 0.030833 0.004375
12 0.464583 0.295625 0.030833 0.006250
8 0.464583 0.288438 0.030833 0.005625
5 0.464583 0.280938 0.030833 0.004375
8 0.464583 0.276562 0.030833 0.004375
20 0.464583 0.270000 0.030833 0.005000
26 0.465833 0.262188 0.031667 0.009375
1 0.465833 0.251875 0.031667 0.005000
9 0.465833 0.246875 0.031667 0.003750
15 0.465833 0.242500 0.031667 0.005000
18 0.465833 0.234687 0.031667 0.005625
9 0.465833 0.228437 0.031667 0.004375
16 0.465833 0.224688 0.031667 0.003125
9 0.465833 0.221562 0.031667 0.003125
11 0.465833 0.217188 0.031667 0.004375
18 0.465833 0.209687 0.031667 0.006875
5 0.465833 0.200625 0.031667 0.002500
12 0.465833 0.195312 0.031667 0.004375
14 0.465833 0.187500 0.031667 0.006250
3 0.465833 0.178437 0.031667 0.006875
26 0.465833 0.169687 0.031667 0.005625
13 0.465833 0.162500 0.031667 0.007500
0 0.465833 0.152812 0.031667 0.005625
26 0.465833 0.145625 0.031667 0.005000
13 0.467083 0.136875 0.030833 0.008750
0 0.467083 0.126562 0.030833 0.003125
26 0.467083 0.118750 0.030833 0.003750
1 0.467083 0.106563 0.030833 0.001875
16 0.467083 0.102188 0.030833 0.003125
9 0.467083 0.096875 0.030833 0.003750
2 0.467083 0.091875 0.030833 0.003750
13 0.467083 0.086875 0.030833 0.002500
12 0.467083 0.072813 0.030833 0.003125
3 0.467083 0.062812 0.030833 0.005625
1 0.467083 0.054688 0.030833 0.006875
24 0.467083 0.044687 0.030833 0.004375
1 0.467083 0.026250 0.030833 0.002500
18 0.468333 0.021875 0.031667 0.002500
