5 0.979048 0.237537 0.002993 0.181818
9 0.975307 0.237537 0.003292 0.181818
3 0.971266 0.237537 0.004190 0.181818
1 0.964083 0.237537 0.005388 0.181818
24 0.956151 0.237537 0.007483 0.181818
9 0.946723 0.237537 0.002394 0.181818
4 0.942083 0.237537 0.004490 0.181818
5 0.936396 0.237537 0.003891 0.181818
4 0.931308 0.237537 0.006286 0.181818
0 0.921580 0.237537 0.003592 0.181818
12 0.914247 0.237537 0.003891 0.181818
14 0.905118 0.237537 0.002993 0.181818
25 0.897785 0.237537 0.006286 0.181818
4 0.888357 0.237537 0.004789 0.181818
12 0.876983 0.237537 0.003592 0.181818
0 0.869949 0.237537 0.005687 0.181818
14 0.862317 0.237537 0.005388 0.181818
24 0.854235 0.237537 0.008381 0.181818
23 0.843759 0.237537 0.003592 0.181818
3 0.836726 0.237537 0.005687 0.181818
25 0.829243 0.237537 0.005088 0.181818
9 0.824154 0.237537 0.003891 0.181818
12 0.816073 0.237537 0.003292 0.181818
9 0.810985 0.237537 0.003891 0.181818
11 0.803053 0.237537 0.003592 0.181818
12 0.794822 0.237537 0.008081 0.181818
1 0.785992 0.237537 0.004190 0.181818
11 0.779258 0.237537 0.004490 0.181818
5 0.775516 0.237537 0.003592 0.181818
24 0.768931 0.237537 0.007183 0.181818
20 0.758156 0.237537 0.007183 0.181818
8 0.750224 0.237537 0.007483 0.181818
24 0.742742 0.237537 0.006286 0.181818
11 0.732715 0.237537 0.005388 0.181818
12 0.725382 0.237537 0.008081 0.181818
24 0.717300 0.237537 0.006286 0.181818
5 0.709967 0.237537 0.007782 0.181818
13 0.702185 0.237537 0.007183 0.181818
1 0.692457 0.237537 0.003891 0.181818
1 0.686770 0.237537 0.004490 0.181818
16 0.681084 0.237537 0.003891 0.181818
9 0.676893 0.237537 0.004490 0.181818
9 0.669111 0.237537 0.002694 0.181818
25 0.662676 0.237537 0.008979 0.181818
24 0.653996 0.237537 0.007782 0.181818
0 0.645465 0.237537 0.008081 0.181818
12 0.636785 0.237537 0.008081 0.181818
1 0.628105 0.237537 0.005687 0.181818
0 0.621221 0.237537 0.006884 0.181818
3 0.613888 0.237537 0.007183 0.181818
13 0.605507 0.237537 0.008381 0.181818
5 0.599222 0.237537 0.002394 0.181818
1 0.594283 0.237537 0.004490 0.181818
1 0.588746 0.237537 0.004789 0.181818
4 0.581263 0.237537 0.005388 0.181818
14 0.574080 0.237537 0.005986 0.181818
4 0.564502 0.237537 0.008381 0.181818
12 0.555373 0.237537 0.003292 0.181818
9 0.549686 0.237537 0.005088 0.181818
4 0.540856 0.237537 0.007183 0.181818
5 0.535319 0.237537 0.002694 0.181818
0 0.529632 0.237537 0.006884 0.181818
5 0.521401 0.237537 0.001197 0.181818
9 0.518408 0.237537 0.003592 0.181818
0 0.513020 0.237537 0.004789 0.181818
14 0.505238 0.237537 0.005986 0.181818
24 0.495660 0.237537 0.008381 0.181818
14 0.483688 0.237537 0.008381 0.181818
25 0.474110 0.237537 0.009578 0.181818
4 0.465280 0.237537 0.007483 0.181818
0 0.454505 0.237537 0.007483 0.181818
12 0.445376 0.237537 0.009578 0.181818
4 0.437145 0.237537 0.005088 0.181818
18 0.429512 0.237537 0.005388 0.181818
13 0.421730 0.237537 0.007782 0.181818
6 0.412900 0.237537 0.002095 0.181818
11 0.409309 0.237537 0.003891 0.181818
5 0.403921 0.237537 0.003891 0.181818
24 0.398084 0.237537 0.007183 0.181818
0 0.387160 0.237537 0.006884 0.181818
26 0.379377 0.237537 0.007483 0.181818
4 0.369051 0.237537 0.004789 0.181818
9 0.363215 0.237537 0.003891 0.181818
5 0.359324 0.237537 0.003292 0.181818
13 0.354086 0.237537 0.005986 0.181818
4 0.344807 0.237537 0.004190 0.181818
6 0.338970 0.237537 0.004490 0.181818
4 0.331937 0.237537 0.007782 0.181818
0 0.323406 0.237537 0.006286 0.181818
25 0.315025 0.237537 0.005687 0.181818
24 0.304849 0.237537 0.009279 0.181818
9 0.296318 0.237537 0.001796 0.181818
22 0.292876 0.237537 0.004490 0.181818
0 0.283598 0.237537 0.006286 0.181818
26 0.275965 0.237537 0.005388 0.181818
13 0.268034 0.237537 0.007483 0.181818
14 0.258755 0.237537 0.004490 0.181818
14 0.250075 0.237537 0.006884 0.181818
22 0.240796 0.237537 0.006286 0.181818
24 0.233613 0.237537 0.005088 0.181818
9 0.228225 0.237537 0.003891 0.181818
13 0.222389 0.237537 0.007183 0.181818
14 0.212960 0.237537 0.004490 0.181818
1 0.205777 0.237537 0.005088 0.181818
9 0.200239 0.237537 0.004190 0.181818
26 0.193954 0.237537 0.006585 0.181818
18 0.185124 0.237537 0.003292 0.181818
1 0.178240 0.237537 0.005687 0.181818
3 0.170608 0.237537 0.005388 0.181818
9 0.165070 0.237537 0.003891 0.181818
13 0.159982 0.237537 0.005687 0.181818
11 0.152948 0.237537 0.004190 0.181818
9 0.147860 0.237537 0.004789 0.181818
1 0.142472 0.237537 0.002394 0.181818
5 0.137234 0.237537 0.004490 0.181818
6 0.131847 0.237537 0.003891 0.181818
6 0.127956 0.237537 0.003292 0.181818
23 0.121521 0.237537 0.006585 0.181818
9 0.114636 0.237537 0.001796 0.181818
3 0.109249 0.237537 0.007782 0.181818
4 0.101317 0.237537 0.004490 0.181818
5 0.096678 0.237537 0.003592 0.181818
22 0.091140 0.237537 0.004490 0.181818
9 0.085603 0.237537 0.003592 0.181818
0 0.080066 0.237537 0.006884 0.181818
9 0.073631 0.237537 0.002394 0.181818
4 0.068991 0.237537 0.003891 0.181818
5 0.064951 0.237537 0.003592 0.181818
4 0.058964 0.237537 0.005986 0.181818
0 0.050883 0.237537 0.005986 0.181818
26 0.043251 0.237537 0.005088 0.181818
11 0.037414 0.237537 0.004789 0.181818
13 0.029931 0.237537 0.006585 0.181818
14 0.979198 0.375367 0.005088 0.199413
6 0.971116 0.375367 0.005088 0.199413
4 0.964681 0.375367 0.008381 0.199413
5 0.956899 0.375367 0.001796 0.199413
12 0.952858 0.375367 0.004490 0.199413
0 0.943280 0.375367 0.009877 0.199413
9 0.933702 0.375367 0.002694 0.199413
0 0.928165 0.375367 0.004789 0.199413
11 0.922329 0.375367 0.004490 0.199413
12 0.913349 0.375367 0.011075 0.199413
5 0.905717 0.375367 0.002394 0.199413
6 0.901975 0.375367 0.003891 0.199413
14 0.895690 0.375367 0.005088 0.199413
21 0.885813 0.375367 0.010476 0.199413
4 0.875037 0.375367 0.003891 0.199413
9 0.869201 0.375367 0.004190 0.199413
5 0.865160 0.375367 0.003292 0.199413
13 0.859324 0.375367 0.007183 0.199413
0 0.848399 0.375367 0.005088 0.199413
26 0.840617 0.375367 0.005687 0.199413
13 0.831338 0.375367 0.009279 0.199413
9 0.822209 0.375367 0.002394 0.199413
22 0.818168 0.375367 0.005088 0.199413
0 0.807992 0.375367 0.006286 0.199413
9 0.801856 0.375367 0.004190 0.199413
13 0.796318 0.375367 0.006884 0.199413
1 0.787040 0.375367 0.003292 0.199413
5 0.781203 0.375367 0.004190 0.199413
5 0.777312 0.375367 0.003592 0.199413
3 0.771027 0.375367 0.005388 0.199413
25 0.762796 0.375367 0.005088 0.199413
9 0.758007 0.375367 0.005088 0.199413
4 0.749476 0.375367 0.005986 0.199413
0 0.742592 0.375367 0.004789 0.199413
1 0.736456 0.375367 0.005088 0.199413
9 0.730171 0.375367 0.003891 0.199413
1 0.724184 0.375367 0.008081 0.199413
5 0.716103 0.375367 0.002694 0.199413
4 0.712212 0.375367 0.003891 0.199413
9 0.705477 0.375367 0.004789 0.199413
4 0.698893 0.375367 0.006585 0.199413
11 0.689764 0.375367 0.003891 0.199413
9 0.684825 0.375367 0.004789 0.199413
9 0.678090 0.375367 0.005687 0.199413
1 0.671805 0.375367 0.006286 0.199413
9 0.666417 0.375367 0.003292 0.199413
0 0.660431 0.375367 0.008081 0.199413
10 0.652499 0.375367 0.006585 0.199413
9 0.643221 0.375367 0.003592 0.199413
4 0.637534 0.375367 0.007183 0.199413
5 0.631996 0.375367 0.003292 0.199413
4 0.626459 0.375367 0.007183 0.199413
0 0.616283 0.375367 0.010177 0.199413
12 0.605956 0.375367 0.009279 0.199413
0 0.597576 0.375367 0.003292 0.199413
24 0.589494 0.375367 0.006286 0.199413
21 0.581263 0.375367 0.004190 0.199413
4 0.568842 0.375367 0.002694 0.199413
11 0.562855 0.375367 0.004490 0.199413
16 0.556869 0.375367 0.004490 0.199413
18 0.550733 0.375367 0.004789 0.199413
16 0.544448 0.375367 0.004190 0.199413
9 0.540557 0.375367 0.002394 0.199413
5 0.534271 0.375367 0.002993 0.199413
4 0.530081 0.375367 0.004190 0.199413
5 0.524095 0.375367 0.004190 0.199413
6 0.520054 0.375367 0.003891 0.199413
4 0.514068 0.375367 0.004490 0.199413
9 0.508530 0.375367 0.004190 0.199413
5 0.500898 0.375367 0.003292 0.199413
4 0.495510 0.375367 0.004490 0.199413
0 0.489524 0.375367 0.005088 0.199413
14 0.481443 0.375367 0.006286 0.199413
24 0.472912 0.375367 0.005388 0.199413
9 0.466627 0.375367 0.005986 0.199413
5 0.458695 0.375367 0.003292 0.199413
4 0.454505 0.375367 0.003891 0.199413
5 0.448369 0.375367 0.005388 0.199413
5 0.440287 0.375367 0.004789 0.199413
9 0.435498 0.375367 0.005388 0.199413
5 0.429512 0.375367 0.002993 0.199413
4 0.424125 0.375367 0.004190 0.199413
9 0.419934 0.375367 0.004190 0.199413
1 0.413948 0.375367 0.004190 0.199413
5 0.409907 0.375367 0.003891 0.199413
17 0.403921 0.375367 0.004490 0.199413
9 0.396887 0.375367 0.006585 0.199413
0 0.389105 0.375367 0.004789 0.199413
25 0.381173 0.375367 0.005687 0.199413
24 0.372194 0.375367 0.008680 0.199413
16 0.362167 0.375367 0.002394 0.199413
25 0.356779 0.375367 0.005986 0.199413
1 0.346603 0.375367 0.006585 0.199413
18 0.339569 0.375367 0.006884 0.199413
12 0.330141 0.375367 0.002993 0.199413
0 0.324005 0.375367 0.005088 0.199413
1 0.315923 0.375367 0.006286 0.199413
26 0.307393 0.375367 0.004789 0.199413
9 0.303652 0.375367 0.003891 0.199413
10 0.297216 0.375367 0.003592 0.199413
12 0.287040 0.375367 0.002993 0.199413
4 0.281054 0.375367 0.005388 0.199413
4 0.272972 0.375367 0.004190 0.199413
12 0.261149 0.375367 0.004490 0.199413
10 0.254116 0.375367 0.005986 0.199413
0 0.244089 0.375367 0.004490 0.199413
24 0.236306 0.375367 0.005687 0.199413
21 0.225531 0.375367 0.012272 0.199413
6 0.217001 0.375367 0.002993 0.199413
1 0.211763 0.375367 0.004490 0.199413
4 0.204130 0.375367 0.008381 0.199413
5 0.195600 0.375367 0.003292 0.199413
7 0.191410 0.375367 0.003891 0.199413
12 0.185424 0.375367 0.004490 0.199413
1 0.178390 0.375367 0.006585 0.199413
5 0.170757 0.375367 0.002095 0.199413
3 0.166866 0.375367 0.004490 0.199413
1 0.158785 0.375367 0.005687 0.199413
25 0.152649 0.375367 0.003592 0.199413
5 0.139779 0.375367 0.003592 0.199413
18 0.134092 0.375367 0.004789 0.199413
1 0.127806 0.375367 0.004789 0.199413
3 0.121969 0.375367 0.004490 0.199413
4 0.114187 0.375367 0.008680 0.199413
0 0.105807 0.375367 0.003891 0.199413
4 0.097426 0.375367 0.004490 0.199413
4 0.087100 0.375367 0.002993 0.199413
18 0.081113 0.375367 0.005388 0.199413
1 0.072733 0.375367 0.005388 0.199413
3 0.066597 0.375367 0.005687 0.199413
4 0.058665 0.375367 0.004190 0.199413
4 0.048339 0.375367 0.002095 0.199413
6 0.044448 0.375367 0.003891 0.199413
0 0.038162 0.375367 0.005687 0.199413
4 0.030081 0.375367 0.004490 0.199413
1 0.981143 0.517595 0.004789 0.202346
5 0.974559 0.517595 0.004190 0.202346
6 0.970518 0.517595 0.003891 0.202346
3 0.964532 0.517595 0.005088 0.202346
25 0.953457 0.517595 0.012272 0.202346
4 0.941634 0.517595 0.004789 0.202346
6 0.935498 0.517595 0.004490 0.202346
4 0.928614 0.517595 0.006884 0.202346
25 0.919186 0.517595 0.005388 0.202346
1 0.908560 0.517595 0.006884 0.202346
18 0.902275 0.517595 0.005088 0.202346
4 0.893146 0.517595 0.008381 0.202346
9 0.885214 0.517595 0.005687 0.202346
14 0.879377 0.517595 0.004789 0.202346
9 0.871146 0.517595 0.005088 0.202346
13 0.865609 0.517595 0.006585 0.202346
4 0.856480 0.517595 0.003891 0.202346
0 0.847950 0.517595 0.005388 0.202346
11 0.842113 0.517595 0.005088 0.202346
12 0.835678 0.517595 0.003592 0.202346
14 0.825501 0.517595 0.002993 0.202346
22 0.817270 0.517595 0.006884 0.202346
4 0.807094 0.517595 0.005088 0.202346
5 0.796917 0.517595 0.003891 0.202346
1 0.792128 0.517595 0.003891 0.202346
9 0.785992 0.517595 0.004190 0.202346
5 0.782101 0.517595 0.003592 0.202346
13 0.773571 0.517595 0.009877 0.202346
4 0.765639 0.517595 0.004190 0.202346
25 0.758905 0.517595 0.006286 0.202346
1 0.748878 0.517595 0.006585 0.202346
9 0.742592 0.517595 0.004789 0.202346
18 0.736306 0.517595 0.004789 0.202346
9 0.729871 0.517595 0.006286 0.202346
5 0.723885 0.517595 0.002694 0.202346
6 0.719545 0.517595 0.003592 0.202346
2 0.715654 0.517595 0.002394 0.202346
12 0.707273 0.517595 0.002993 0.202346
9 0.701137 0.517595 0.003891 0.202346
4 0.697097 0.517595 0.003592 0.202346
5 0.690661 0.517595 0.005088 0.202346
4 0.684526 0.517595 0.003592 0.202346
14 0.674349 0.517595 0.005388 0.202346
22 0.666118 0.517595 0.005687 0.202346
5 0.659683 0.517595 0.004789 0.202346
4 0.652350 0.517595 0.007483 0.202346
9 0.645316 0.517595 0.002993 0.202346
0 0.638881 0.517595 0.004490 0.202346
11 0.632894 0.517595 0.005088 0.202346
12 0.626309 0.517595 0.003292 0.202346
0 0.614038 0.517595 0.003891 0.202346
26 0.605807 0.517595 0.004190 0.202346
25 0.595031 0.517595 0.005986 0.202346
1 0.585304 0.517595 0.006286 0.202346
18 0.579018 0.517595 0.005088 0.202346
26 0.570189 0.517595 0.007782 0.202346
4 0.560611 0.517595 0.004789 0.202346
9 0.553726 0.517595 0.004190 0.202346
14 0.549536 0.517595 0.004789 0.202346
9 0.541604 0.517595 0.005088 0.202346
13 0.534570 0.517595 0.009578 0.202346
5 0.527237 0.517595 0.002694 0.202346
12 0.523047 0.517595 0.004490 0.202346
0 0.513469 0.517595 0.009279 0.202346
9 0.504340 0.517595 0.002993 0.202346
24 0.497905 0.517595 0.005687 0.202346
0 0.489823 0.517595 0.005687 0.202346
4 0.483538 0.517595 0.003292 0.202346
12 0.472613 0.517595 0.004190 0.202346
10 0.464382 0.517595 0.008081 0.202346
5 0.457348 0.517595 0.004190 0.202346
6 0.452709 0.517595 0.003891 0.202346
14 0.446423 0.517595 0.005088 0.202346
21 0.436097 0.517595 0.010775 0.202346
5 0.427567 0.517595 0.002095 0.202346
12 0.423676 0.517595 0.004490 0.202346
0 0.414247 0.517595 0.008979 0.202346
9 0.407064 0.517595 0.004190 0.202346
24 0.400629 0.517595 0.005687 0.202346
0 0.392098 0.517595 0.005388 0.202346
4 0.384166 0.517595 0.009279 0.202346
25 0.358276 0.498534 0.005388 0.175953
0 0.348399 0.498534 0.006585 0.175953
24 0.340168 0.498534 0.008680 0.175953
1 0.330590 0.498534 0.003292 0.175953
11 0.323705 0.498534 0.005687 0.175953
12 0.316223 0.498534 0.003891 0.175953
2 0.307393 0.498534 0.002394 0.175953
1 0.302155 0.498534 0.004490 0.175953
12 0.294972 0.498534 0.005687 0.175953
10 0.287788 0.498534 0.003891 0.175953
5 0.277911 0.498534 0.002095 0.175953
4 0.273271 0.498534 0.004789 0.175953
2 0.266387 0.498534 0.004789 0.175953
3 0.261149 0.498534 0.004490 0.175953
26 0.252320 0.498534 0.008979 0.175953
12 0.241245 0.498534 0.004789 0.175953
1 0.234211 0.498534 0.005088 0.175953
16 0.228973 0.498534 0.004190 0.175953
10 0.222688 0.498534 0.006585 0.175953
1 0.213858 0.498534 0.004490 0.175953
9 0.209069 0.498534 0.003292 0.175953
5 0.203981 0.498534 0.003891 0.175953
13 0.197995 0.498534 0.005687 0.175953
4 0.189315 0.498534 0.004490 0.175953
4 0.182580 0.498534 0.004789 0.175953
5 0.177342 0.498534 0.004490 0.175953
0 0.169710 0.498534 0.007183 0.175953
12 0.160431 0.498534 0.004190 0.175953
0 0.152350 0.498534 0.006585 0.175953
14 0.144867 0.498534 0.005388 0.175953
24 0.136037 0.498534 0.009877 0.175953
1 0.126908 0.498534 0.004190 0.175953
18 0.120024 0.498534 0.005388 0.175953
1 0.112990 0.498534 0.004490 0.175953
5 0.109398 0.498534 0.003292 0.175953
24 0.102365 0.498534 0.007782 0.175953
6 0.094882 0.498534 0.002993 0.175953
4 0.088447 0.498534 0.006884 0.175953
18 0.079617 0.498534 0.005388 0.175953
25 0.071984 0.498534 0.005687 0.175953
4 0.062855 0.498534 0.007782 0.175953
9 0.055373 0.498534 0.002993 0.175953
4 0.050284 0.498534 0.004190 0.175953
5 0.045346 0.498534 0.003891 0.175953
4 0.039958 0.498534 0.006286 0.175953
12 0.032475 0.498534 0.002694 0.175953
9 0.026938 0.498534 0.005388 0.175953
1 0.983089 0.642229 0.004490 0.181818
22 0.975456 0.642229 0.005986 0.181818
0 0.966477 0.642229 0.007183 0.181818
26 0.957049 0.642229 0.005687 0.181818
9 0.951362 0.642229 0.005088 0.181818
14 0.942831 0.642229 0.005388 0.181818
14 0.935049 0.642229 0.005986 0.181818
22 0.925920 0.642229 0.006884 0.181818
24 0.916642 0.642229 0.006286 0.181818
9 0.909159 0.642229 0.005088 0.181818
13 0.902125 0.642229 0.007782 0.181818
5 0.894493 0.642229 0.003891 0.181818
4 0.888806 0.642229 0.006286 0.181818
9 0.883717 0.642229 0.002694 0.181818
4 0.878330 0.642229 0.005687 0.181818
12 0.869799 0.642229 0.003592 0.181818
10 0.862766 0.642229 0.006884 0.181818
12 0.852589 0.642229 0.004490 0.181818
0 0.844358 0.642229 0.005986 0.181818
5 0.838671 0.642229 0.004190 0.181818
26 0.831937 0.642229 0.007483 0.181818
18 0.821910 0.642229 0.004190 0.181818
12 0.812631 0.642229 0.004789 0.181818
9 0.803502 0.642229 0.002694 0.181818
3 0.798114 0.642229 0.004490 0.181818
10 0.792577 0.642229 0.002993 0.181818
5 0.782400 0.642229 0.001796 0.181818
12 0.777611 0.642229 0.004190 0.181818
6 0.771925 0.642229 0.004190 0.181818
11 0.766387 0.642229 0.005088 0.181818
24 0.759204 0.642229 0.005088 0.181818
5 0.753667 0.642229 0.003592 0.181818
15 0.748728 0.642229 0.005088 0.181818
1 0.740647 0.642229 0.003891 0.181818
9 0.734960 0.642229 0.003891 0.181818
15 0.729422 0.642229 0.004789 0.181818
18 0.720742 0.642229 0.005388 0.181818
9 0.714606 0.642229 0.003891 0.181818
16 0.711164 0.642229 0.002993 0.181818
9 0.707124 0.642229 0.003292 0.181818
10 0.700539 0.642229 0.006884 0.181818
12 0.691110 0.642229 0.004190 0.181818
14 0.684975 0.642229 0.005687 0.181818
18 0.675696 0.642229 0.005687 0.181818
15 0.664322 0.642229 0.016462 0.181818
26 0.660880 0.642229 0.003592 0.181818
4 0.653397 0.642229 0.004789 0.181818
9 0.648159 0.642229 0.004490 0.181818
4 0.642472 0.642229 0.003292 0.181818
26 0.630949 0.642229 0.004789 0.181818
5 0.623765 0.642229 0.004190 0.181818
24 0.620323 0.642229 0.004490 0.181818
26 0.611045 0.642229 0.008081 0.181818
9 0.601616 0.642229 0.002993 0.181818
4 0.596079 0.642229 0.004490 0.181818
5 0.590542 0.642229 0.004190 0.181818
4 0.584107 0.642229 0.006884 0.181818
1 0.575726 0.642229 0.006286 0.181818
20 0.566447 0.642229 0.005088 0.181818
9 0.562706 0.642229 0.003592 0.181818
10 0.556271 0.642229 0.006884 0.181818
11 0.546693 0.642229 0.005687 0.181818
9 0.541604 0.642229 0.003292 0.181818
1 0.532924 0.642229 0.006286 0.181818
9 0.527537 0.642229 0.003292 0.181818
3 0.521999 0.642229 0.006585 0.181818
7 0.513319 0.642229 0.003592 0.181818
6 0.505388 0.642229 0.005687 0.181818
23 0.500000 0.642229 0.004490 0.181818
4 0.491769 0.642229 0.008381 0.181818
4 0.481592 0.642229 0.004190 0.181818
5 0.475756 0.642229 0.004490 0.181818
22 0.470218 0.642229 0.004789 0.181818
0 0.462885 0.642229 0.005687 0.181818
10 0.453607 0.642229 0.007483 0.181818
9 0.444927 0.642229 0.002095 0.181818
4 0.438940 0.642229 0.005088 0.181818
5 0.433254 0.642229 0.004490 0.181818
4 0.426519 0.642229 0.007183 0.181818
14 0.415744 0.642229 0.008381 0.181818
14 0.406764 0.642229 0.008381 0.181818
22 0.398084 0.642229 0.007782 0.181818
24 0.390452 0.642229 0.006286 0.181818
9 0.384615 0.642229 0.002394 0.181818
13 0.379826 0.642229 0.005986 0.181818
5 0.371595 0.642229 0.002095 0.181818
25 0.366806 0.642229 0.005088 0.181818
14 0.357528 0.642229 0.006884 0.181818
24 0.348249 0.642229 0.006286 0.181818
4 0.339868 0.642229 0.007483 0.181818
0 0.330141 0.642229 0.005388 0.181818
4 0.321161 0.642229 0.008381 0.181818
4 0.311284 0.642229 0.004789 0.181818
5 0.305447 0.642229 0.003891 0.181818
6 0.301706 0.642229 0.004190 0.181818
23 0.294074 0.642229 0.005687 0.181818
4 0.286890 0.642229 0.006286 0.181818
4 0.276414 0.642229 0.004490 0.181818
6 0.270278 0.642229 0.005388 0.181818
0 0.262796 0.642229 0.005388 0.181818
4 0.254415 0.642229 0.008979 0.181818
12 0.244089 0.642229 0.003891 0.181818
14 0.237055 0.642229 0.005986 0.181818
5 0.229722 0.642229 0.005088 0.181818
18 0.224035 0.642229 0.004490 0.181818
3 0.218647 0.642229 0.004490 0.181818
4 0.209967 0.642229 0.008680 0.181818
14 0.199342 0.642229 0.003592 0.181818
9 0.192607 0.642229 0.004490 0.181818
14 0.188566 0.642229 0.004190 0.181818
9 0.181532 0.642229 0.005088 0.181818
13 0.175397 0.642229 0.005986 0.181818
9 0.166717 0.642229 0.002394 0.181818
14 0.162975 0.642229 0.003891 0.181818
9 0.157438 0.642229 0.004190 0.181818
14 0.151751 0.642229 0.005388 0.181818
4 0.142772 0.642229 0.007183 0.181818
