25 0.965623 0.035344 0.041743 0.070689
14 0.929405 0.035344 0.025783 0.070689
18 0.901166 0.035344 0.025783 0.070689
9 0.864334 0.035344 0.012277 0.070689
25 0.837324 0.035954 0.038060 0.071907
24 0.799877 0.035954 0.028238 0.071907
0 0.768877 0.035954 0.030080 0.071907
12 0.733886 0.035954 0.036219 0.071907
9 0.704113 0.035954 0.011050 0.071907
4 0.682934 0.035954 0.015347 0.071907
5 0.662063 0.035954 0.019030 0.071907
4 0.633824 0.035954 0.015347 0.071907
0 0.591467 0.035954 0.009208 0.071907
12 0.570595 0.036258 0.021486 0.072517
4 0.534684 0.036258 0.022099 0.072517
9 0.513812 0.036258 0.015961 0.072517
16 0.493247 0.036258 0.015347 0.072517
5 0.479128 0.036258 0.009208 0.072517
9 0.447514 0.036258 0.009822 0.072517
4 0.426642 0.036258 0.028238 0.072517
5 0.405463 0.036258 0.010436 0.072517
3 0.385513 0.036258 0.025783 0.072517
0 0.348373 0.036258 0.020258 0.072517
5 0.324739 0.036258 0.017188 0.072517
6 0.303254 0.036258 0.015961 0.072517
3 0.271025 0.036258 0.042357 0.072517
5 0.230816 0.036258 0.006139 0.072517
0 0.213321 0.036258 0.021486 0.072517
4 0.177716 0.036258 0.023941 0.072517
1 0.149785 0.036258 0.022099 0.072517
26 0.112339 0.036258 0.034377 0.072517
0 0.070902 0.036258 0.025169 0.072517
26 0.030694 0.036258 0.020872 0.072517
4 0.019030 0.037477 0.018416 0.072517
9 0.978207 0.088665 0.006753 0.061548
4 0.956722 0.088665 0.019030 0.061548
5 0.932474 0.088665 0.015961 0.061548
4 0.906077 0.088665 0.033149 0.061548
0 0.874156 0.088665 0.022099 0.061548
12 0.845611 0.088665 0.021486 0.061548
4 0.814303 0.088665 0.019030 0.061548
9 0.796501 0.088665 0.015347 0.061548
10 0.770718 0.088665 0.023941 0.061548
1 0.734807 0.088665 0.009822 0.061548
11 0.709945 0.088665 0.019030 0.061548
12 0.685083 0.088665 0.013505 0.061548
12 0.641805 0.088665 0.015347 0.061548
1 0.604665 0.088665 0.023327 0.061548
1 0.580110 0.088665 0.019644 0.061548
10 0.554635 0.088665 0.012891 0.061548
5 0.522406 0.088665 0.007366 0.061548
1 0.505832 0.088665 0.015961 0.061548
11 0.481891 0.088665 0.018416 0.061548
12 0.447821 0.088665 0.039902 0.061548
16 0.415592 0.088665 0.015961 0.061548
20 0.393493 0.088665 0.019644 0.061548
25 0.362185 0.088665 0.038060 0.061548
10 0.330264 0.088665 0.022099 0.061548
5 0.301719 0.088665 0.009208 0.061548
1 0.282996 0.088665 0.015961 0.061548
11 0.258441 0.088665 0.017188 0.061548
12 0.239411 0.088665 0.011050 0.061548
14 0.208717 0.088665 0.012277 0.061548
0 0.178637 0.088665 0.019644 0.061548
3 0.153161 0.088665 0.021486 0.061548
10 0.122468 0.088665 0.016575 0.061548
5 0.092695 0.088665 0.014733 0.061548
4 0.060160 0.088665 0.024555 0.061548
9 0.035605 0.088665 0.014733 0.061548
5 0.020565 0.088665 0.016575 0.061548
4 0.971455 0.133455 0.020258 0.056063
3 0.941989 0.133455 0.021486 0.056063
1 0.913751 0.133455 0.021486 0.056063
24 0.886126 0.133455 0.017802 0.056063
9 0.868938 0.133455 0.014119 0.056063
13 0.843769 0.133455 0.025169 0.056063
4 0.807858 0.133455 0.018416 0.056063
0 0.779312 0.133455 0.021486 0.056063
12 0.751688 0.133455 0.020258 0.056063
4 0.721915 0.133455 0.027010 0.056063
0 0.689994 0.133455 0.017188 0.056063
25 0.661756 0.133455 0.023327 0.056063
24 0.625537 0.133455 0.027010 0.056063
0 0.592081 0.133455 0.032535 0.056063
16 0.566912 0.133455 0.014119 0.056063
11 0.546041 0.133455 0.020258 0.056063
9 0.527931 0.133455 0.008594 0.056063
14 0.503376 0.133455 0.017188 0.056063
22 0.472683 0.133455 0.022099 0.056063
5 0.450276 0.133455 0.015347 0.056063
10 0.430018 0.133455 0.021486 0.056063
4 0.397483 0.133455 0.020258 0.056063
9 0.377225 0.133455 0.007980 0.056063
5 0.365562 0.133455 0.007980 0.056063
13 0.346225 0.133455 0.022099 0.056063
18 0.315531 0.133455 0.011050 0.056063
12 0.294045 0.133455 0.012277 0.056063
12 0.259975 0.133455 0.011664 0.056063
1 0.231123 0.133455 0.019030 0.056063
1 0.209331 0.133455 0.017188 0.056063
10 0.187845 0.133455 0.012277 0.056063
5 0.154389 0.133455 0.007980 0.056063
25 0.127686 0.133455 0.038060 0.056063
16 0.100368 0.133455 0.011664 0.056063
16 0.082259 0.133455 0.015961 0.056063
26 0.057397 0.133455 0.030080 0.056063
13 0.024862 0.133455 0.030080 0.056063
12 0.973910 0.181292 0.015347 0.055454
1 0.946900 0.181292 0.019030 0.055454
16 0.925414 0.181292 0.016575 0.055454
9 0.907612 0.181292 0.012891 0.055454
10 0.889196 0.181292 0.020258 0.055454
5 0.858195 0.181292 0.009822 0.055454
3 0.837017 0.181292 0.027624 0.055454
1 0.809699 0.181292 0.022099 0.055454
24 0.783917 0.181292 0.025783 0.055454
26 0.751688 0.181292 0.030080 0.055454
1 0.710559 0.181292 0.020258 0.055454
13 0.685697 0.181292 0.022099 0.055454
1 0.648557 0.181292 0.023941 0.055454
25 0.617250 0.181292 0.033763 0.055454
1 0.586863 0.181292 0.022099 0.055454
26 0.555862 0.181292 0.036219 0.055454
10 0.523941 0.181292 0.023941 0.055454
1 0.488336 0.181292 0.015347 0.055454
1 0.461633 0.181292 0.018416 0.055454
9 0.439533 0.181292 0.019644 0.055454
26 0.405770 0.181292 0.022099 0.055454
10 0.375384 0.181292 0.027624 0.055454
5 0.338244 0.181292 0.006139 0.055454
1 0.327195 0.181292 0.013505 0.055454
12 0.298649 0.181292 0.019030 0.055454
11 0.271025 0.181292 0.027624 0.055454
26 0.220994 0.181292 0.028238 0.055454
10 0.198895 0.181292 0.012277 0.055454
1 0.150706 0.181292 0.023941 0.055454
3 0.115408 0.181292 0.041743 0.055454
24 0.065071 0.181292 0.050338 0.055454
10 0.023941 0.181292 0.028238 0.055454
5 0.976673 0.228215 0.009822 0.051798
1 0.961326 0.228215 0.015961 0.051798
25 0.935543 0.228215 0.018416 0.051798
9 0.915285 0.228215 0.015961 0.051798
11 0.896255 0.226996 0.018416 0.051798
1 0.870473 0.226996 0.017188 0.051798
10 0.846532 0.226996 0.027010 0.051798
5 0.813382 0.226386 0.011050 0.051798
1 0.795580 0.226386 0.023327 0.051798
23 0.768263 0.226386 0.028852 0.051798
5 0.746163 0.226386 0.009208 0.051798
14 0.726212 0.225168 0.029466 0.051798
10 0.699202 0.225168 0.023327 0.051798
5 0.666053 0.225168 0.011050 0.051798
23 0.651320 0.223949 0.015961 0.051798
25 0.621240 0.223949 0.024555 0.051798
24 0.586556 0.223339 0.025169 0.051798
26 0.557090 0.223339 0.020258 0.051798
13 0.532535 0.223339 0.025169 0.051798
12 0.499693 0.222121 0.015961 0.051798
0 0.471762 0.222121 0.020258 0.051798
5 0.450583 0.222121 0.015961 0.051798
26 0.427563 0.222121 0.023941 0.051798
18 0.399018 0.220902 0.013505 0.051798
12 0.363720 0.220902 0.041130 0.051798
9 0.334868 0.220293 0.009208 0.051798
3 0.317066 0.220293 0.017802 0.051798
10 0.286986 0.220293 0.026397 0.051798
5 0.257213 0.219074 0.011050 0.051798
4 0.236341 0.219074 0.024555 0.051798
9 0.215470 0.219074 0.011050 0.051798
5 0.201044 0.219074 0.012891 0.051798
12 0.171271 0.218464 0.014733 0.051798
8 0.146409 0.218464 0.020258 0.051798
8 0.116329 0.218464 0.023941 0.051798
20 0.081645 0.217246 0.023327 0.051798
3 0.056783 0.217246 0.021486 0.051798
4 0.023020 0.217246 0.027624 0.051798
1 0.976366 0.271785 0.014119 0.059720
9 0.954266 0.271785 0.014119 0.059720
15 0.939227 0.271785 0.015961 0.059720
18 0.910374 0.271785 0.012277 0.059720
9 0.889503 0.271785 0.015961 0.059720
16 0.873235 0.271176 0.014119 0.059720
9 0.855433 0.271176 0.012891 0.059720
10 0.834561 0.271176 0.022713 0.059720
5 0.803254 0.271176 0.009208 0.059720
11 0.779312 0.271176 0.022713 0.059720
26 0.738797 0.271176 0.023941 0.059720
1 0.716697 0.269957 0.020258 0.059720
26 0.681400 0.269957 0.025783 0.059720
13 0.645795 0.269957 0.017188 0.059720
18 0.610804 0.269957 0.013505 0.059720
12 0.582566 0.268739 0.014733 0.059720
14 0.534070 0.268739 0.028238 0.059720
6 0.508901 0.268739 0.018416 0.059720
6 0.486802 0.268739 0.022099 0.059720
5 0.468692 0.268739 0.010436 0.059720
26 0.442603 0.268129 0.034377 0.059720
1 0.404850 0.268129 0.012891 0.059720
9 0.386126 0.268129 0.017188 0.059720
26 0.356661 0.268129 0.020872 0.059720
10 0.325660 0.268129 0.027624 0.059720
5 0.290976 0.268129 0.009822 0.059720
1 0.275936 0.266910 0.014119 0.059720
25 0.252302 0.266910 0.020872 0.059720
18 0.217618 0.266910 0.023941 0.059720
24 0.188766 0.266910 0.017802 0.059720
9 0.170043 0.266910 0.014733 0.059720
10 0.146409 0.266910 0.023941 0.059720
5 0.810620 0.318708 0.009208 0.053626
4 0.790362 0.318708 0.025169 0.053626
9 0.768263 0.318708 0.012891 0.053626
4 0.746163 0.318708 0.028852 0.053626
0 0.708103 0.317794 0.025169 0.054235
13 0.679865 0.317794 0.025169 0.054235
25 0.646102 0.317794 0.019030 0.054235
14 0.613260 0.316880 0.022099 0.053626
5 0.596685 0.316880 0.013505 0.053626
18 0.576120 0.316880 0.026397 0.053626
26 0.538981 0.316880 0.009822 0.053626
25 0.514733 0.315661 0.023941 0.053626
14 0.472683 0.315661 0.025783 0.053626
18 0.445672 0.315661 0.019644 0.053626
5 0.420810 0.315661 0.014119 0.053626
0 0.395641 0.315052 0.014119 0.053626
12 0.364334 0.315052 0.016575 0.053626
14 0.331799 0.315052 0.012891 0.053626
22 0.302026 0.313833 0.019644 0.053626
5 0.281154 0.313833 0.015961 0.053626
26 0.258441 0.313833 0.017188 0.053626
9 0.238797 0.313833 0.012277 0.053626
0 0.210252 0.312919 0.021486 0.054235
25 0.182320 0.312919 0.017188 0.054235
9 0.166360 0.312919 0.015961 0.054235
24 0.134438 0.312919 0.031921 0.054235
0 0.095764 0.312005 0.033149 0.053626
16 0.067526 0.312005 0.017188 0.053626
11 0.041743 0.312005 0.029466 0.053626
9 0.020872 0.312005 0.011050 0.053626
14 0.969920 0.369287 0.027010 0.060938
22 0.938920 0.369287 0.028852 0.060938
5 0.916820 0.368068 0.009208 0.060938
4 0.895028 0.368068 0.033149 0.060938
0 0.857274 0.368068 0.023941 0.060938
26 0.821670 0.367154 0.025169 0.060329
11 0.791897 0.367154 0.022099 0.060329
13 0.761817 0.366240 0.028238 0.060938
4 0.723143 0.366240 0.030694 0.060938
9 0.700123 0.366240 0.012891 0.060938
5 0.687845 0.365021 0.009208 0.060938
13 0.662063 0.365021 0.037446 0.060938
12 0.628913 0.365021 0.015347 0.060938
0 0.594537 0.364107 0.025169 0.060329
4 0.564150 0.364107 0.022099 0.060329
1 0.536525 0.363193 0.023327 0.060938
4 0.507060 0.363193 0.015961 0.060938
0 0.459791 0.361974 0.012277 0.060938
26 0.437078 0.361974 0.013505 0.060938
9 0.395028 0.361365 0.012891 0.060938
4 0.373849 0.361365 0.027010 0.060938
5 0.351750 0.361365 0.011050 0.060938
4 0.330571 0.361365 0.028852 0.060938
0 0.298649 0.360146 0.021486 0.060938
12 0.267649 0.360146 0.023327 0.060938
4 0.239104 0.359232 0.019030 0.060329
9 0.222222 0.359232 0.017188 0.060329
11 0.196746 0.359232 0.017802 0.060329
13 0.172498 0.358318 0.025783 0.060938
5 0.138735 0.358318 0.011050 0.060938
12 0.121240 0.358318 0.014119 0.060938
18 0.104359 0.358318 0.018416 0.060938
1 0.076734 0.357099 0.020872 0.060938
3 0.052179 0.357099 0.019644 0.060938
5 0.024555 0.357099 0.023327 0.060938
1 0.973603 0.405850 0.019644 0.048751
11 0.948435 0.405850 0.022099 0.048751
12 0.914365 0.405241 0.038674 0.048751
12 0.879988 0.405241 0.014119 0.048751
1 0.855126 0.405241 0.018416 0.048751
1 0.830878 0.405241 0.017802 0.048751
11 0.807244 0.405241 0.017188 0.048751
13 0.781768 0.404022 0.026397 0.048751
5 0.745856 0.404022 0.009822 0.048751
1 0.728668 0.404022 0.019644 0.048751
11 0.703499 0.404022 0.025783 0.048751
12 0.665439 0.402803 0.041743 0.048751
16 0.631369 0.402803 0.014119 0.048751
5 0.612032 0.402803 0.015961 0.048751
25 0.582259 0.402803 0.036219 0.048751
11 0.551258 0.402803 0.022099 0.048751
17 0.524862 0.402194 0.022099 0.048751
5 0.493861 0.402194 0.007980 0.048751
16 0.478821 0.402194 0.018416 0.048751
26 0.451811 0.402194 0.031921 0.048751
26 0.417434 0.400975 0.028238 0.048751
9 0.395335 0.400975 0.012277 0.048751
14 0.368631 0.400975 0.012891 0.048751
8 0.341928 0.400975 0.023327 0.048751
24 0.302026 0.400975 0.031921 0.048751
0 0.262738 0.400061 0.028238 0.049360
24 0.230816 0.400061 0.028238 0.049360
22 0.198895 0.400061 0.031921 0.049360
11 0.168508 0.400061 0.023941 0.049360
13 0.140577 0.399147 0.024555 0.048751
1 0.107735 0.399147 0.012891 0.048751
18 0.086249 0.399147 0.023941 0.048751
26 0.037139 0.399147 0.026397 0.048751
5 0.019644 0.399147 0.014733 0.048751
9 0.975445 0.446374 0.012277 0.051798
5 0.960712 0.446374 0.009822 0.051798
24 0.935543 0.446374 0.031921 0.051798
4 0.899325 0.446374 0.031921 0.051798
5 0.863106 0.446374 0.006139 0.051798
14 0.848373 0.446374 0.017188 0.051798
12 0.811234 0.446374 0.025169 0.051798
23 0.780540 0.446374 0.019030 0.051798
5 0.758748 0.446374 0.015961 0.051798
25 0.739104 0.446374 0.011050 0.051798
5 0.697053 0.446374 0.009208 0.051798
0 0.675875 0.446374 0.014733 0.051798
17 0.655310 0.446374 0.017802 0.051798
20 0.624309 0.446374 0.022099 0.051798
26 0.598834 0.446374 0.012891 0.051798
3 0.555862 0.446374 0.020258 0.051798
2 0.524862 0.446374 0.019644 0.051798
16 0.504297 0.446374 0.015347 0.051798
10 0.480663 0.446374 0.022099 0.051798
5 0.450276 0.446374 0.019030 0.051798
26 0.426028 0.446374 0.017188 0.051798
9 0.399939 0.446374 0.016575 0.051798
24 0.379374 0.446374 0.018416 0.051798
25 0.348680 0.446374 0.023327 0.051798
10 0.312155 0.446374 0.030080 0.051798
5 0.280847 0.446374 0.007980 0.051798
9 0.270104 0.446374 0.012277 0.051798
22 0.244322 0.446374 0.023327 0.051798
4 0.206568 0.446374 0.023941 0.051798
24 0.181093 0.446374 0.017188 0.051798
10 0.156845 0.446374 0.025169 0.051798
5 0.123389 0.446374 0.009822 0.051798
16 0.108349 0.446374 0.011664 0.051798
26 0.087170 0.446374 0.022099 0.051798
26 0.046654 0.446374 0.024555 0.051798
9 0.022713 0.446374 0.017188 0.051798
18 0.977287 0.492078 0.011050 0.057892
25 0.950583 0.492078 0.023941 0.057892
1 0.904850 0.491164 0.039288 0.057282
1 0.865562 0.491164 0.011050 0.057282
25 0.837017 0.491164 0.023941 0.057282
3 0.795887 0.491164 0.027624 0.057282
10 0.762431 0.490250 0.017188 0.057892
12 0.728668 0.490250 0.012277 0.057892
1 0.700737 0.490250 0.020258 0.057892
4 0.671271 0.490250 0.020258 0.057892
14 0.642419 0.490250 0.023941 0.057892
26 0.604359 0.489031 0.026397 0.057892
10 0.574586 0.489031 0.014733 0.057892
5 0.545120 0.489031 0.006139 0.057892
0 0.528545 0.489031 0.017188 0.057892
11 0.499386 0.489031 0.019030 0.057892
12 0.477287 0.489031 0.019030 0.057892
26 0.443217 0.488422 0.030694 0.057892
5 0.412216 0.488422 0.012891 0.057892
25 0.393186 0.488422 0.019030 0.057892
1 0.357888 0.488422 0.020872 0.057892
18 0.335175 0.488422 0.019644 0.057892
26 0.298956 0.487203 0.034377 0.057892
4 0.264579 0.487203 0.023327 0.057892
25 0.232658 0.487203 0.022099 0.057892
14 0.197974 0.487203 0.025169 0.057892
24 0.165439 0.485984 0.023941 0.057892
5 0.135052 0.485984 0.020872 0.057892
12 0.098834 0.485984 0.027010 0.057892
11 0.061694 0.485984 0.022713 0.057892
13 0.037139 0.485984 0.017802 0.057892
20 0.971455 0.537782 0.020258 0.045704
15 0.951504 0.537782 0.015961 0.045704
9 0.922345 0.537782 0.010436 0.045704
20 0.905157 0.537782 0.020258 0.045704
26 0.876304 0.537172 0.033763 0.045704
4 0.839165 0.537172 0.031921 0.045704
12 0.789134 0.537172 0.030080 0.045704
1 0.733272 0.535954 0.031308 0.045704
1 0.711479 0.535954 0.018416 0.045704
11 0.684469 0.535954 0.018416 0.045704
13 0.655924 0.535954 0.025169 0.045704
5 0.625230 0.535954 0.010436 0.045704
17 0.605279 0.535040 0.022099 0.046313
24 0.574279 0.535040 0.036219 0.046313
26 0.535912 0.535040 0.031921 0.046313
13 0.503683 0.534126 0.023941 0.045704
5 0.472683 0.534126 0.006139 0.045704
18 0.459791 0.534126 0.015961 0.045704
1 0.428484 0.534126 0.018416 0.045704
3 0.406691 0.534126 0.023941 0.045704
26 0.358502 0.532907 0.028238 0.045704
13 0.327502 0.532907 0.025169 0.045704
0 0.290976 0.532907 0.018416 0.045704
12 0.261510 0.531993 0.020872 0.046313
3 0.234807 0.531993 0.017802 0.046313
9 0.213014 0.531993 0.015961 0.046313
13 0.188152 0.531993 0.021486 0.046313
0 0.157459 0.531993 0.017802 0.046313
5 0.132904 0.531079 0.015347 0.045704
6 0.116329 0.531079 0.011664 0.045704
24 0.094230 0.531079 0.023941 0.045704
9 0.049724 0.531079 0.023327 0.045704
13 0.026090 0.531079 0.027624 0.045704
5 0.976980 0.577087 0.009208 0.049970
3 0.958870 0.577087 0.017188 0.049970
25 0.928484 0.577087 0.023941 0.049970
26 0.893800 0.577087 0.020872 0.049970
5 0.861572 0.577087 0.037446 0.049970
6 0.849294 0.577087 0.007980 0.049970
5 0.834561 0.577087 0.009208 0.049970
9 0.824125 0.577087 0.011664 0.049970
26 0.799570 0.577087 0.019030 0.049970
13 0.774401 0.577087 0.012891 0.049970
12 0.734500 0.577087 0.020258 0.049970
3 0.703499 0.577087 0.019644 0.049970
17 0.675875 0.577087 0.027010 0.049970
5 0.642419 0.577087 0.007980 0.049970
5 0.628607 0.577087 0.011050 0.049970
6 0.614794 0.577087 0.012891 0.049970
24 0.589626 0.577087 0.021486 0.049970
4 0.549110 0.577087 0.033763 0.049970
0 0.507980 0.577087 0.023941 0.049970
19 0.480663 0.577087 0.022099 0.049970
9 0.446593 0.577087 0.010436 0.049970
4 0.424494 0.577087 0.030080 0.049970
5 0.400552 0.577087 0.010436 0.049970
4 0.379374 0.577087 0.028238 0.049970
1 0.342234 0.577087 0.026397 0.049970
11 0.317066 0.577087 0.020258 0.049970
13 0.290055 0.577087 0.026397 0.049970
5 0.254144 0.577087 0.006139 0.049970
18 0.239104 0.577087 0.019030 0.049970
22 0.199202 0.577087 0.025169 0.049970
24 0.161142 0.577087 0.041130 0.049970
0 0.115101 0.577087 0.012891 0.049970
3 0.084715 0.577087 0.014733 0.049970
26 0.034684 0.577087 0.015347 0.049970
12 0.972683 0.617611 0.017802 0.055454
25 0.944444 0.617611 0.017802 0.055454
9 0.926949 0.617611 0.013505 0.055454
16 0.909761 0.617611 0.017188 0.055454
9 0.882750 0.617611 0.017188 0.055454
13 0.860037 0.617611 0.025783 0.055454
5 0.826581 0.617611 0.009208 0.055454
12 0.810006 0.617611 0.016575 0.055454
0 0.779312 0.617611 0.028852 0.055454
9 0.745242 0.617611 0.007366 0.055454
4 0.726212 0.617611 0.017188 0.055454
9 0.702885 0.617611 0.017188 0.055454
4 0.677409 0.617611 0.026397 0.055454
14 0.643646 0.617611 0.012891 0.055454
8 0.614180 0.617611 0.023941 0.055454
24 0.575813 0.617611 0.039288 0.055454
5 0.542971 0.617611 0.005525 0.055454
4 0.524862 0.617611 0.018416 0.055454
0 0.496317 0.617611 0.021486 0.055454
3 0.468692 0.617611 0.020258 0.055454
14 0.441375 0.617611 0.022099 0.055454
4 0.401166 0.617611 0.034991 0.055454
12 0.366789 0.617611 0.021486 0.055454
0 0.337937 0.617611 0.025169 0.055454
26 0.301719 0.617611 0.019030 0.055454
26 0.272253 0.617611 0.019030 0.055454
15 0.250153 0.617611 0.019030 0.055454
0 0.222222 0.617611 0.029466 0.055454
26 0.182014 0.617611 0.031308 0.055454
9 0.141498 0.617611 0.010436 0.055454
1 0.121854 0.617611 0.015347 0.055454
5 0.105279 0.617611 0.014119 0.055454
12 0.082873 0.617611 0.023327 0.055454
4 0.033149 0.617611 0.041743 0.055454
5 0.976673 0.667581 0.009822 0.049360
0 0.957950 0.667581 0.016575 0.049360
1 0.929098 0.667581 0.019030 0.049360
3 0.904850 0.667581 0.020872 0.049360
26 0.871700 0.666667 0.020872 0.049970
13 0.845611 0.666667 0.025169 0.049970
14 0.810006 0.666667 0.026397 0.049970
4 0.779926 0.666667 0.030080 0.049970
24 0.747698 0.665448 0.025783 0.049970
4 0.716390 0.665448 0.028238 0.049970
14 0.688766 0.665448 0.011050 0.049970
18 0.659300 0.665448 0.022099 0.049970
12 0.630141 0.665448 0.014119 0.049970
3 0.592081 0.664534 0.010436 0.049360
0 0.568140 0.664534 0.017802 0.049360
24 0.539595 0.664534 0.023327 0.049360
4 0.471762 0.664534 0.007980 0.049360
8 0.452732 0.663620 0.017802 0.049970
1 0.419276 0.663620 0.022099 0.049970
4 0.395335 0.663620 0.012277 0.049970
0 0.358809 0.663620 0.021486 0.049970
25 0.328729 0.663620 0.021486 0.049970
24 0.294352 0.662401 0.030080 0.049970
9 0.262124 0.662401 0.009822 0.049970
4 0.240945 0.662401 0.023941 0.049970
5 0.219767 0.662401 0.009822 0.049970
4 0.200737 0.662401 0.024555 0.049970
16 0.168815 0.662401 0.015961 0.049970
26 0.146409 0.661792 0.023941 0.049970
15 0.122468 0.661792 0.020258 0.049970
12 0.090853 0.661792 0.027010 0.049970
11 0.054635 0.661792 0.020872 0.049970
13 0.026703 0.661792 0.028852 0.049970
5 0.978207 0.704449 0.006753 0.053626
25 0.961633 0.704449 0.017802 0.053626
14 0.924800 0.704449 0.025169 0.053626
26 0.891651 0.704449 0.022713 0.053626
13 0.864641 0.704449 0.012891 0.053626
0 0.826581 0.704449 0.012891 0.053626
26 0.794352 0.704449 0.014733 0.053626
3 0.756292 0.704449 0.011050 0.053626
1 0.728975 0.704449 0.019030 0.053626
24 0.701964 0.704449 0.019030 0.053626
9 0.680786 0.704449 0.011050 0.053626
0 0.653775 0.704449 0.017188 0.053626
12 0.627072 0.704449 0.019030 0.053626
4 0.596685 0.704449 0.029466 0.053626
18 0.567219 0.704449 0.009822 0.053626
12 0.545734 0.704449 0.011050 0.053626
12 0.507060 0.704449 0.011050 0.053626
1 0.480049 0.704449 0.017188 0.053626
1 0.459177 0.704449 0.017188 0.053626
11 0.431860 0.704449 0.019030 0.053626
13 0.410068 0.704449 0.011050 0.053626
5 0.382750 0.704449 0.009208 0.053626
18 0.366789 0.704449 0.015347 0.053626
12 0.334254 0.704449 0.033763 0.053626
16 0.305095 0.704449 0.008594 0.053626
20 0.285451 0.704449 0.017188 0.053626
25 0.263966 0.704449 0.013505 0.053626
9 0.247698 0.704449 0.014119 0.053626
11 0.225905 0.704449 0.015961 0.053626
13 0.201044 0.704449 0.025169 0.053626
5 0.167587 0.704449 0.009822 0.053626
12 0.151013 0.704449 0.014733 0.053626
25 0.123696 0.704449 0.019030 0.053626
9 0.101596 0.704449 0.014119 0.053626
24 0.085942 0.704449 0.014733 0.053626
26 0.058625 0.704449 0.019030 0.053626
13 0.027624 0.704449 0.030694 0.053626
0 0.972683 0.748629 0.030080 0.059110
26 0.939533 0.748629 0.030080 0.059110
13 0.909147 0.748629 0.028238 0.059110
12 0.874463 0.748629 0.014119 0.059110
0 0.839472 0.748629 0.022713 0.059110
5 0.811848 0.748629 0.020258 0.059110
26 0.788828 0.748629 0.012277 0.059110
18 0.754144 0.747715 0.012891 0.058501
12 0.726519 0.747715 0.014119 0.058501
9 0.688766 0.747715 0.006139 0.058501
3 0.669122 0.747715 0.020872 0.058501
11 0.634745 0.747715 0.020872 0.058501
13 0.605893 0.747715 0.033149 0.058501
5 0.574586 0.746801 0.007366 0.059110
4 0.554942 0.746801 0.018416 0.059110
9 0.533149 0.746801 0.014119 0.059110
5 0.519337 0.746801 0.013505 0.059110
12 0.488950 0.746801 0.017802 0.059110
8 0.464702 0.746801 0.019644 0.059110
5 0.435236 0.746801 0.014733 0.059110
8 0.424800 0.746801 0.015961 0.059110
20 0.389810 0.745887 0.020872 0.058501
26 0.364027 0.745887 0.027010 0.058501
1 0.332719 0.745887 0.011050 0.058501
9 0.310313 0.745887 0.014119 0.058501
15 0.299263 0.745887 0.007980 0.058501
18 0.271025 0.745887 0.010436 0.058501
9 0.248005 0.745887 0.015961 0.058501
16 0.230203 0.745887 0.011050 0.058501
9 0.219767 0.745887 0.012277 0.058501
11 0.196746 0.744668 0.017802 0.058501
13 0.173726 0.744668 0.012277 0.058501
5 0.138735 0.744668 0.011050 0.058501
12 0.121854 0.744668 0.015347 0.058501
14 0.099141 0.744668 0.019030 0.058501
3 0.070595 0.744668 0.020872 0.058501
26 0.043278 0.744668 0.017802 0.058501
13 0.021179 0.744668 0.023941 0.058501
0 0.973603 0.787934 0.028238 0.053626
26 0.942603 0.787934 0.030080 0.053626
13 0.913137 0.787934 0.023941 0.053626
0 0.873235 0.787934 0.027624 0.053626
26 0.837937 0.787934 0.034377 0.053626
1 0.798649 0.787934 0.017188 0.053626
16 0.771332 0.787934 0.016575 0.053626
9 0.754758 0.787934 0.014119 0.053626
11 0.732965 0.787934 0.017188 0.053626
13 0.705034 0.787934 0.025169 0.053626
12 0.664825 0.787934 0.023327 0.053626
3 0.630755 0.787934 0.022713 0.053626
1 0.598527 0.787934 0.020872 0.053626
24 0.566605 0.787934 0.033149 0.053626
1 0.527931 0.787934 0.012277 0.053626
13 0.501228 0.787934 0.012891 0.053626
1 0.458257 0.787934 0.015347 0.053626
25 0.430939 0.787934 0.023327 0.053626
1 0.392879 0.787934 0.027010 0.053626
26 0.355740 0.787934 0.022713 0.053626
10 0.326581 0.787934 0.027010 0.053626
1 0.287600 0.787934 0.019030 0.053626
1 0.263352 0.787934 0.014733 0.053626
9 0.242480 0.787934 0.020872 0.053626
26 0.203806 0.787934 0.022099 0.053626
10 0.178023 0.787934 0.027010 0.053626
5 0.144567 0.787934 0.007980 0.053626
1 0.128913 0.787934 0.014733 0.053626
12 0.101596 0.787934 0.019030 0.053626
11 0.074279 0.787934 0.024555 0.053626
10 0.027931 0.787934 0.036219 0.053626
1 0.977594 0.836076 0.023941 0.053626
3 0.944444 0.836076 0.033763 0.053626
24 0.911295 0.836076 0.027624 0.053626
10 0.881215 0.836076 0.023941 0.053626
5 0.844997 0.836076 0.007980 0.053626
1 0.826274 0.836076 0.015961 0.053626
25 0.800184 0.836076 0.025169 0.053626
11 0.756292 0.836076 0.027010 0.053626
1 0.728668 0.836076 0.018416 0.053626
10 0.699509 0.836076 0.033763 0.053626
5 0.664518 0.836076 0.011664 0.053626
1 0.644260 0.836076 0.020258 0.053626
23 0.617250 0.836076 0.026397 0.053626
5 0.595150 0.836076 0.010436 0.053626
14 0.573051 0.836076 0.030080 0.053626
10 0.546041 0.836076 0.020258 0.053626
5 0.515040 0.836076 0.009822 0.053626
11 0.493861 0.836076 0.023941 0.053626
26 0.460712 0.836076 0.038674 0.053626
1 0.427563 0.836076 0.020258 0.053626
26 0.398711 0.836076 0.030080 0.053626
13 0.366483 0.836076 0.025783 0.053626
18 0.327195 0.836076 0.024555 0.053626
12 0.294966 0.836076 0.036219 0.053626
14 0.262431 0.836076 0.016575 0.053626
6 0.231123 0.836076 0.019030 0.053626
5 0.215163 0.836076 0.012891 0.053626
6 0.198895 0.836076 0.012277 0.053626
5 0.183241 0.836076 0.015347 0.053626
26 0.153161 0.836076 0.028852 0.053626
1 0.112953 0.836076 0.008594 0.053626
9 0.090546 0.836076 0.019030 0.053626
26 0.058011 0.836076 0.023941 0.053626
10 0.026703 0.836076 0.015347 0.053626
5 0.978514 0.876600 0.009822 0.051798
1 0.960712 0.876600 0.022099 0.051798
25 0.925414 0.876600 0.039902 0.051798
18 0.890117 0.876600 0.025783 0.051798
24 0.860344 0.876600 0.030080 0.051798
9 0.836096 0.876600 0.009822 0.051798
10 0.814917 0.876600 0.023941 0.051798
12 0.776550 0.876600 0.017188 0.051798
14 0.753530 0.876600 0.019030 0.051798
18 0.721915 0.876600 0.022099 0.051798
15 0.693063 0.876600 0.020872 0.051798
9 0.660528 0.876600 0.015961 0.051798
24 0.637201 0.876600 0.022099 0.051798
1 0.613260 0.876600 0.022099 0.051798
5 0.589319 0.876600 0.022099 0.051798
9 0.562922 0.876600 0.009822 0.051798
14 0.539902 0.876600 0.032535 0.051798
9 0.515040 0.876600 0.009822 0.051798
11 0.496931 0.876600 0.017802 0.051798
13 0.470841 0.876600 0.025783 0.051798
5 0.434622 0.876600 0.009822 0.051798
9 0.421731 0.876600 0.012277 0.051798
14 0.398711 0.876600 0.030080 0.051798
9 0.376304 0.876600 0.009822 0.051798
1 0.340086 0.876600 0.022099 0.051798
16 0.317373 0.876600 0.015961 0.051798
9 0.302026 0.876600 0.009822 0.051798
11 0.281768 0.876600 0.022099 0.051798
13 0.255064 0.876600 0.023941 0.051798
18 0.222222 0.876600 0.017188 0.051798
12 0.188152 0.876600 0.034991 0.051798
4 0.153161 0.876600 0.019030 0.051798
0 0.121547 0.876600 0.022099 0.051798
3 0.095457 0.876600 0.017802 0.051798
14 0.069982 0.876600 0.022099 0.051798
4 0.027931 0.876600 0.036219 0.051798
0 0.976673 0.918647 0.025783 0.049360
25 0.939533 0.917733 0.039902 0.049970
24 0.897176 0.917733 0.036219 0.049970
16 0.870166 0.917733 0.010436 0.049970
25 0.847759 0.917733 0.023327 0.049970
1 0.805095 0.917733 0.023941 0.049970
18 0.776857 0.916514 0.032535 0.049970
9 0.734807 0.916514 0.012277 0.049970
4 0.711479 0.916514 0.025783 0.049970
5 0.689380 0.916514 0.009822 0.049970
4 0.668508 0.916514 0.028238 0.049970
12 0.619091 0.916514 0.023941 0.049970
0 0.576120 0.915600 0.027624 0.049360
1 0.544506 0.915600 0.024555 0.049360
26 0.507366 0.915600 0.021486 0.049360
9 0.489257 0.915600 0.014733 0.049360
11 0.465316 0.915600 0.017188 0.049360
13 0.438306 0.915600 0.027010 0.049360
12 0.395335 0.915600 0.018416 0.049360
26 0.364948 0.914686 0.022713 0.049970
26 0.332106 0.914686 0.025783 0.049970
12 0.296194 0.914686 0.017802 0.049970
4 0.266728 0.914686 0.019030 0.049970
13 0.240331 0.914686 0.025169 0.049970
11 0.208717 0.913467 0.019644 0.049970
9 0.190608 0.913467 0.011664 0.049970
14 0.168815 0.913467 0.028238 0.049970
9 0.146716 0.913467 0.012277 0.049970
3 0.119398 0.913467 0.011664 0.049970
25 0.091774 0.913467 0.012891 0.049970
14 0.059853 0.913467 0.009208 0.049970
9 0.036832 0.913467 0.017188 0.049970
17 0.018109 0.913467 0.010436 0.049970
18 0.980663 0.960390 0.014119 0.049970
12 0.943524 0.961913 0.044199 0.050579
4 0.900859 0.961913 0.028852 0.050579
0 0.869859 0.963132 0.033149 0.050579
24 0.837324 0.964046 0.027010 0.051188
21 0.806323 0.964960 0.031308 0.050579
