5 0.986876 0.125984 0.005927 0.208661
4 0.977985 0.125984 0.008467 0.208661
9 0.964860 0.125984 0.011008 0.208661
4 0.951948 0.125984 0.008044 0.208661
11 0.931626 0.124016 0.007197 0.208661
9 0.918501 0.124016 0.008044 0.208661
9 0.900931 0.124016 0.005080 0.208661
1 0.893099 0.122047 0.010584 0.208661
0 0.871931 0.122047 0.016511 0.208661
10 0.850127 0.122047 0.011008 0.208661
9 0.833827 0.120079 0.006351 0.208661
4 0.820703 0.120079 0.011431 0.208661
5 0.803556 0.120079 0.011008 0.208661
4 0.794877 0.120079 0.006351 0.208661
0 0.769898 0.118110 0.008044 0.208661
12 0.752752 0.118110 0.009314 0.208661
0 0.727350 0.115157 0.007621 0.210630
24 0.710627 0.115157 0.013971 0.210630
21 0.692422 0.115157 0.009738 0.210630
4 0.671253 0.113189 0.010584 0.210630
11 0.655165 0.113189 0.010584 0.210630
16 0.646698 0.113189 0.008891 0.210630
18 0.633573 0.111220 0.010584 0.210630
16 0.621507 0.111220 0.009314 0.210630
9 0.610288 0.111220 0.013124 0.210630
11 0.596317 0.111220 0.013124 0.210630
0 0.578747 0.108268 0.011854 0.208661
25 0.565834 0.108268 0.012278 0.208661
24 0.544666 0.108268 0.018205 0.208661
16 0.527731 0.106299 0.006351 0.208661
25 0.514606 0.106299 0.012278 0.208661
1 0.493226 0.106299 0.015241 0.208661
18 0.476503 0.104331 0.009738 0.208661
12 0.455546 0.104331 0.008467 0.208661
10 0.438188 0.104331 0.009314 0.208661
5 0.415961 0.104331 0.006351 0.208661
12 0.404107 0.104331 0.011431 0.208661
0 0.387595 0.104331 0.013124 0.208661
1 0.370449 0.103346 0.013548 0.206693
26 0.353302 0.103346 0.012278 0.206693
9 0.340813 0.103346 0.010161 0.206693
10 0.326630 0.102362 0.014818 0.204724
5 0.308002 0.102362 0.003810 0.204724
16 0.297841 0.102362 0.008891 0.204724
26 0.290008 0.102362 0.010161 0.204724
16 0.272439 0.101378 0.010584 0.202756
4 0.257832 0.101378 0.021169 0.202756
12 0.241533 0.101378 0.008891 0.202756
10 0.223328 0.100394 0.019898 0.200787
5 0.202583 0.100394 0.004657 0.200787
4 0.191998 0.100394 0.011431 0.200787
18 0.174640 0.100394 0.014818 0.200787
1 0.153683 0.099409 0.013548 0.198819
24 0.140982 0.099409 0.011008 0.198819
26 0.122566 0.098425 0.017358 0.196850
11 0.098434 0.098425 0.014818 0.196850
12 0.078747 0.098425 0.020322 0.196850
20 0.060542 0.097441 0.011854 0.194882
8 0.042972 0.097441 0.013971 0.194882
24 0.020957 0.097441 0.019898 0.194882
24 0.983489 0.251969 0.006774 0.185039
5 0.968036 0.250000 0.013971 0.185039
13 0.948349 0.250000 0.010161 0.185039
12 0.925064 0.250000 0.005927 0.185039
9 0.913209 0.250000 0.009314 0.185039
4 0.901355 0.250000 0.009314 0.185039
5 0.890135 0.248031 0.009738 0.185039
4 0.878493 0.248031 0.006774 0.185039
5 0.862828 0.248031 0.011008 0.185039
11 0.847587 0.248031 0.011854 0.185039
12 0.828959 0.248031 0.018628 0.185039
20 0.809695 0.246063 0.013124 0.185039
8 0.792760 0.246063 0.012278 0.185039
24 0.772015 0.246063 0.019898 0.185039
18 0.753810 0.246063 0.008044 0.185039
25 0.741956 0.244094 0.012278 0.185039
24 0.718671 0.244094 0.020745 0.185039
1 0.697502 0.244094 0.011431 0.185039
4 0.683954 0.244094 0.010584 0.185039
14 0.668501 0.242126 0.012701 0.185039
4 0.647968 0.242126 0.019052 0.185039
0 0.625529 0.242126 0.006351 0.185039
25 0.610076 0.242126 0.015241 0.185039
24 0.587003 0.239173 0.011431 0.187008
9 0.571126 0.239173 0.005927 0.187008
4 0.559483 0.239173 0.010584 0.187008
9 0.543819 0.239173 0.011431 0.187008
4 0.532176 0.239173 0.006774 0.187008
12 0.512066 0.237205 0.008891 0.187008
10 0.495766 0.237205 0.016935 0.187008
4 0.475233 0.237205 0.010584 0.187008
6 0.461897 0.237205 0.010161 0.187008
11 0.446867 0.235236 0.012278 0.187008
24 0.430779 0.235236 0.011431 0.187008
9 0.419136 0.235236 0.009314 0.187008
13 0.403895 0.235236 0.018628 0.187008
12 0.383362 0.235236 0.008891 0.187008
9 0.368755 0.232283 0.011008 0.185039
4 0.357113 0.232283 0.008891 0.185039
5 0.345470 0.232283 0.010161 0.185039
4 0.329805 0.232283 0.013548 0.185039
5 0.314352 0.232283 0.005504 0.185039
11 0.302710 0.230315 0.012701 0.185039
12 0.283235 0.230315 0.010161 0.185039
20 0.259949 0.230315 0.006774 0.185039
8 0.244496 0.230315 0.013971 0.185039
24 0.224809 0.228346 0.010161 0.185039
5 0.206605 0.228346 0.007621 0.185039
6 0.197925 0.228346 0.008891 0.185039
14 0.182049 0.228346 0.012701 0.185039
24 0.163209 0.226378 0.015665 0.185039
26 0.140771 0.226378 0.013124 0.185039
20 0.123836 0.226378 0.012278 0.185039
3 0.108383 0.226378 0.012701 0.185039
4 0.088908 0.224409 0.016935 0.185039
1 0.066469 0.224409 0.011854 0.185039
25 0.049958 0.224409 0.014395 0.185039
4 0.022439 0.224409 0.023709 0.185039
5 0.982430 0.393701 0.007197 0.173228
0 0.969517 0.393701 0.016088 0.173228
13 0.952794 0.393701 0.013971 0.173228
12 0.933108 0.390748 0.009314 0.175197
0 0.913633 0.390748 0.017782 0.175197
26 0.887807 0.388780 0.016088 0.175197
20 0.871296 0.388780 0.016088 0.175197
3 0.853937 0.388780 0.015241 0.175197
4 0.838696 0.388780 0.014395 0.175197
5 0.821126 0.386811 0.004657 0.175197
18 0.811812 0.386811 0.010584 0.175197
24 0.793184 0.386811 0.013971 0.175197
20 0.774979 0.386811 0.013124 0.175197
26 0.761008 0.384843 0.011431 0.175197
5 0.748730 0.384843 0.008891 0.175197
5 0.732854 0.384843 0.006774 0.175197
11 0.722269 0.384843 0.013548 0.175197
12 0.705123 0.382874 0.018205 0.175197
1 0.685648 0.382874 0.007197 0.175197
11 0.670830 0.382874 0.009738 0.175197
5 0.659822 0.382874 0.010584 0.175197
24 0.645639 0.380906 0.008467 0.175197
0 0.624047 0.380906 0.007621 0.175197
3 0.605843 0.380906 0.013548 0.175197
13 0.591236 0.378937 0.008044 0.175197
1 0.567528 0.378937 0.011431 0.175197
1 0.552075 0.378937 0.011854 0.175197
16 0.537680 0.376969 0.009314 0.175197
9 0.530059 0.376969 0.008467 0.175197
10 0.514395 0.376969 0.015241 0.175197
26 0.494708 0.376969 0.014818 0.175197
20 0.476080 0.374016 0.012278 0.173228
3 0.461473 0.374016 0.011854 0.173228
4 0.441998 0.374016 0.017782 0.173228
5 0.422735 0.374016 0.008044 0.173228
4 0.408764 0.372047 0.013124 0.173228
9 0.397121 0.372047 0.006774 0.173228
4 0.385267 0.372047 0.014395 0.173228
11 0.365580 0.372047 0.010584 0.173228
9 0.350127 0.369094 0.016935 0.175197
9 0.337214 0.369094 0.004657 0.175197
25 0.324301 0.369094 0.014395 0.175197
0 0.299323 0.367126 0.016935 0.175197
12 0.281329 0.367126 0.012278 0.175197
10 0.262913 0.367126 0.019475 0.175197
1 0.241321 0.365157 0.014395 0.175197
16 0.227561 0.365157 0.010584 0.175197
10 0.215072 0.365157 0.013548 0.175197
14 0.194962 0.365157 0.010584 0.175197
5 0.179932 0.363189 0.010161 0.175197
6 0.169560 0.363189 0.010584 0.175197
24 0.151143 0.363189 0.016088 0.175197
12 0.123201 0.361220 0.015241 0.175197
0 0.100762 0.361220 0.015241 0.175197
14 0.082345 0.361220 0.013124 0.175197
24 0.062870 0.359252 0.019052 0.175197
14 0.042337 0.359252 0.010161 0.175197
4 0.021804 0.359252 0.018205 0.175197
6 0.981795 0.520669 0.008467 0.175197
0 0.967824 0.520669 0.016088 0.175197
26 0.949831 0.520669 0.014818 0.175197
5 0.929721 0.520669 0.011008 0.175197
0 0.914268 0.518701 0.012278 0.175197
14 0.895851 0.518701 0.012701 0.175197
24 0.880821 0.518701 0.011431 0.175197
26 0.860923 0.518701 0.018205 0.175197
0 0.840178 0.516732 0.008044 0.175197
12 0.821550 0.516732 0.011431 0.175197
9 0.810542 0.516732 0.008891 0.175197
5 0.799534 0.516732 0.006351 0.175197
1 0.784293 0.516732 0.007197 0.175197
5 0.769052 0.516732 0.008044 0.175197
6 0.762066 0.516732 0.011008 0.175197
23 0.740051 0.514764 0.011008 0.175197
9 0.721423 0.514764 0.005927 0.175197
3 0.710415 0.514764 0.006774 0.175197
4 0.687765 0.514764 0.006351 0.175197
5 0.673370 0.512795 0.011431 0.175197
22 0.658129 0.512795 0.009738 0.175197
9 0.647333 0.512795 0.009314 0.175197
0 0.632515 0.512795 0.011008 0.175197
16 0.617273 0.512795 0.009314 0.175197
5 0.609653 0.512795 0.005080 0.175197
9 0.595047 0.512795 0.006351 0.175197
4 0.580652 0.509843 0.011431 0.173228
5 0.565622 0.509843 0.010161 0.173228
4 0.554615 0.509843 0.006774 0.173228
14 0.534716 0.509843 0.009314 0.173228
14 0.517146 0.509843 0.014818 0.173228
22 0.494920 0.507874 0.015241 0.173228
24 0.476715 0.507874 0.012701 0.173228
9 0.461262 0.507874 0.010584 0.173228
13 0.446020 0.507874 0.013971 0.173228
14 0.422523 0.505906 0.017782 0.173228
1 0.403472 0.505906 0.016935 0.173228
9 0.390559 0.505906 0.007197 0.173228
26 0.376588 0.505906 0.016511 0.173228
18 0.339966 0.502953 0.036410 0.175197
1 0.309695 0.502953 0.016511 0.175197
3 0.294454 0.502953 0.007197 0.175197
9 0.280906 0.502953 0.014818 0.175197
13 0.270322 0.502953 0.003810 0.175197
5 0.257409 0.500984 0.006774 0.175197
9 0.248518 0.500984 0.007621 0.175197
4 0.234759 0.500984 0.016511 0.175197
9 0.220787 0.500984 0.007197 0.175197
11 0.201312 0.500984 0.014818 0.175197
9 0.187341 0.500984 0.008891 0.175197
4 0.169348 0.499016 0.013548 0.175197
23 0.149873 0.499016 0.013548 0.175197
25 0.131245 0.499016 0.015241 0.175197
4 0.103302 0.497047 0.026249 0.175197
20 0.078112 0.497047 0.014818 0.175197
24 0.057367 0.497047 0.013971 0.175197
18 0.038950 0.497047 0.012701 0.175197
4 0.018840 0.497047 0.019052 0.175197
12 0.983065 0.652559 0.008467 0.183071
25 0.963378 0.652559 0.009738 0.183071
12 0.940728 0.652559 0.006774 0.183071
5 0.925910 0.650591 0.011008 0.183071
5 0.914479 0.650591 0.007621 0.183071
22 0.907070 0.650591 0.007197 0.183071
5 0.896063 0.650591 0.006351 0.183071
5 0.880610 0.650591 0.004234 0.183071
9 0.872777 0.650591 0.008044 0.183071
4 0.857324 0.650591 0.011854 0.183071
24 0.841871 0.650591 0.010584 0.183071
2 0.831499 0.648622 0.006774 0.183071
9 0.812659 0.648622 0.005504 0.183071
4 0.801016 0.648622 0.010161 0.183071
5 0.784928 0.648622 0.011008 0.183071
4 0.774132 0.648622 0.006351 0.183071
11 0.752752 0.648622 0.011854 0.183071
12 0.734124 0.646654 0.021169 0.183071
1 0.713802 0.646654 0.010161 0.183071
11 0.698561 0.646654 0.010161 0.183071
5 0.687341 0.646654 0.008044 0.183071
24 0.674852 0.646654 0.011854 0.183071
1 0.658129 0.646654 0.013124 0.183071
0 0.641617 0.643701 0.012278 0.185039
24 0.622566 0.643701 0.013124 0.185039
21 0.602244 0.643701 0.018205 0.185039
14 0.580652 0.643701 0.018205 0.185039
22 0.560330 0.640748 0.016511 0.183071
24 0.543395 0.640748 0.014818 0.183071
9 0.531964 0.640748 0.006351 0.183071
13 0.519475 0.640748 0.012701 0.183071
14 0.500847 0.640748 0.009314 0.183071
1 0.478196 0.640748 0.013971 0.183071
11 0.463378 0.638780 0.012278 0.183071
24 0.448137 0.638780 0.008044 0.183071
0 0.420618 0.638780 0.017358 0.183071
3 0.403048 0.638780 0.016088 0.183071
13 0.385902 0.638780 0.014818 0.183071
5 0.367485 0.636811 0.005080 0.183071
18 0.357113 0.636811 0.010584 0.183071
3 0.336791 0.636811 0.019052 0.183071
1 0.310542 0.636811 0.014818 0.183071
11 0.294030 0.636811 0.013124 0.183071
5 0.280694 0.634843 0.008467 0.183071
24 0.269052 0.634843 0.013124 0.183071
1 0.247248 0.634843 0.017782 0.183071
4 0.230102 0.634843 0.014818 0.183071
14 0.211473 0.634843 0.016511 0.183071
4 0.193692 0.632874 0.014818 0.183071
18 0.166808 0.632874 0.018628 0.183071
12 0.145216 0.632874 0.020322 0.183071
11 0.123412 0.632874 0.013971 0.183071
15 0.110076 0.632874 0.010161 0.183071
0 0.091871 0.630906 0.012701 0.183071
16 0.072608 0.630906 0.010584 0.183071
9 0.063506 0.630906 0.010161 0.183071
6 0.046147 0.630906 0.008467 0.183071
1 0.034081 0.630906 0.008891 0.183071
5 0.023285 0.630906 0.008467 0.183071
12 0.981795 0.776575 0.008467 0.190945
9 0.966977 0.776575 0.011008 0.190945
4 0.954911 0.776575 0.009738 0.190945
5 0.942845 0.776575 0.009314 0.190945
4 0.925699 0.776575 0.020745 0.190945
11 0.905800 0.776575 0.013971 0.190945
12 0.888654 0.776575 0.018628 0.190945
20 0.870237 0.776575 0.012278 0.190945
8 0.852879 0.776575 0.012278 0.190945
24 0.833616 0.776575 0.020322 0.190945
1 0.813294 0.776575 0.011008 0.190945
9 0.800169 0.776575 0.007621 0.190945
5 0.792337 0.776575 0.008044 0.190945
13 0.776672 0.776575 0.017358 0.190945
4 0.755504 0.776575 0.008044 0.190945
6 0.743226 0.776575 0.010584 0.190945
11 0.726715 0.776575 0.011431 0.190945
24 0.714860 0.776575 0.009738 0.190945
9 0.701948 0.776575 0.009314 0.190945
13 0.688611 0.776575 0.013971 0.190945
5 0.669348 0.776575 0.008467 0.190945
11 0.657705 0.776575 0.013124 0.190945
12 0.638019 0.776575 0.020322 0.190945
1 0.616850 0.776575 0.007621 0.190945
11 0.600550 0.776575 0.011431 0.190945
5 0.588273 0.776575 0.009738 0.190945
24 0.576207 0.776575 0.006774 0.190945
1 0.555885 0.776575 0.007621 0.190945
16 0.539373 0.776575 0.010161 0.190945
9 0.531118 0.776575 0.005504 0.190945
0 0.506986 0.776575 0.008891 0.190945
20 0.486876 0.776575 0.013548 0.190945
24 0.470152 0.776575 0.013971 0.190945
4 0.450042 0.776575 0.011008 0.190945
5 0.427604 0.776575 0.003387 0.190945
4 0.417019 0.776575 0.011008 0.190945
9 0.400931 0.776575 0.011008 0.190945
4 0.385902 0.776575 0.016511 0.190945
12 0.360076 0.776575 0.014818 0.190945
0 0.335732 0.776575 0.016088 0.190945
5 0.319009 0.776575 0.011431 0.190945
26 0.304191 0.776575 0.016511 0.190945
18 0.278366 0.776575 0.016511 0.190945
12 0.258256 0.776575 0.017782 0.190945
9 0.241744 0.776575 0.008467 0.190945
3 0.226291 0.776575 0.018205 0.190945
11 0.209145 0.776575 0.013548 0.190945
4 0.191575 0.776575 0.017358 0.190945
5 0.168078 0.776575 0.006774 0.190945
12 0.156224 0.776575 0.010161 0.190945
8 0.139924 0.776575 0.014818 0.190945
8 0.115368 0.776575 0.016511 0.190945
20 0.095258 0.776575 0.015241 0.190945
26 0.069433 0.776575 0.023709 0.190945
1 0.043184 0.776575 0.010161 0.190945
9 0.030059 0.776575 0.009314 0.190945
15 0.016300 0.776575 0.013971 0.190945
18 0.980737 0.927165 0.008891 0.141732
9 0.967824 0.927165 0.009314 0.141732
16 0.957663 0.926181 0.008467 0.143701
9 0.947714 0.926181 0.008891 0.143701
10 0.932684 0.926181 0.015241 0.143701
11 0.908764 0.925197 0.015665 0.145669
9 0.895216 0.925197 0.007197 0.145669
1 0.878069 0.924213 0.012701 0.147638
7 0.860711 0.924213 0.011008 0.147638
5 0.850339 0.922244 0.008044 0.151575
6 0.840813 0.922244 0.009314 0.151575
23 0.823455 0.922244 0.016088 0.151575
9 0.802921 0.921260 0.008044 0.153543
3 0.790432 0.921260 0.016088 0.153543
4 0.767993 0.920276 0.009314 0.155512
5 0.754234 0.920276 0.011431 0.155512
22 0.737722 0.919291 0.011431 0.157480
9 0.724809 0.919291 0.010161 0.157480
0 0.711050 0.919291 0.010584 0.157480
16 0.698137 0.918307 0.009314 0.159449
5 0.687553 0.918307 0.011008 0.159449
9 0.668925 0.918307 0.006774 0.159449
4 0.655165 0.916339 0.018205 0.159449
5 0.640771 0.916339 0.008044 0.159449
4 0.628704 0.914370 0.015241 0.159449
14 0.608171 0.914370 0.011431 0.159449
14 0.591025 0.912402 0.013548 0.159449
22 0.571126 0.912402 0.015241 0.159449
24 0.551439 0.910433 0.013124 0.159449
9 0.538103 0.910433 0.010161 0.159449
13 0.522862 0.910433 0.015241 0.159449
