5 0.961559 0.310680 0.004075 0.186408
4 0.954768 0.310680 0.006248 0.186408
9 0.947569 0.312621 0.005977 0.186408
4 0.937789 0.312621 0.010867 0.186408
11 0.924070 0.312621 0.008422 0.186408
9 0.915512 0.312621 0.004890 0.186408
9 0.904102 0.312621 0.003803 0.186408
1 0.898941 0.315534 0.005977 0.188350
0 0.888481 0.315534 0.007878 0.188350
10 0.878701 0.315534 0.008965 0.188350
9 0.864982 0.315534 0.004347 0.188350
4 0.858598 0.318447 0.007878 0.186408
5 0.851535 0.318447 0.004075 0.186408
4 0.843928 0.318447 0.010052 0.186408
0 0.833062 0.318447 0.005162 0.186408
12 0.822603 0.318447 0.005977 0.186408
0 0.807661 0.320388 0.003803 0.186408
24 0.799783 0.320388 0.008150 0.186408
21 0.787014 0.320388 0.006520 0.186408
4 0.772209 0.320388 0.007335 0.186408
11 0.764059 0.323301 0.006248 0.188350
16 0.756452 0.323301 0.006248 0.188350
18 0.748574 0.323301 0.006248 0.188350
16 0.741375 0.323301 0.005977 0.188350
9 0.734311 0.323301 0.005977 0.188350
11 0.722630 0.323301 0.005977 0.188350
0 0.713121 0.326214 0.007607 0.186408
25 0.703206 0.326214 0.008422 0.186408
24 0.688536 0.326214 0.014942 0.186408
16 0.676175 0.326214 0.004890 0.186408
25 0.666667 0.329126 0.013040 0.188350
1 0.656343 0.329126 0.007063 0.188350
18 0.646835 0.329126 0.009237 0.188350
12 0.635833 0.329126 0.002988 0.188350
10 0.628226 0.332039 0.009508 0.186408
5 0.616137 0.332039 0.002173 0.186408
12 0.611519 0.332039 0.005977 0.186408
0 0.601467 0.332039 0.008150 0.186408
1 0.591415 0.332039 0.007607 0.186408
26 0.583401 0.333981 0.006792 0.186408
9 0.575795 0.333981 0.005705 0.186408
10 0.569275 0.333981 0.008422 0.186408
5 0.557593 0.333981 0.004075 0.186408
16 0.552160 0.333981 0.004075 0.186408
26 0.545504 0.333981 0.008693 0.186408
16 0.537626 0.336893 0.004890 0.188350
4 0.530562 0.336893 0.008693 0.188350
12 0.519696 0.336893 0.004890 0.188350
10 0.511682 0.336893 0.008422 0.188350
5 0.499593 0.336893 0.003260 0.188350
4 0.494431 0.336893 0.005977 0.188350
18 0.484108 0.339806 0.007063 0.186408
1 0.476773 0.339806 0.005977 0.186408
24 0.469030 0.339806 0.006792 0.186408
26 0.461288 0.339806 0.004890 0.186408
11 0.448791 0.339806 0.004347 0.186408
12 0.441184 0.341748 0.004890 0.186408
20 0.429910 0.341748 0.007878 0.186408
8 0.420538 0.341748 0.008693 0.186408
24 0.412388 0.341748 0.007063 0.186408
24 0.402200 0.344660 0.007878 0.188350
5 0.389161 0.344660 0.017658 0.188350
13 0.378701 0.344660 0.002717 0.188350
12 0.372453 0.344660 0.005977 0.188350
9 0.364847 0.344660 0.006520 0.188350
4 0.357104 0.347573 0.006792 0.186408
5 0.349497 0.347573 0.005705 0.186408
4 0.342842 0.347573 0.008693 0.186408
5 0.331568 0.347573 0.003532 0.186408
11 0.326678 0.347573 0.005705 0.186408
12 0.318935 0.347573 0.004890 0.186408
20 0.306167 0.350485 0.004347 0.188350
8 0.298560 0.350485 0.007063 0.188350
24 0.288780 0.350485 0.005977 0.188350
25 0.271665 0.350485 0.013040 0.188350
2 0.261206 0.353398 0.005705 0.186408
24 0.254958 0.353398 0.006248 0.186408
1 0.242597 0.353398 0.007063 0.186408
4 0.234447 0.353398 0.007063 0.186408
14 0.224939 0.353398 0.009237 0.186408
4 0.215295 0.355340 0.009508 0.186408
0 0.201032 0.355340 0.009237 0.186408
25 0.189758 0.355340 0.012225 0.186408
24 0.179707 0.355340 0.007335 0.186408
9 0.168568 0.358252 0.004075 0.188350
4 0.161777 0.358252 0.008422 0.188350
9 0.153898 0.358252 0.003532 0.188350
4 0.146835 0.358252 0.008422 0.188350
12 0.136376 0.358252 0.005433 0.188350
10 0.128226 0.361165 0.007607 0.186408
4 0.115458 0.361165 0.007063 0.186408
6 0.107579 0.361165 0.004890 0.186408
11 0.099701 0.361165 0.007063 0.186408
24 0.091823 0.361165 0.007607 0.186408
9 0.085031 0.361165 0.003260 0.186408
13 0.079190 0.363107 0.006248 0.186408
12 0.068595 0.363107 0.003532 0.186408
9 0.062347 0.363107 0.006248 0.186408
4 0.054605 0.363107 0.006520 0.186408
5 0.046862 0.363107 0.005705 0.186408
3 0.040750 0.366019 0.008150 0.188350
5 0.964548 0.428155 0.002988 0.161165
11 0.958164 0.428155 0.006520 0.161165
12 0.947840 0.430097 0.005433 0.161165
20 0.930997 0.430097 0.003803 0.161165
8 0.922575 0.430097 0.007063 0.161165
24 0.912252 0.430097 0.005433 0.161165
5 0.896767 0.433010 0.002717 0.159223
6 0.891062 0.433010 0.004890 0.159223
14 0.884814 0.433010 0.006520 0.159223
24 0.872181 0.433010 0.011138 0.159223
26 0.855882 0.435922 0.005162 0.161165
20 0.847460 0.435922 0.006248 0.161165
3 0.838902 0.435922 0.007063 0.161165
4 0.825998 0.435922 0.011682 0.161165
1 0.809563 0.435922 0.006520 0.161165
25 0.799104 0.437864 0.008422 0.161165
4 0.785384 0.437864 0.010867 0.161165
5 0.772888 0.437864 0.003260 0.161165
0 0.765417 0.437864 0.006248 0.161165
13 0.756995 0.440777 0.007878 0.159223
12 0.743412 0.440777 0.007335 0.159223
0 0.731731 0.440777 0.010052 0.159223
26 0.716653 0.440777 0.008150 0.159223
20 0.706466 0.443689 0.008965 0.161165
3 0.696142 0.443689 0.008965 0.161165
4 0.685955 0.443689 0.009780 0.161165
5 0.673594 0.443689 0.004618 0.161165
18 0.665037 0.446602 0.009780 0.159223
24 0.655664 0.446602 0.007335 0.159223
20 0.647107 0.446602 0.008150 0.159223
26 0.637734 0.446602 0.008965 0.159223
5 0.629449 0.446602 0.004347 0.159223
5 0.619533 0.446602 0.002988 0.159223
11 0.613013 0.449515 0.005162 0.161165
12 0.606629 0.449515 0.003803 0.161165
1 0.592095 0.449515 0.003532 0.161165
11 0.583673 0.449515 0.005705 0.161165
5 0.577560 0.449515 0.004347 0.161165
24 0.573350 0.449515 0.002988 0.161165
0 0.557729 0.451456 0.010323 0.161165
3 0.542787 0.451456 0.016300 0.161165
13 0.532600 0.451456 0.000815 0.161165
1 0.527167 0.451456 0.005705 0.161165
1 0.518609 0.454369 0.006520 0.159223
16 0.510459 0.454369 0.005977 0.159223
9 0.504211 0.454369 0.004347 0.159223
10 0.498506 0.454369 0.007063 0.159223
26 0.488318 0.454369 0.008422 0.159223
20 0.476773 0.454369 0.007063 0.159223
3 0.468758 0.457282 0.006792 0.161165
4 0.457756 0.457282 0.009780 0.161165
5 0.444852 0.457282 0.002988 0.161165
4 0.439283 0.457282 0.004890 0.161165
9 0.433170 0.457282 0.005162 0.161165
4 0.424477 0.457282 0.007335 0.161165
11 0.412931 0.460194 0.006520 0.159223
9 0.406547 0.460194 0.002988 0.159223
9 0.397446 0.460194 0.003260 0.159223
25 0.391334 0.460194 0.006792 0.159223
0 0.378566 0.460194 0.008422 0.159223
12 0.370280 0.463107 0.005977 0.161165
10 0.361722 0.463107 0.007335 0.161165
1 0.348547 0.463107 0.008150 0.161165
16 0.340668 0.463107 0.005977 0.161165
10 0.334148 0.463107 0.005977 0.161165
14 0.322603 0.465049 0.003532 0.161165
7 0.313773 0.465049 0.007607 0.161165
24 0.302907 0.465049 0.009780 0.161165
12 0.289324 0.465049 0.004347 0.161165
0 0.279951 0.465049 0.007335 0.161165
14 0.271937 0.467961 0.006520 0.159223
24 0.261478 0.467961 0.008965 0.159223
14 0.246129 0.467961 0.008150 0.159223
4 0.236349 0.467961 0.008150 0.159223
6 0.225211 0.470874 0.003803 0.161165
0 0.217604 0.470874 0.005977 0.161165
26 0.207960 0.470874 0.009508 0.161165
5 0.196550 0.470874 0.003532 0.161165
0 0.190437 0.470874 0.004347 0.161165
14 0.183917 0.470874 0.005977 0.161165
24 0.173458 0.472816 0.006792 0.161165
26 0.167210 0.472816 0.003532 0.161165
0 0.150367 0.472816 0.003532 0.161165
12 0.141945 0.472816 0.005705 0.161165
9 0.135833 0.472816 0.004347 0.161165
5 0.131622 0.472816 0.002988 0.161165
1 0.121842 0.475728 0.005162 0.159223
7 0.114643 0.475728 0.006520 0.159223
6 0.104184 0.475728 0.006248 0.159223
23 0.097800 0.475728 0.006520 0.159223
9 0.087884 0.475728 0.002988 0.159223
3 0.081228 0.478641 0.007607 0.161165
4 0.068867 0.478641 0.006792 0.161165
5 0.062347 0.478641 0.002988 0.161165
22 0.055012 0.478641 0.008965 0.161165
9 0.048221 0.478641 0.002988 0.161165
0 0.042923 0.478641 0.005977 0.161165
16 0.037082 0.478641 0.004618 0.161165
5 0.033007 0.481553 0.002988 0.159223
9 0.966314 0.554369 0.003260 0.157282
4 0.957892 0.554369 0.005977 0.157282
5 0.949878 0.554369 0.006248 0.157282
4 0.941728 0.554369 0.004075 0.157282
14 0.926922 0.554369 0.003803 0.157282
14 0.917006 0.554369 0.008422 0.157282
22 0.902336 0.557282 0.009508 0.159223
24 0.892149 0.557282 0.005977 0.159223
9 0.885901 0.557282 0.005433 0.159223
13 0.878158 0.557282 0.004075 0.159223
14 0.862130 0.557282 0.005162 0.159223
1 0.851127 0.557282 0.007607 0.159223
9 0.842842 0.560194 0.005705 0.157282
26 0.835642 0.560194 0.007607 0.157282
18 0.824097 0.560194 0.005162 0.157282
1 0.814181 0.560194 0.007063 0.157282
3 0.805895 0.560194 0.006248 0.157282
9 0.797609 0.560194 0.005433 0.157282
13 0.790003 0.560194 0.008150 0.157282
5 0.777642 0.560194 0.002988 0.157282
9 0.773295 0.562136 0.004075 0.157282
4 0.766775 0.562136 0.005162 0.157282
9 0.758897 0.562136 0.006792 0.157282
11 0.748438 0.562136 0.004347 0.157282
9 0.739880 0.562136 0.008422 0.157282
4 0.729150 0.562136 0.007063 0.157282
23 0.719641 0.562136 0.006520 0.157282
25 0.709182 0.566019 0.008422 0.157282
4 0.696007 0.566019 0.009780 0.157282
20 0.685140 0.566019 0.003260 0.157282
24 0.676854 0.566019 0.006248 0.157282
18 0.666259 0.566019 0.007878 0.157282
4 0.656343 0.566019 0.004890 0.157282
12 0.641538 0.566019 0.002988 0.157282
25 0.633388 0.567961 0.007878 0.157282
12 0.619125 0.567961 0.008150 0.157282
7 0.610839 0.567961 0.007335 0.157282
16 0.598479 0.567961 0.006520 0.157282
5 0.594540 0.567961 0.002445 0.157282
5 0.583537 0.567961 0.003803 0.157282
9 0.578240 0.567961 0.003532 0.157282
4 0.571855 0.570874 0.007607 0.159223
24 0.563162 0.570874 0.007063 0.159223
2 0.555827 0.570874 0.005977 0.159223
9 0.545232 0.570874 0.003260 0.159223
4 0.538169 0.570874 0.008150 0.159223
5 0.531106 0.570874 0.003803 0.159223
4 0.523499 0.570874 0.008693 0.159223
11 0.508829 0.570874 0.005977 0.159223
12 0.496468 0.573786 0.013855 0.157282
1 0.482070 0.573786 0.006792 0.157282
11 0.473377 0.573786 0.005705 0.157282
5 0.467400 0.573786 0.004075 0.157282
24 0.461152 0.573786 0.007335 0.157282
1 0.446210 0.573786 0.007335 0.157282
0 0.436294 0.575728 0.008693 0.157282
24 0.426786 0.575728 0.008150 0.157282
21 0.416055 0.575728 0.010052 0.157282
14 0.401521 0.575728 0.004890 0.157282
22 0.389025 0.575728 0.007607 0.157282
24 0.380739 0.575728 0.006792 0.157282
9 0.370823 0.578641 0.006520 0.159223
13 0.364575 0.578641 0.003260 0.159223
14 0.348411 0.578641 0.009508 0.159223
1 0.339038 0.578641 0.008693 0.159223
11 0.330888 0.578641 0.007063 0.159223
24 0.322603 0.578641 0.007878 0.159223
0 0.307797 0.578641 0.011410 0.159223
3 0.297474 0.581553 0.008693 0.157282
13 0.287965 0.581553 0.007607 0.157282
5 0.276284 0.581553 0.002717 0.157282
18 0.270171 0.581553 0.006248 0.157282
3 0.259576 0.581553 0.005162 0.157282
1 0.244635 0.581553 0.007335 0.157282
11 0.235941 0.583495 0.006792 0.157282
5 0.229693 0.583495 0.002988 0.157282
24 0.223716 0.583495 0.006792 0.157282
1 0.209318 0.583495 0.006248 0.157282
4 0.200625 0.583495 0.009508 0.157282
14 0.190166 0.583495 0.008693 0.157282
4 0.180657 0.583495 0.008150 0.157282
18 0.169383 0.583495 0.004618 0.157282
12 0.159060 0.587379 0.005162 0.157282
11 0.149008 0.587379 0.003532 0.157282
15 0.142624 0.587379 0.003260 0.157282
0 0.132573 0.587379 0.005433 0.157282
16 0.124423 0.587379 0.004890 0.157282
9 0.120212 0.587379 0.003532 0.157282
6 0.111383 0.587379 0.003803 0.157282
1 0.105270 0.587379 0.006248 0.157282
5 0.096577 0.589320 0.007878 0.157282
12 0.083401 0.589320 0.004347 0.157282
9 0.077017 0.589320 0.004618 0.157282
4 0.070905 0.589320 0.005433 0.157282
5 0.062483 0.589320 0.005977 0.157282
4 0.053926 0.589320 0.007878 0.157282
11 0.042516 0.589320 0.007878 0.157282
12 0.034773 0.592233 0.007607 0.159223
20 0.965363 0.666019 0.007335 0.143689
8 0.954496 0.667961 0.011138 0.143689
24 0.943358 0.667961 0.009508 0.143689
24 0.929231 0.667961 0.006248 0.143689
5 0.920674 0.667961 0.005433 0.143689
6 0.914561 0.667961 0.004618 0.143689
13 0.906955 0.667961 0.008965 0.143689
4 0.889976 0.667961 0.007063 0.143689
6 0.879924 0.667961 0.006520 0.143689
11 0.872046 0.670874 0.006520 0.145631
24 0.862130 0.670874 0.007335 0.145631
9 0.852486 0.670874 0.005977 0.145631
13 0.845422 0.670874 0.008150 0.145631
5 0.831432 0.670874 0.002988 0.145631
11 0.823961 0.670874 0.007607 0.145631
12 0.813230 0.670874 0.012768 0.145631
1 0.799375 0.670874 0.008965 0.145631
11 0.789595 0.673786 0.007335 0.143689
5 0.783211 0.673786 0.003803 0.143689
24 0.776012 0.673786 0.008965 0.143689
1 0.761478 0.673786 0.008150 0.143689
16 0.753735 0.673786 0.004618 0.143689
9 0.747351 0.673786 0.003803 0.143689
0 0.736756 0.673786 0.008693 0.143689
20 0.724124 0.673786 0.007335 0.143689
3 0.716653 0.673786 0.005977 0.143689
4 0.706194 0.673786 0.009508 0.143689
5 0.693562 0.676699 0.003803 0.145631
4 0.687585 0.676699 0.004890 0.145631
9 0.679842 0.676699 0.005705 0.145631
4 0.668704 0.676699 0.012768 0.145631
12 0.657702 0.676699 0.004890 0.145631
0 0.648737 0.676699 0.007063 0.145631
5 0.639093 0.676699 0.006248 0.145631
26 0.629992 0.676699 0.008693 0.145631
18 0.614643 0.679612 0.008965 0.143689
12 0.602961 0.679612 0.012768 0.143689
9 0.591415 0.679612 0.004347 0.143689
3 0.583130 0.679612 0.008965 0.143689
11 0.573350 0.679612 0.007335 0.143689
4 0.564385 0.679612 0.007335 0.143689
5 0.550801 0.679612 0.003532 0.143689
12 0.544010 0.679612 0.006248 0.143689
8 0.534094 0.679612 0.007607 0.143689
5 0.524586 0.681553 0.005433 0.143689
8 0.518609 0.681553 0.006520 0.143689
20 0.507063 0.681553 0.007878 0.143689
26 0.497283 0.681553 0.007878 0.143689
1 0.483564 0.681553 0.007607 0.143689
9 0.475686 0.681553 0.003803 0.143689
15 0.470117 0.681553 0.004618 0.143689
18 0.455990 0.681553 0.008965 0.143689
9 0.447840 0.681553 0.002988 0.143689
16 0.441728 0.684466 0.004347 0.145631
9 0.435887 0.684466 0.002988 0.145631
10 0.429367 0.684466 0.006792 0.145631
11 0.415240 0.684466 0.006792 0.145631
9 0.407770 0.684466 0.003803 0.145631
1 0.395001 0.684466 0.008150 0.145631
5 0.384814 0.684466 0.008965 0.145631
6 0.375577 0.684466 0.005162 0.145631
23 0.367699 0.684466 0.008965 0.145631
9 0.353844 0.687379 0.003532 0.143689
3 0.346373 0.687379 0.008150 0.143689
4 0.332518 0.687379 0.009237 0.143689
5 0.324640 0.687379 0.003803 0.143689
22 0.317169 0.687379 0.009508 0.143689
9 0.308883 0.687379 0.003803 0.143689
0 0.301548 0.687379 0.008150 0.143689
16 0.292855 0.687379 0.004347 0.143689
5 0.287558 0.687379 0.002988 0.143689
9 0.277370 0.687379 0.004347 0.143689
4 0.269764 0.689320 0.005977 0.143689
5 0.262293 0.689320 0.005162 0.143689
3 0.256180 0.689320 0.004347 0.143689
14 0.238930 0.689320 0.008965 0.143689
14 0.228606 0.689320 0.008965 0.143689
22 0.217604 0.689320 0.009780 0.143689
24 0.206873 0.689320 0.008965 0.143689
9 0.198316 0.689320 0.003803 0.143689
13 0.191524 0.692233 0.007607 0.145631
