5 0.976903 0.159410 0.006676 0.209270
4 0.965821 0.159410 0.008011 0.209270
9 0.957677 0.159410 0.008278 0.209270
4 0.946595 0.159410 0.006943 0.209270
11 0.930708 0.159410 0.006676 0.209270
9 0.919626 0.159410 0.006943 0.209270
9 0.908278 0.157303 0.005073 0.207865
1 0.900668 0.157303 0.007477 0.207865
0 0.888785 0.157303 0.010948 0.207865
10 0.873832 0.157303 0.008812 0.207865
9 0.861816 0.157303 0.006676 0.207865
4 0.850734 0.157303 0.008011 0.207865
5 0.842590 0.157303 0.008278 0.207865
4 0.832043 0.155197 0.006943 0.209270
0 0.812684 0.155197 0.007744 0.209270
12 0.797063 0.155197 0.008545 0.209270
0 0.775167 0.155197 0.012283 0.209270
24 0.758879 0.152388 0.011749 0.209270
21 0.743391 0.152388 0.013885 0.209270
4 0.722563 0.152388 0.014953 0.209270
11 0.705340 0.152388 0.010948 0.209270
16 0.693992 0.150281 0.009079 0.207865
18 0.682644 0.150281 0.010948 0.207865
16 0.667557 0.150281 0.009613 0.207865
9 0.660347 0.150281 0.006409 0.207865
11 0.640854 0.150281 0.014419 0.207865
0 0.625901 0.148174 0.014419 0.209270
25 0.609346 0.148174 0.017623 0.209270
24 0.591455 0.148174 0.015487 0.209270
16 0.571562 0.148174 0.007744 0.209270
25 0.560080 0.148174 0.012016 0.209270
1 0.541121 0.145365 0.012016 0.209270
18 0.526836 0.145365 0.016555 0.209270
12 0.505073 0.145365 0.008278 0.209270
10 0.487049 0.145365 0.017623 0.209270
5 0.467824 0.143258 0.002670 0.207865
12 0.460614 0.143258 0.011749 0.207865
0 0.437784 0.143258 0.013084 0.207865
1 0.426435 0.143258 0.013885 0.207865
26 0.399866 0.141152 0.015754 0.209270
9 0.387850 0.141152 0.009346 0.209270
10 0.375567 0.141152 0.012550 0.209270
5 0.357543 0.141152 0.005340 0.209270
16 0.350200 0.141152 0.008812 0.209270
26 0.334446 0.138343 0.012016 0.209270
16 0.319226 0.138343 0.010414 0.209270
4 0.304005 0.138343 0.017891 0.209270
12 0.280774 0.138343 0.010414 0.209270
10 0.260881 0.136236 0.018692 0.207865
5 0.242857 0.136236 0.008812 0.207865
4 0.223364 0.136236 0.013084 0.207865
18 0.207877 0.136236 0.013084 0.207865
1 0.189052 0.134129 0.012817 0.209270
24 0.173965 0.134129 0.014686 0.209270
26 0.150200 0.134129 0.012016 0.209270
11 0.123765 0.134129 0.007744 0.209270
12 0.109079 0.132022 0.008812 0.207865
20 0.078238 0.132022 0.005874 0.207865
8 0.066222 0.132022 0.012283 0.207865
24 0.047797 0.132022 0.010147 0.207865
24 0.966222 0.266152 0.012016 0.155899
5 0.952603 0.266152 0.013084 0.155899
13 0.939653 0.266152 0.011215 0.155899
12 0.925234 0.266152 0.010681 0.155899
9 0.911883 0.266152 0.009079 0.155899
4 0.900267 0.266152 0.008278 0.155899
5 0.891455 0.266152 0.006676 0.155899
4 0.879706 0.266152 0.013618 0.155899
5 0.865154 0.266152 0.005340 0.155899
11 0.855808 0.266152 0.009613 0.155899
12 0.842857 0.266152 0.013084 0.155899
20 0.826702 0.266152 0.006943 0.155899
8 0.817089 0.266152 0.008545 0.155899
24 0.797330 0.266152 0.019760 0.155899
25 0.773298 0.266152 0.010681 0.155899
2 0.758077 0.266152 0.010147 0.155899
24 0.743658 0.266152 0.015487 0.155899
1 0.722964 0.266152 0.010414 0.155899
4 0.707877 0.266152 0.010147 0.155899
14 0.695728 0.266152 0.009880 0.155899
4 0.674499 0.266152 0.021896 0.155899
0 0.652069 0.266152 0.010681 0.155899
25 0.636182 0.266152 0.011482 0.155899
24 0.614820 0.266152 0.022697 0.155899
9 0.593057 0.266152 0.005340 0.155899
4 0.582109 0.266152 0.014953 0.155899
9 0.570360 0.266152 0.005340 0.155899
4 0.558611 0.266152 0.014953 0.155899
12 0.538718 0.266152 0.007210 0.155899
10 0.525367 0.266152 0.013084 0.155899
4 0.506409 0.266152 0.009346 0.155899
6 0.493992 0.266152 0.008545 0.155899
11 0.482510 0.266152 0.010147 0.155899
24 0.467690 0.266152 0.009880 0.155899
9 0.455674 0.266152 0.008812 0.155899
13 0.440454 0.266152 0.017356 0.155899
12 0.419893 0.266152 0.014686 0.155899
9 0.402670 0.266152 0.010147 0.155899
4 0.390521 0.266152 0.009880 0.155899
5 0.375434 0.266152 0.010681 0.155899
4 0.356208 0.266152 0.021896 0.155899
5 0.337116 0.266152 0.006142 0.155899
11 0.326702 0.266152 0.013084 0.155899
12 0.311348 0.266152 0.015487 0.155899
20 0.293324 0.266152 0.008278 0.155899
8 0.281041 0.266152 0.009880 0.155899
24 0.257410 0.266152 0.026702 0.155899
5 0.230441 0.266152 0.006409 0.155899
6 0.221762 0.266152 0.006676 0.155899
14 0.212817 0.266152 0.008545 0.155899
24 0.188518 0.266152 0.028304 0.155899
26 0.156342 0.266152 0.015220 0.155899
20 0.138718 0.266152 0.010414 0.155899
3 0.124032 0.266152 0.013618 0.155899
4 0.098131 0.266152 0.020027 0.155899
1 0.076636 0.266152 0.014419 0.155899
25 0.058745 0.266152 0.014419 0.155899
4 0.030040 0.266152 0.021629 0.155899
5 0.971028 0.394663 0.005073 0.174157
0 0.961015 0.394663 0.008011 0.174157
13 0.951001 0.394663 0.006142 0.174157
12 0.931108 0.394663 0.006409 0.174157
0 0.917623 0.394663 0.007210 0.174157
26 0.895461 0.394663 0.012550 0.174157
20 0.877837 0.394663 0.010948 0.174157
3 0.865020 0.394663 0.011482 0.174157
4 0.844993 0.394663 0.017356 0.174157
5 0.825901 0.394663 0.006943 0.174157
18 0.815487 0.394663 0.009613 0.174157
24 0.798798 0.394663 0.012016 0.174157
20 0.782243 0.394663 0.012016 0.174157
26 0.765955 0.394663 0.010948 0.174157
5 0.753271 0.394663 0.010147 0.174157
5 0.735113 0.394663 0.005340 0.174157
11 0.726168 0.394663 0.008278 0.174157
12 0.708945 0.394663 0.019226 0.174157
1 0.689720 0.394663 0.006943 0.174157
11 0.673298 0.394663 0.010414 0.174157
5 0.663151 0.394663 0.007744 0.174157
24 0.653405 0.394663 0.005874 0.174157
0 0.623498 0.394663 0.005340 0.174157
3 0.610414 0.394663 0.012283 0.174157
13 0.590921 0.394663 0.009613 0.174157
1 0.567423 0.394663 0.009079 0.174157
1 0.553939 0.394663 0.009346 0.174157
16 0.544192 0.394663 0.008011 0.174157
9 0.534312 0.394663 0.007477 0.174157
10 0.523498 0.394663 0.010948 0.174157
26 0.504272 0.394663 0.007210 0.174157
20 0.487717 0.394663 0.009346 0.174157
3 0.478238 0.394663 0.012283 0.174157
4 0.455274 0.394663 0.011215 0.174157
5 0.434980 0.394663 0.004806 0.174157
4 0.425100 0.394663 0.008545 0.174157
9 0.411749 0.394663 0.009079 0.174157
4 0.402003 0.394663 0.006142 0.174157
11 0.377170 0.394663 0.009346 0.174157
9 0.362083 0.394663 0.016021 0.174157
9 0.348999 0.394663 0.004806 0.174157
25 0.339119 0.394663 0.011749 0.174157
0 0.316155 0.394663 0.014953 0.174157
12 0.299332 0.394663 0.013351 0.174157
10 0.277704 0.394663 0.016555 0.174157
1 0.252470 0.394663 0.013084 0.174157
16 0.240587 0.394663 0.006943 0.174157
10 0.229773 0.394663 0.011482 0.174157
14 0.207076 0.394663 0.013084 0.174157
7 0.191055 0.394663 0.015754 0.174157
24 0.169559 0.394663 0.023498 0.174157
12 0.140454 0.394663 0.012283 0.174157
0 0.121228 0.394663 0.012283 0.174157
14 0.107744 0.394663 0.011482 0.174157
24 0.085314 0.394663 0.022163 0.174157
14 0.064753 0.394663 0.012016 0.174157
4 0.034980 0.394663 0.013885 0.174157
6 0.968491 0.503511 0.005340 0.158708
0 0.957009 0.503511 0.012283 0.158708
26 0.941389 0.505618 0.017356 0.157303
5 0.921762 0.505618 0.005874 0.157303
0 0.912817 0.505618 0.007210 0.157303
14 0.901469 0.505618 0.010147 0.157303
24 0.883979 0.505618 0.012550 0.157303
26 0.864619 0.505618 0.015487 0.157303
0 0.841522 0.507725 0.007744 0.158708
12 0.829506 0.507725 0.009880 0.158708
9 0.815087 0.507725 0.008278 0.158708
5 0.808278 0.507725 0.007477 0.158708
1 0.789987 0.507725 0.008278 0.158708
7 0.777837 0.507725 0.009613 0.158708
6 0.763418 0.507725 0.009613 0.158708
23 0.751535 0.507725 0.010948 0.158708
9 0.738184 0.510534 0.010414 0.158708
3 0.720294 0.510534 0.021629 0.158708
4 0.691989 0.510534 0.014152 0.158708
5 0.680240 0.510534 0.004539 0.158708
22 0.669292 0.510534 0.014152 0.158708
9 0.659279 0.510534 0.004272 0.158708
0 0.648732 0.510534 0.013084 0.158708
16 0.637517 0.512640 0.007744 0.157303
5 0.630441 0.512640 0.004272 0.157303
9 0.616155 0.512640 0.005073 0.157303
4 0.603872 0.512640 0.015754 0.157303
5 0.591188 0.512640 0.004272 0.157303
4 0.580374 0.512640 0.015754 0.157303
14 0.559546 0.512640 0.008278 0.157303
14 0.544993 0.512640 0.012283 0.157303
22 0.525234 0.514747 0.013351 0.158708
24 0.508144 0.514747 0.011749 0.158708
9 0.493591 0.514747 0.009346 0.158708
13 0.480908 0.514747 0.012283 0.158708
14 0.457810 0.514747 0.013084 0.158708
1 0.444326 0.514747 0.012283 0.158708
9 0.433912 0.517556 0.005340 0.158708
26 0.417223 0.517556 0.024299 0.158708
18 0.386382 0.517556 0.016555 0.158708
1 0.369292 0.517556 0.013885 0.158708
3 0.347530 0.517556 0.028037 0.158708
9 0.328838 0.519663 0.006142 0.157303
13 0.315621 0.519663 0.016555 0.157303
5 0.295194 0.519663 0.005073 0.157303
9 0.286916 0.519663 0.006142 0.157303
4 0.272096 0.519663 0.021896 0.157303
9 0.256475 0.519663 0.006142 0.157303
11 0.237250 0.519663 0.014686 0.157303
9 0.225768 0.521770 0.006142 0.158708
4 0.204272 0.521770 0.012817 0.158708
23 0.186382 0.521770 0.010681 0.158708
25 0.171696 0.521770 0.016555 0.158708
4 0.135381 0.523876 0.025634 0.157303
20 0.108545 0.523876 0.008812 0.157303
24 0.091722 0.523876 0.013618 0.157303
18 0.068625 0.523876 0.018692 0.157303
4 0.037116 0.525983 0.023498 0.158708
12 0.963685 0.624298 0.009613 0.169944
25 0.947931 0.625702 0.011215 0.169944
12 0.932710 0.625702 0.011215 0.169944
7 0.917089 0.625702 0.010948 0.169944
16 0.904272 0.625702 0.007744 0.169944
5 0.897196 0.625702 0.007477 0.169944
5 0.882109 0.628511 0.005073 0.169944
9 0.875033 0.628511 0.005340 0.169944
4 0.864219 0.628511 0.013084 0.169944
24 0.849800 0.628511 0.014152 0.169944
2 0.838051 0.628511 0.007744 0.169944
9 0.822830 0.628511 0.005073 0.169944
4 0.811883 0.630618 0.013084 0.168539
5 0.801335 0.630618 0.004272 0.168539
4 0.791055 0.630618 0.013084 0.168539
11 0.769559 0.630618 0.012283 0.168539
12 0.750467 0.632725 0.024299 0.169944
1 0.724166 0.632725 0.012283 0.169944
11 0.709880 0.632725 0.013084 0.169944
5 0.699866 0.632725 0.005340 0.169944
24 0.687717 0.635534 0.015754 0.169944
1 0.662750 0.635534 0.014953 0.169944
0 0.648331 0.635534 0.012283 0.169944
24 0.633511 0.635534 0.015754 0.169944
21 0.616956 0.637640 0.014152 0.168539
14 0.595194 0.637640 0.012283 0.168539
22 0.580774 0.637640 0.014953 0.168539
24 0.563818 0.639747 0.017356 0.169944
9 0.550734 0.639747 0.005073 0.169944
13 0.539786 0.639747 0.013084 0.169944
14 0.517223 0.639747 0.016555 0.169944
1 0.501335 0.639747 0.013084 0.169944
11 0.487049 0.642556 0.013885 0.169944
24 0.471829 0.642556 0.014953 0.169944
0 0.448732 0.642556 0.010414 0.169944
3 0.434312 0.642556 0.012016 0.169944
13 0.410547 0.643961 0.017891 0.169944
5 0.389186 0.643961 0.005607 0.169944
18 0.377837 0.643961 0.010147 0.169944
3 0.359947 0.646770 0.017623 0.169944
1 0.333511 0.646770 0.013885 0.169944
11 0.319226 0.646770 0.013084 0.169944
5 0.307744 0.646770 0.006142 0.169944
24 0.295194 0.649579 0.015754 0.169944
1 0.271162 0.649579 0.011482 0.169944
4 0.252737 0.649579 0.012550 0.169944
14 0.236983 0.649579 0.012016 0.169944
4 0.216555 0.650983 0.018692 0.169944
18 0.193324 0.650983 0.011749 0.169944
12 0.165287 0.652388 0.033111 0.172753
11 0.138852 0.653792 0.010681 0.169944
15 0.124833 0.653792 0.013084 0.169944
0 0.099199 0.653792 0.004539 0.169944
16 0.089586 0.655899 0.007210 0.168539
9 0.079973 0.655899 0.005607 0.168539
6 0.064219 0.655899 0.005607 0.168539
1 0.052203 0.655899 0.008278 0.168539
5 0.042457 0.655899 0.007477 0.168539
6 0.033645 0.658006 0.005340 0.169944
12 0.964085 0.724719 0.007744 0.157303
9 0.952470 0.726826 0.009079 0.155899
4 0.941255 0.726826 0.009079 0.155899
5 0.929640 0.726826 0.008812 0.155899
4 0.916822 0.726826 0.013618 0.155899
11 0.897597 0.729635 0.015220 0.155899
12 0.880908 0.729635 0.017089 0.155899
20 0.861816 0.729635 0.012016 0.155899
8 0.849132 0.729635 0.012817 0.155899
24 0.831642 0.731039 0.017891 0.155899
24 0.809212 0.731039 0.006142 0.155899
7 0.794660 0.731039 0.012817 0.155899
13 0.777303 0.733848 0.009079 0.155899
4 0.754473 0.733848 0.005607 0.155899
6 0.742991 0.733848 0.008812 0.155899
11 0.731642 0.733848 0.009613 0.155899
24 0.717089 0.736657 0.010948 0.155899
9 0.702937 0.736657 0.010414 0.155899
13 0.691322 0.736657 0.006409 0.155899
5 0.672230 0.736657 0.005607 0.155899
11 0.659947 0.738062 0.009880 0.155899
12 0.644459 0.738062 0.018425 0.155899
1 0.624833 0.738062 0.008011 0.155899
11 0.611348 0.738062 0.010414 0.155899
5 0.599599 0.740871 0.008812 0.155899
24 0.583845 0.740871 0.018959 0.155899
1 0.560481 0.740871 0.009079 0.155899
16 0.550601 0.743680 0.006943 0.155899
9 0.540721 0.743680 0.011215 0.155899
0 0.522830 0.743680 0.011215 0.155899
12 0.507877 0.743680 0.009613 0.155899
3 0.496262 0.745084 0.013084 0.155899
4 0.469292 0.745084 0.020561 0.155899
5 0.448198 0.745084 0.010414 0.155899
4 0.433511 0.747893 0.010414 0.155899
9 0.421629 0.747893 0.008545 0.155899
4 0.407610 0.747893 0.015754 0.155899
12 0.382109 0.749298 0.018692 0.155899
0 0.355808 0.749298 0.014686 0.155899
5 0.344459 0.749298 0.009613 0.155899
26 0.326569 0.752107 0.019226 0.155899
18 0.301469 0.752107 0.016021 0.155899
12 0.281041 0.752107 0.022163 0.155899
9 0.262350 0.752107 0.004005 0.155899
3 0.252203 0.754916 0.012550 0.155899
11 0.229105 0.754916 0.014419 0.155899
4 0.214152 0.754916 0.013885 0.155899
5 0.193858 0.756320 0.004806 0.155899
12 0.183578 0.756320 0.010414 0.155899
8 0.166355 0.756320 0.012817 0.155899
5 0.151936 0.756320 0.009079 0.155899
8 0.143258 0.759129 0.009880 0.155899
20 0.126035 0.759129 0.011215 0.155899
24 0.111615 0.759129 0.015487 0.155899
26 0.079573 0.761938 0.024032 0.155899
1 0.051802 0.761938 0.009613 0.155899
9 0.039920 0.761938 0.007210 0.155899
15 0.033111 0.763343 0.008545 0.155899
18 0.965554 0.873596 0.006409 0.132022
9 0.955140 0.873596 0.007477 0.132022
16 0.947530 0.873596 0.005073 0.132022
9 0.942056 0.873596 0.004806 0.132022
10 0.932844 0.873596 0.009880 0.132022
11 0.914686 0.873596 0.010414 0.132022
9 0.906008 0.873596 0.005340 0.132022
1 0.890254 0.873596 0.006943 0.132022
7 0.879573 0.873596 0.009613 0.132022
6 0.863818 0.873596 0.009613 0.132022
23 0.852203 0.873596 0.010948 0.132022
9 0.834579 0.873596 0.005073 0.132022
3 0.822697 0.873596 0.016555 0.132022
4 0.801335 0.873596 0.012283 0.132022
5 0.791856 0.873596 0.005073 0.132022
22 0.780107 0.873596 0.014686 0.132022
9 0.768224 0.873596 0.005340 0.132022
0 0.756609 0.873596 0.013084 0.132022
16 0.745527 0.873596 0.006943 0.132022
5 0.738585 0.873596 0.005340 0.132022
9 0.724299 0.873596 0.006142 0.132022
4 0.714286 0.873596 0.012283 0.132022
5 0.703738 0.873596 0.005073 0.132022
4 0.694126 0.873596 0.012016 0.132022
14 0.672764 0.873596 0.013084 0.132022
14 0.658879 0.873596 0.013084 0.132022
22 0.643658 0.873596 0.015754 0.132022
24 0.627503 0.873596 0.014953 0.132022
9 0.615621 0.873596 0.005073 0.132022
13 0.604673 0.873596 0.013084 0.132022
