5 0.512917 0.937813 0.032500 0.003125
12 0.512917 0.931875 0.032500 0.005000
9 0.512917 0.925000 0.032500 0.005000
24 0.512917 0.917188 0.032500 0.006875
11 0.512917 0.906563 0.032500 0.006875
9 0.512917 0.900312 0.032500 0.004375
9 0.512917 0.894687 0.032500 0.005625
1 0.512917 0.885938 0.032500 0.006875
0 0.512917 0.876875 0.032500 0.006250
10 0.512917 0.868125 0.032500 0.010000
9 0.512917 0.857500 0.032500 0.005000
4 0.512917 0.850625 0.032500 0.005000
5 0.512917 0.842500 0.032500 0.005000
4 0.511250 0.834375 0.032500 0.007500
0 0.511250 0.824063 0.032500 0.005625
12 0.511250 0.812813 0.032500 0.009375
0 0.511250 0.800937 0.032500 0.006875
24 0.511250 0.790937 0.032500 0.006875
21 0.511250 0.781250 0.032500 0.008750
4 0.511250 0.769687 0.032500 0.006875
11 0.511250 0.759062 0.032500 0.005625
16 0.511250 0.753437 0.032500 0.005625
18 0.511250 0.746563 0.032500 0.005625
16 0.511250 0.738750 0.032500 0.005000
9 0.510417 0.734062 0.032500 0.004375
11 0.510417 0.723125 0.032500 0.007500
0 0.510417 0.715313 0.032500 0.005625
25 0.510417 0.707812 0.032500 0.006875
24 0.510417 0.693750 0.032500 0.010000
16 0.510417 0.681875 0.032500 0.002500
25 0.510417 0.676562 0.032500 0.006875
1 0.510417 0.661875 0.032500 0.008750
18 0.510417 0.651250 0.032500 0.012500
12 0.510417 0.639062 0.032500 0.005625
10 0.509167 0.630000 0.031667 0.007500
5 0.509167 0.619687 0.031667 0.003125
12 0.509167 0.613750 0.031667 0.006250
0 0.509167 0.603437 0.031667 0.006875
1 0.509167 0.595938 0.031667 0.006875
26 0.509167 0.585313 0.031667 0.006875
9 0.509167 0.578438 0.031667 0.005625
10 0.509167 0.571250 0.031667 0.007500
5 0.509167 0.560625 0.031667 0.006250
4 0.509167 0.549687 0.031667 0.006875
16 0.509167 0.543750 0.031667 0.005000
4 0.509167 0.534687 0.031667 0.008125
12 0.507917 0.525000 0.032500 0.005000
10 0.507917 0.515312 0.032500 0.010625
5 0.507917 0.505313 0.032500 0.003125
4 0.507917 0.499375 0.032500 0.006250
18 0.507917 0.488750 0.032500 0.007500
1 0.507917 0.478438 0.032500 0.008125
24 0.507917 0.468438 0.032500 0.006875
26 0.507917 0.458437 0.032500 0.008125
11 0.507917 0.446875 0.032500 0.005000
12 0.507917 0.437188 0.032500 0.010625
20 0.507083 0.425625 0.032500 0.006250
8 0.507083 0.417187 0.032500 0.006875
24 0.507083 0.404375 0.032500 0.010000
24 0.507083 0.392188 0.032500 0.003125
5 0.507083 0.382188 0.032500 0.006875
11 0.507083 0.372812 0.032500 0.004375
12 0.507083 0.361250 0.032500 0.003750
9 0.507083 0.352500 0.032500 0.005000
4 0.507083 0.346250 0.032500 0.005000
5 0.507083 0.337813 0.032500 0.005625
26 0.507083 0.331562 0.032500 0.003125
5 0.505833 0.319063 0.031667 0.004375
11 0.505833 0.310937 0.031667 0.005625
12 0.505833 0.302187 0.031667 0.010625
20 0.505833 0.291563 0.031667 0.008125
8 0.505833 0.281875 0.031667 0.006250
24 0.505833 0.270937 0.031667 0.010625
25 0.505833 0.259375 0.031667 0.006250
9 0.505833 0.252188 0.031667 0.004375
16 0.505833 0.246875 0.031667 0.005000
24 0.505833 0.237813 0.031667 0.009375
1 0.504583 0.226875 0.032500 0.008750
4 0.504583 0.215625 0.032500 0.007500
14 0.504583 0.207813 0.032500 0.006875
4 0.504583 0.194688 0.032500 0.010625
0 0.504583 0.181875 0.032500 0.008750
25 0.504583 0.172187 0.032500 0.006875
24 0.504583 0.157500 0.032500 0.012500
9 0.504583 0.145000 0.032500 0.002500
4 0.504583 0.139063 0.032500 0.004375
9 0.504583 0.132500 0.032500 0.005000
4 0.504583 0.124688 0.032500 0.003125
12 0.503750 0.114375 0.032500 0.003750
10 0.503750 0.105313 0.032500 0.004375
4 0.503750 0.093438 0.032500 0.005625
11 0.503750 0.078750 0.032500 0.008750
24 0.503750 0.069687 0.032500 0.005625
9 0.503750 0.062500 0.032500 0.005000
18 0.503750 0.057500 0.032500 0.002500
12 0.503750 0.045625 0.032500 0.002500
9 0.503750 0.039688 0.032500 0.004375
3 0.503750 0.032813 0.032500 0.005625
5 0.503750 0.026562 0.032500 0.004375
26 0.503750 0.021562 0.032500 0.003125
5 0.495417 0.936875 0.032500 0.003750
11 0.494167 0.930625 0.031667 0.006250
12 0.494167 0.921875 0.031667 0.010000
20 0.494167 0.912188 0.031667 0.004375
8 0.494167 0.905625 0.031667 0.006250
24 0.494167 0.894375 0.031667 0.008750
7 0.494167 0.880313 0.031667 0.008125
14 0.494167 0.870938 0.031667 0.009375
24 0.494167 0.860625 0.031667 0.008750
26 0.492917 0.849688 0.032500 0.006875
20 0.492917 0.839063 0.032500 0.006875
3 0.492917 0.830937 0.032500 0.005625
4 0.492917 0.821562 0.032500 0.009375
1 0.492917 0.809375 0.032500 0.006250
18 0.492917 0.799063 0.032500 0.006875
9 0.492917 0.791562 0.032500 0.005625
4 0.492917 0.783750 0.032500 0.007500
5 0.492917 0.772188 0.032500 0.004375
0 0.492083 0.765000 0.032500 0.007500
13 0.492083 0.755625 0.032500 0.007500
12 0.492083 0.744375 0.032500 0.006250
0 0.492083 0.734688 0.032500 0.008125
26 0.492083 0.720625 0.032500 0.008750
20 0.492083 0.710938 0.032500 0.006875
3 0.492083 0.702500 0.032500 0.008750
4 0.492083 0.691875 0.032500 0.008750
5 0.490417 0.680312 0.032500 0.004375
18 0.490417 0.673438 0.032500 0.008125
24 0.490417 0.665312 0.032500 0.006875
20 0.490417 0.656875 0.032500 0.007500
26 0.490417 0.646875 0.032500 0.010000
5 0.490417 0.638125 0.032500 0.003750
5 0.490417 0.630625 0.032500 0.003750
11 0.490417 0.622188 0.032500 0.005625
12 0.490417 0.615000 0.032500 0.003750
1 0.490417 0.601875 0.032500 0.003750
11 0.489583 0.594063 0.032500 0.005625
5 0.489583 0.586250 0.032500 0.005000
24 0.489583 0.580625 0.032500 0.002500
0 0.489583 0.565625 0.032500 0.008750
3 0.489583 0.556562 0.032500 0.008125
13 0.489583 0.547813 0.032500 0.008125
1 0.489583 0.535937 0.032500 0.006875
1 0.489583 0.527500 0.032500 0.005000
16 0.489583 0.521563 0.032500 0.004375
9 0.488750 0.515938 0.032500 0.004375
10 0.488750 0.509687 0.032500 0.005625
26 0.488750 0.497500 0.032500 0.006250
20 0.488750 0.487812 0.032500 0.006875
3 0.488750 0.479375 0.032500 0.006250
4 0.488750 0.469687 0.032500 0.009375
5 0.488750 0.458125 0.032500 0.003750
4 0.488750 0.450937 0.032500 0.006875
9 0.488750 0.441250 0.032500 0.006250
4 0.487083 0.433437 0.032500 0.008125
11 0.487083 0.422812 0.032500 0.010625
9 0.487083 0.414375 0.032500 0.003750
9 0.487083 0.405938 0.032500 0.004375
25 0.487083 0.397813 0.032500 0.008125
0 0.487083 0.384375 0.032500 0.008750
12 0.487083 0.375000 0.032500 0.007500
10 0.487083 0.365625 0.032500 0.008750
1 0.486250 0.352500 0.032500 0.008750
16 0.486250 0.343750 0.032500 0.005000
10 0.486250 0.336875 0.032500 0.007500
14 0.486250 0.326562 0.032500 0.005625
7 0.486250 0.315625 0.032500 0.007500
24 0.486250 0.305625 0.032500 0.010000
12 0.486250 0.292187 0.032500 0.008125
0 0.486250 0.280313 0.032500 0.006875
14 0.486250 0.272813 0.032500 0.006875
24 0.485000 0.259688 0.031667 0.010625
14 0.485000 0.247500 0.031667 0.005000
4 0.485000 0.237187 0.031667 0.010625
6 0.485000 0.225000 0.031667 0.003750
0 0.485000 0.219062 0.031667 0.005625
26 0.485000 0.209063 0.031667 0.009375
5 0.485000 0.196250 0.031667 0.002500
0 0.485000 0.190312 0.031667 0.004375
14 0.483750 0.183438 0.032500 0.006875
24 0.483750 0.171563 0.032500 0.006875
26 0.483750 0.164687 0.032500 0.003125
0 0.483750 0.150625 0.032500 0.003750
12 0.483750 0.141250 0.032500 0.005000
9 0.483750 0.135313 0.032500 0.004375
5 0.483750 0.130000 0.032500 0.003750
1 0.483750 0.118750 0.032500 0.003750
7 0.483750 0.108750 0.032500 0.006250
5 0.483750 0.102813 0.032500 0.004375
24 0.482917 0.097500 0.032500 0.002500
9 0.482917 0.086563 0.032500 0.003125
3 0.482917 0.077188 0.032500 0.011875
9 0.482917 0.063125 0.032500 0.005000
4 0.482917 0.057813 0.032500 0.004375
5 0.482917 0.050000 0.032500 0.006250
16 0.482917 0.042500 0.032500 0.005000
9 0.482917 0.036562 0.032500 0.004375
0 0.482917 0.031250 0.032500 0.005000
16 0.482917 0.022812 0.032500 0.004375
9 0.482917 0.020000 0.032500 0.005000
9 0.476667 0.936562 0.036667 0.003125
4 0.476667 0.930312 0.036667 0.004375
5 0.476667 0.924687 0.036667 0.004375
12 0.476667 0.918750 0.036667 0.003750
14 0.476667 0.908438 0.036667 0.003125
14 0.476667 0.897500 0.036667 0.007500
22 0.476667 0.885625 0.036667 0.007500
24 0.476667 0.876875 0.036667 0.006250
9 0.475833 0.868750 0.036667 0.005000
13 0.475833 0.862500 0.036667 0.003750
14 0.475833 0.850000 0.036667 0.006250
1 0.475833 0.839688 0.036667 0.005625
9 0.475833 0.834063 0.036667 0.005625
26 0.475833 0.825000 0.036667 0.007500
18 0.475833 0.814375 0.036667 0.006250
1 0.475833 0.804688 0.036667 0.006875
3 0.475833 0.796250 0.036667 0.006250
9 0.475833 0.788125 0.036667 0.005000
13 0.474583 0.780625 0.037500 0.007500
5 0.474583 0.770000 0.037500 0.003750
9 0.474583 0.765312 0.037500 0.004375
4 0.474583 0.756563 0.037500 0.005625
9 0.474583 0.749062 0.037500 0.005625
11 0.474583 0.740938 0.037500 0.004375
9 0.474583 0.734375 0.037500 0.005000
4 0.474583 0.724375 0.037500 0.006250
24 0.474583 0.715000 0.037500 0.006250
25 0.474583 0.707500 0.037500 0.005000
5 0.474583 0.700625 0.037500 0.005000
26 0.473333 0.691562 0.036667 0.009375
20 0.473333 0.676875 0.036667 0.007500
24 0.473333 0.667500 0.036667 0.008750
18 0.473333 0.656250 0.036667 0.008750
4 0.473333 0.647500 0.036667 0.007500
12 0.473333 0.635312 0.036667 0.005625
25 0.473333 0.626250 0.036667 0.008750
12 0.472500 0.611250 0.036667 0.008750
7 0.472500 0.603437 0.036667 0.006875
16 0.472500 0.592812 0.036667 0.005625
5 0.472500 0.587812 0.036667 0.004375
5 0.472500 0.577187 0.036667 0.003125
9 0.472500 0.572187 0.036667 0.004375
4 0.472500 0.565937 0.036667 0.005625
24 0.472500 0.555937 0.036667 0.006875
2 0.472500 0.547813 0.036667 0.005625
9 0.472500 0.539062 0.036667 0.004375
4 0.472500 0.532500 0.036667 0.005000
5 0.471250 0.525000 0.037500 0.005000
4 0.471250 0.517188 0.037500 0.010625
11 0.471250 0.507812 0.037500 0.004375
12 0.471250 0.497812 0.037500 0.010625
1 0.471250 0.486875 0.037500 0.008750
11 0.471250 0.477187 0.037500 0.005625
5 0.471250 0.470313 0.037500 0.005625
24 0.471250 0.462500 0.037500 0.008750
1 0.471250 0.448750 0.037500 0.008750
0 0.470000 0.438125 0.036667 0.010000
24 0.470000 0.426875 0.036667 0.008750
21 0.470000 0.416250 0.036667 0.011250
14 0.470000 0.405313 0.036667 0.005625
22 0.470000 0.394062 0.036667 0.008125
24 0.470000 0.383437 0.036667 0.006875
9 0.470000 0.375000 0.036667 0.005000
13 0.470000 0.367188 0.036667 0.008125
14 0.468750 0.355938 0.037500 0.010625
1 0.468750 0.344062 0.037500 0.006875
11 0.468750 0.335625 0.037500 0.006250
24 0.468750 0.325625 0.037500 0.010000
0 0.468750 0.313125 0.037500 0.006250
3 0.468750 0.304375 0.037500 0.006250
13 0.468750 0.294063 0.037500 0.009375
5 0.468750 0.281875 0.037500 0.003750
18 0.468750 0.275313 0.037500 0.005625
3 0.467500 0.265625 0.036667 0.011250
1 0.467500 0.253125 0.036667 0.006250
11 0.467500 0.243750 0.036667 0.006250
5 0.467500 0.237813 0.036667 0.004375
24 0.467500 0.230000 0.036667 0.010000
1 0.467500 0.217812 0.036667 0.008125
4 0.467500 0.207187 0.036667 0.006875
14 0.467500 0.199063 0.036667 0.006875
4 0.466667 0.185625 0.036667 0.011250
18 0.466667 0.173437 0.036667 0.004375
12 0.466667 0.163750 0.036667 0.005000
11 0.466667 0.151562 0.036667 0.003125
15 0.466667 0.144687 0.036667 0.003125
0 0.466667 0.134375 0.036667 0.003750
16 0.466667 0.126250 0.036667 0.005000
9 0.466667 0.121875 0.036667 0.002500
9 0.466667 0.113125 0.036667 0.002500
1 0.466667 0.106875 0.036667 0.006250
7 0.465417 0.096875 0.037500 0.005000
12 0.465417 0.085938 0.037500 0.006875
9 0.465417 0.076250 0.037500 0.005000
4 0.465417 0.070000 0.037500 0.005000
5 0.465417 0.061562 0.037500 0.005625
4 0.465417 0.053437 0.037500 0.009375
2 0.465417 0.042813 0.037500 0.008125
12 0.465417 0.026875 0.037500 0.018750
20 0.453750 0.937187 0.032500 0.004375
8 0.453750 0.929688 0.032500 0.005625
24 0.453750 0.918750 0.032500 0.010000
24 0.453750 0.907500 0.032500 0.003750
7 0.453750 0.899375 0.032500 0.006250
13 0.453750 0.891875 0.032500 0.003750
4 0.453750 0.878125 0.032500 0.003750
6 0.452917 0.870313 0.032500 0.005625
11 0.452917 0.864375 0.032500 0.005000
24 0.452917 0.856250 0.032500 0.006250
9 0.452917 0.847812 0.032500 0.005625
13 0.452917 0.842187 0.032500 0.003125
5 0.452917 0.831875 0.032500 0.002500
11 0.452917 0.826250 0.032500 0.005000
12 0.452917 0.818438 0.032500 0.003125
1 0.452917 0.806250 0.032500 0.003750
11 0.452917 0.798438 0.032500 0.005625
5 0.452917 0.792188 0.032500 0.004375
24 0.451250 0.786250 0.032500 0.003750
1 0.451250 0.774375 0.032500 0.003750
16 0.451250 0.765938 0.032500 0.004375
9 0.451250 0.762813 0.032500 0.001875
0 0.451250 0.753125 0.032500 0.006250
20 0.451250 0.742812 0.032500 0.006875
3 0.451250 0.733750 0.032500 0.006250
4 0.451250 0.723750 0.032500 0.011250
5 0.451250 0.711875 0.032500 0.005000
4 0.451250 0.705000 0.032500 0.005000
9 0.451250 0.697187 0.032500 0.005625
4 0.450417 0.689063 0.032500 0.008125
12 0.450417 0.677188 0.032500 0.006875
0 0.450417 0.666562 0.032500 0.006875
5 0.450417 0.659062 0.032500 0.005625
26 0.450417 0.650937 0.032500 0.008125
18 0.450417 0.635938 0.032500 0.009375
12 0.450417 0.623125 0.032500 0.015000
9 0.450417 0.610625 0.032500 0.003750
3 0.449167 0.603750 0.031667 0.008750
11 0.449167 0.594375 0.031667 0.006250
4 0.449167 0.585000 0.031667 0.010000
5 0.449167 0.573750 0.031667 0.003750
12 0.449167 0.567187 0.031667 0.005625
8 0.449167 0.557813 0.031667 0.006875
5 0.449167 0.550000 0.031667 0.005000
8 0.449167 0.544063 0.031667 0.006875
20 0.449167 0.531563 0.031667 0.006875
26 0.449167 0.522813 0.031667 0.009375
1 0.447917 0.510000 0.032500 0.005000
9 0.447917 0.502500 0.032500 0.005000
15 0.447917 0.495625 0.032500 0.006250
18 0.447917 0.485938 0.032500 0.005625
9 0.447917 0.478125 0.032500 0.005000
16 0.447917 0.471562 0.032500 0.004375
9 0.447917 0.467500 0.032500 0.003750
10 0.447917 0.460625 0.032500 0.008750
11 0.447917 0.450313 0.032500 0.005625
9 0.447917 0.443125 0.032500 0.006250
1 0.447917 0.432812 0.032500 0.009375
7 0.447083 0.422187 0.032500 0.005625
6 0.447083 0.413750 0.032500 0.005000
23 0.447083 0.407500 0.032500 0.007500
9 0.447083 0.396562 0.032500 0.003125
3 0.447083 0.388437 0.032500 0.009375
4 0.447083 0.377188 0.032500 0.005625
5 0.447083 0.368437 0.032500 0.005625
22 0.447083 0.360000 0.032500 0.006250
9 0.447083 0.351875 0.032500 0.006250
0 0.447083 0.344375 0.032500 0.006250
16 0.447083 0.336875 0.032500 0.005000
5 0.445417 0.331250 0.032500 0.006250
9 0.445417 0.323125 0.032500 0.003750
4 0.445417 0.315000 0.032500 0.006250
5 0.445417 0.306563 0.032500 0.005625
4 0.445417 0.300625 0.032500 0.003750
14 0.445417 0.289375 0.032500 0.003750
14 0.445417 0.278750 0.032500 0.008750
22 0.445417 0.265000 0.032500 0.008750
24 0.445417 0.255312 0.032500 0.006875
9 0.445417 0.246875 0.032500 0.005000
13 0.445417 0.241563 0.032500 0.003125
