5 0.678571 0.974496 0.193878 0.002749
9 0.678571 0.971136 0.193878 0.002138
3 0.678571 0.966249 0.193878 0.006414
1 0.678571 0.959224 0.193878 0.005803
24 0.678571 0.952810 0.193878 0.006414
9 0.678571 0.944411 0.193878 0.002443
4 0.678571 0.939829 0.193878 0.004276
5 0.678571 0.934484 0.193878 0.003971
4 0.678571 0.928986 0.193878 0.005192
0 0.678571 0.920434 0.193878 0.003360
12 0.678571 0.913561 0.193878 0.003665
14 0.681973 0.904551 0.193878 0.002749
25 0.681973 0.897984 0.193878 0.006720
4 0.681973 0.887141 0.193878 0.005192
12 0.681973 0.876909 0.193878 0.004276
0 0.681973 0.870037 0.193878 0.005192
14 0.681973 0.863164 0.193878 0.005498
24 0.681973 0.854459 0.193878 0.007025
23 0.681973 0.844838 0.193878 0.004276
3 0.681973 0.838882 0.193878 0.005192
25 0.681973 0.830483 0.193878 0.004887
9 0.681973 0.826359 0.193878 0.003971
12 0.681973 0.818112 0.193878 0.003971
9 0.685374 0.813073 0.193878 0.003665
11 0.685374 0.805437 0.193878 0.003665
12 0.685374 0.797801 0.193878 0.007941
1 0.685374 0.789859 0.193878 0.003665
11 0.685374 0.783445 0.193878 0.004887
5 0.685374 0.778253 0.193878 0.003665
24 0.685374 0.772908 0.193878 0.007025
20 0.685374 0.762370 0.193878 0.006720
8 0.685374 0.754887 0.193878 0.007025
24 0.685374 0.747557 0.193878 0.006414
11 0.685374 0.737935 0.193878 0.005498
12 0.685374 0.730299 0.193878 0.007941
24 0.685374 0.724191 0.193878 0.003054
5 0.685374 0.718998 0.193878 0.004276
6 0.688776 0.713653 0.193878 0.003971
13 0.688776 0.707697 0.193878 0.006109
1 0.688776 0.698534 0.193878 0.004276
1 0.688776 0.693036 0.193878 0.004276
16 0.688776 0.687844 0.193878 0.003665
9 0.688776 0.683720 0.193878 0.004582
9 0.688776 0.675932 0.193878 0.002443
25 0.688776 0.669670 0.193878 0.008858
24 0.688776 0.660965 0.193878 0.007330
0 0.688776 0.652871 0.193878 0.007636
12 0.688776 0.644013 0.193878 0.007636
1 0.688776 0.635767 0.193878 0.005803
0 0.688776 0.629200 0.193878 0.006109
3 0.692177 0.621717 0.193878 0.007025
13 0.692177 0.613622 0.193878 0.007941
5 0.692177 0.607056 0.193878 0.002749
1 0.692177 0.602169 0.193878 0.005803
1 0.692177 0.595449 0.193878 0.006414
4 0.692177 0.588577 0.193878 0.006720
14 0.692177 0.580635 0.193878 0.008552
4 0.692177 0.572847 0.193878 0.006414
12 0.692177 0.564142 0.193878 0.003665
9 0.692177 0.558797 0.193878 0.004582
4 0.692177 0.550397 0.193878 0.006720
5 0.692177 0.545052 0.193878 0.002749
0 0.692177 0.539707 0.193878 0.006720
5 0.692177 0.530544 0.193878 0.003054
9 0.692177 0.527031 0.193878 0.002749
0 0.695578 0.521533 0.193878 0.007025
14 0.695578 0.513745 0.193878 0.007941
24 0.695578 0.505498 0.193878 0.007330
14 0.695578 0.494349 0.193878 0.008247
25 0.695578 0.485034 0.193878 0.009163
4 0.695578 0.476329 0.193878 0.007025
0 0.695578 0.465486 0.193878 0.007330
12 0.695578 0.456017 0.193878 0.009163
4 0.695578 0.447159 0.193878 0.007330
18 0.695578 0.439829 0.193878 0.006720
13 0.695578 0.432804 0.193878 0.006720
6 0.698980 0.424557 0.193878 0.001833
11 0.698980 0.420281 0.193878 0.004276
5 0.698980 0.415089 0.193878 0.003665
24 0.698980 0.409591 0.193878 0.006720
0 0.698980 0.398900 0.193878 0.006720
26 0.698980 0.391112 0.193878 0.007025
4 0.698980 0.379811 0.193878 0.006414
9 0.698980 0.374465 0.193878 0.002443
5 0.698980 0.371411 0.193878 0.003054
13 0.698980 0.366066 0.193878 0.006414
4 0.698980 0.355681 0.193878 0.005803
6 0.698980 0.350031 0.193878 0.003665
4 0.698980 0.343616 0.193878 0.007330
0 0.698980 0.335675 0.193878 0.005498
25 0.702381 0.328039 0.193878 0.006109
24 0.702381 0.317196 0.193878 0.009469
9 0.702381 0.307575 0.193878 0.002443
22 0.702381 0.301924 0.193878 0.007025
0 0.702381 0.294136 0.193878 0.007330
26 0.702381 0.286347 0.193878 0.006414
13 0.702381 0.279169 0.193878 0.006109
14 0.702381 0.270312 0.193878 0.004887
14 0.702381 0.261912 0.193878 0.006414
22 0.702381 0.253207 0.193878 0.006720
24 0.702381 0.244655 0.193878 0.005498
9 0.702381 0.239310 0.193878 0.003971
13 0.705782 0.232132 0.193878 0.008552
14 0.705782 0.224649 0.193878 0.003971
1 0.705782 0.216860 0.193878 0.005498
9 0.705782 0.211515 0.193878 0.003971
26 0.705782 0.204948 0.193878 0.007330
18 0.705782 0.195785 0.193878 0.003665
1 0.705782 0.189065 0.193878 0.005498
3 0.705782 0.182040 0.193878 0.004887
9 0.705782 0.176695 0.193878 0.003971
13 0.705782 0.170586 0.193878 0.006414
11 0.705782 0.162187 0.193878 0.005498
9 0.705782 0.157147 0.193878 0.003360
1 0.705782 0.151802 0.193878 0.003665
5 0.705782 0.145693 0.193878 0.004276
6 0.705782 0.142028 0.193878 0.003665
6 0.705782 0.136683 0.193878 0.003971
23 0.709184 0.130727 0.193878 0.006109
9 0.709184 0.123702 0.193878 0.001833
3 0.709184 0.118204 0.193878 0.006720
4 0.709184 0.109346 0.193878 0.004887
5 0.709184 0.103696 0.193878 0.003360
22 0.709184 0.100336 0.193878 0.003971
9 0.709184 0.093464 0.193878 0.004276
0 0.709184 0.088119 0.193878 0.006414
9 0.709184 0.081093 0.193878 0.002138
4 0.709184 0.077734 0.193878 0.003360
5 0.709184 0.072541 0.193878 0.003971
4 0.709184 0.066585 0.193878 0.006109
0 0.709184 0.057422 0.193878 0.006720
4 0.709184 0.049786 0.193878 0.007330
11 0.709184 0.042761 0.193878 0.005498
1 0.709184 0.036500 0.193878 0.006414
14 0.539116 0.973580 0.214286 0.003971
6 0.539116 0.967013 0.214286 0.004887
4 0.539116 0.959988 0.214286 0.006720
5 0.539116 0.952046 0.214286 0.002443
12 0.539116 0.947312 0.214286 0.004582
0 0.539116 0.938760 0.214286 0.007636
9 0.539116 0.930819 0.214286 0.002138
0 0.542517 0.925932 0.214286 0.004582
11 0.542517 0.917990 0.214286 0.005192
12 0.542517 0.912798 0.214286 0.002749
5 0.542517 0.902871 0.214286 0.001833
6 0.542517 0.899664 0.214286 0.002749
14 0.542517 0.894777 0.214286 0.005192
16 0.542517 0.884698 0.214286 0.005192
9 0.542517 0.881338 0.214286 0.002138
4 0.542517 0.874160 0.214286 0.004887
9 0.542517 0.868509 0.214286 0.003360
5 0.542517 0.864997 0.214286 0.003054
13 0.545918 0.858735 0.214286 0.007025
0 0.545918 0.849114 0.214286 0.006109
26 0.545918 0.840409 0.214286 0.005803
13 0.545918 0.831704 0.214286 0.007941
9 0.545918 0.823916 0.214286 0.002749
22 0.545918 0.819029 0.214286 0.004582
0 0.545918 0.810782 0.214286 0.005803
9 0.545918 0.804215 0.214286 0.004276
13 0.545918 0.798106 0.214286 0.006720
1 0.549320 0.789401 0.214286 0.005192
5 0.549320 0.782682 0.214286 0.003971
5 0.549320 0.779475 0.214286 0.003665
3 0.549320 0.772755 0.214286 0.004887
18 0.549320 0.763897 0.214286 0.010385
4 0.549320 0.753360 0.214286 0.004582
0 0.549320 0.746487 0.214286 0.004887
1 0.549320 0.739921 0.214286 0.004582
9 0.549320 0.734881 0.214286 0.003665
1 0.549320 0.729230 0.214286 0.005803
5 0.552721 0.721136 0.214286 0.003054
4 0.552721 0.715180 0.214286 0.004582
9 0.552721 0.710141 0.214286 0.003665
4 0.552721 0.704337 0.214286 0.006109
11 0.552721 0.695785 0.214286 0.003665
9 0.552721 0.690287 0.214286 0.004887
9 0.552721 0.683568 0.214286 0.002443
1 0.552721 0.678986 0.214286 0.003665
9 0.552721 0.674099 0.214286 0.004276
0 0.552721 0.667532 0.214286 0.005192
10 0.552721 0.659133 0.214286 0.007330
9 0.556122 0.650428 0.214286 0.002749
4 0.556122 0.644624 0.214286 0.004582
5 0.556122 0.639432 0.214286 0.003971
4 0.556122 0.633476 0.214286 0.006109
0 0.556122 0.623702 0.214286 0.009774
12 0.556122 0.613622 0.214286 0.009163
0 0.556122 0.605376 0.214286 0.006109
24 0.556122 0.596518 0.214286 0.005498
21 0.556122 0.588729 0.214286 0.008247
4 0.559524 0.577581 0.214286 0.005498
11 0.559524 0.570403 0.214286 0.004582
16 0.559524 0.565363 0.214286 0.003665
18 0.559524 0.560629 0.214286 0.004582
16 0.559524 0.553910 0.214286 0.003971
9 0.559524 0.549939 0.214286 0.003971
5 0.559524 0.543677 0.214286 0.002443
4 0.559524 0.539249 0.214286 0.003971
5 0.559524 0.534056 0.214286 0.003971
6 0.559524 0.529016 0.214286 0.003665
26 0.559524 0.524282 0.214286 0.003971
9 0.559524 0.518326 0.214286 0.004276
5 0.562925 0.510996 0.214286 0.003054
4 0.562925 0.506109 0.214286 0.004276
0 0.562925 0.499542 0.214286 0.004582
14 0.562925 0.492975 0.214286 0.006109
24 0.562925 0.482896 0.214286 0.006109
9 0.562925 0.477245 0.214286 0.003971
5 0.562925 0.469609 0.214286 0.002749
4 0.562925 0.464875 0.214286 0.003665
5 0.562925 0.459988 0.214286 0.004887
5 0.562925 0.451894 0.214286 0.004582
9 0.562925 0.447923 0.214286 0.003971
5 0.566327 0.441051 0.214286 0.002443
4 0.566327 0.435400 0.214286 0.004582
9 0.566327 0.430360 0.214286 0.003665
1 0.566327 0.425626 0.214286 0.003971
5 0.566327 0.420434 0.214286 0.003971
17 0.566327 0.415547 0.214286 0.003971
9 0.566327 0.408980 0.214286 0.004887
0 0.566327 0.401038 0.214286 0.004276
25 0.566327 0.394013 0.214286 0.005498
24 0.566327 0.383934 0.214286 0.009163
16 0.569728 0.374007 0.214286 0.002138
25 0.569728 0.369426 0.214286 0.005192
1 0.569728 0.359499 0.214286 0.006109
18 0.569728 0.352016 0.214286 0.007636
12 0.569728 0.342547 0.214286 0.003971
0 0.569728 0.334759 0.214286 0.005498
1 0.569728 0.328039 0.214286 0.005498
26 0.569728 0.319945 0.214286 0.005192
9 0.569728 0.314905 0.214286 0.003665
10 0.573129 0.309102 0.214286 0.006109
12 0.573129 0.300092 0.214286 0.004582
26 0.573129 0.292150 0.214286 0.005803
26 0.573129 0.283598 0.214286 0.007636
12 0.573129 0.273824 0.214286 0.003360
10 0.573129 0.266799 0.214286 0.007025
0 0.573129 0.255803 0.214286 0.005192
24 0.573129 0.247557 0.214286 0.005803
21 0.576531 0.238699 0.214286 0.008247
6 0.576531 0.229230 0.214286 0.002138
1 0.576531 0.224649 0.214286 0.004582
4 0.576531 0.215638 0.214286 0.008552
5 0.576531 0.206475 0.214286 0.002443
6 0.576531 0.203115 0.214286 0.003665
12 0.576531 0.196396 0.214286 0.004887
1 0.576531 0.189218 0.214286 0.007025
5 0.576531 0.181735 0.214286 0.003054
3 0.576531 0.176542 0.214286 0.004887
1 0.579932 0.168448 0.214286 0.005803
18 0.579932 0.161881 0.214286 0.004276
9 0.579932 0.156536 0.214286 0.005192
5 0.579932 0.150122 0.214286 0.002749
18 0.579932 0.145388 0.214286 0.004276
1 0.579932 0.138668 0.214286 0.004887
3 0.579932 0.132101 0.214286 0.005192
4 0.579932 0.123702 0.214286 0.007330
0 0.579932 0.114692 0.214286 0.005192
26 0.583333 0.105834 0.214286 0.007636
4 0.583333 0.096518 0.214286 0.004887
18 0.583333 0.089493 0.214286 0.004887
1 0.583333 0.082773 0.214286 0.004887
3 0.583333 0.076512 0.214286 0.005192
4 0.583333 0.067654 0.214286 0.008247
4 0.583333 0.057728 0.214286 0.005498
6 0.583333 0.051619 0.214286 0.004276
0 0.583333 0.044899 0.214286 0.004887
4 0.583333 0.037416 0.214286 0.007636
1 0.380952 0.974343 0.231293 0.003665
5 0.380952 0.968998 0.231293 0.003971
6 0.380952 0.964264 0.231293 0.003665
3 0.380952 0.958919 0.231293 0.005192
25 0.380952 0.950519 0.231293 0.005498
9 0.380952 0.945021 0.231293 0.004887
4 0.384354 0.937233 0.231293 0.004582
6 0.384354 0.931429 0.231293 0.003971
4 0.384354 0.924863 0.231293 0.007330
18 0.384354 0.916158 0.231293 0.002749
9 0.384354 0.910965 0.231293 0.003971
1 0.384354 0.905925 0.231293 0.004276
18 0.384354 0.898748 0.231293 0.005803
4 0.384354 0.890348 0.231293 0.004276
9 0.384354 0.881796 0.231293 0.002443
14 0.384354 0.876604 0.231293 0.004276
9 0.384354 0.870189 0.231293 0.004887
13 0.387755 0.864997 0.231293 0.003054
26 0.387755 0.854612 0.231293 0.003054
0 0.387755 0.847740 0.231293 0.005192
11 0.387755 0.840867 0.231293 0.004887
12 0.387755 0.835980 0.231293 0.003054
14 0.387755 0.825137 0.231293 0.003360
22 0.387755 0.816738 0.231293 0.006720
4 0.387755 0.808186 0.231293 0.004276
5 0.391156 0.798106 0.231293 0.003054
1 0.391156 0.793219 0.231293 0.004276
9 0.391156 0.787874 0.231293 0.003360
5 0.391156 0.784667 0.231293 0.003665
13 0.391156 0.776115 0.231293 0.009163
4 0.391156 0.767715 0.231293 0.005192
18 0.391156 0.760538 0.231293 0.004887
9 0.391156 0.755192 0.231293 0.003971
1 0.391156 0.750305 0.231293 0.003971
9 0.391156 0.745266 0.231293 0.004276
18 0.391156 0.739921 0.231293 0.003971
9 0.391156 0.734728 0.231293 0.004582
5 0.394558 0.728161 0.231293 0.002443
6 0.394558 0.724649 0.231293 0.003360
2 0.394558 0.719151 0.231293 0.005192
12 0.394558 0.711973 0.231293 0.003054
9 0.394558 0.705864 0.231293 0.004887
4 0.394558 0.700519 0.231293 0.003971
5 0.394558 0.695632 0.231293 0.003971
4 0.394558 0.689371 0.231293 0.006720
14 0.394558 0.679597 0.231293 0.004887
22 0.394558 0.671350 0.231293 0.006109
5 0.394558 0.664478 0.231293 0.004582
4 0.397959 0.658674 0.231293 0.006414
9 0.397959 0.650580 0.231293 0.002443
0 0.397959 0.645846 0.231293 0.004582
11 0.397959 0.639279 0.231293 0.004887
12 0.397959 0.630422 0.231293 0.009774
0 0.397959 0.620953 0.231293 0.007330
26 0.397959 0.613012 0.231293 0.007941
25 0.397959 0.602627 0.231293 0.006109
1 0.397959 0.592700 0.231293 0.005803
18 0.401361 0.587966 0.231293 0.004887
26 0.401361 0.579261 0.231293 0.007636
4 0.401361 0.569487 0.231293 0.004582
9 0.401361 0.563684 0.231293 0.003971
14 0.401361 0.558797 0.231293 0.004582
9 0.401361 0.551619 0.231293 0.004887
13 0.401361 0.545052 0.231293 0.007025
5 0.401361 0.536347 0.231293 0.003054
12 0.401361 0.531155 0.231293 0.004887
0 0.404762 0.522908 0.231293 0.007330
9 0.404762 0.513592 0.231293 0.001527
24 0.404762 0.509010 0.231293 0.005192
0 0.404762 0.500458 0.231293 0.005803
4 0.404762 0.492670 0.231293 0.007941
12 0.404762 0.482437 0.231293 0.005192
10 0.404762 0.474801 0.231293 0.006414
5 0.404762 0.466555 0.231293 0.002749
6 0.404762 0.463042 0.231293 0.003054
14 0.404762 0.457850 0.231293 0.004887
21 0.408163 0.448228 0.231293 0.009469
5 0.408163 0.438607 0.231293 0.002443
12 0.408163 0.434026 0.231293 0.004276
0 0.408163 0.426084 0.231293 0.007941
9 0.408163 0.416616 0.231293 0.002443
24 0.408163 0.411729 0.231293 0.006109
0 0.408163 0.403787 0.231293 0.007330
4 0.408163 0.396151 0.231293 0.006720
12 0.408163 0.387752 0.231293 0.003971
10 0.411565 0.380727 0.231293 0.006414
25 0.411565 0.369273 0.231293 0.009163
0 0.411565 0.360110 0.231293 0.007941
24 0.411565 0.351863 0.231293 0.007330
1 0.411565 0.341478 0.231293 0.006109
11 0.411565 0.334759 0.231293 0.006109
12 0.411565 0.326817 0.231293 0.008552
2 0.411565 0.319487 0.231293 0.004276
1 0.411565 0.313836 0.231293 0.004582
12 0.414966 0.307117 0.231293 0.005192
10 0.414966 0.299481 0.231293 0.007636
5 0.414966 0.290165 0.231293 0.003665
4 0.414966 0.285125 0.231293 0.003971
2 0.414966 0.279933 0.231293 0.003971
3 0.414966 0.274588 0.231293 0.004887
26 0.414966 0.265119 0.231293 0.009163
12 0.414966 0.254123 0.231293 0.004276
1 0.414966 0.247251 0.231293 0.005192
16 0.418367 0.240684 0.231293 0.004887
10 0.418367 0.234881 0.231293 0.005498
1 0.418367 0.226023 0.231293 0.004887
9 0.418367 0.220220 0.231293 0.003665
5 0.418367 0.216707 0.231293 0.003360
13 0.418367 0.210751 0.231293 0.006109
4 0.418367 0.201588 0.231293 0.004887
4 0.418367 0.194411 0.231293 0.005192
5 0.418367 0.187691 0.231293 0.004582
0 0.418367 0.181582 0.231293 0.006414
12 0.421769 0.172114 0.231293 0.005192
0 0.421769 0.163561 0.231293 0.005803
14 0.421769 0.156995 0.231293 0.005498
24 0.421769 0.148137 0.231293 0.007941
1 0.421769 0.138210 0.231293 0.004582
18 0.421769 0.131185 0.231293 0.005192
1 0.421769 0.124313 0.231293 0.004887
5 0.421769 0.119273 0.231293 0.003971
24 0.421769 0.113164 0.231293 0.006414
6 0.421769 0.105376 0.231293 0.003054
4 0.425170 0.099267 0.231293 0.006720
18 0.425170 0.090104 0.231293 0.004276
25 0.425170 0.083232 0.231293 0.005803
4 0.425170 0.073152 0.231293 0.008247
9 0.425170 0.065211 0.231293 0.001527
4 0.425170 0.060935 0.231293 0.004582
5 0.425170 0.054368 0.231293 0.004276
4 0.425170 0.049175 0.231293 0.006720
12 0.425170 0.040470 0.231293 0.003971
9 0.428571 0.035583 0.231293 0.003971
1 0.238095 0.975260 0.217687 0.004276
22 0.238095 0.968082 0.217687 0.005803
0 0.238095 0.959377 0.217687 0.006720
26 0.238095 0.950519 0.217687 0.005498
9 0.238095 0.945021 0.217687 0.004887
14 0.238095 0.937233 0.217687 0.003971
14 0.238095 0.928986 0.217687 0.006414
22 0.241497 0.920281 0.217687 0.006720
24 0.241497 0.911423 0.217687 0.006109
9 0.241497 0.904398 0.217687 0.004276
13 0.241497 0.898748 0.217687 0.007025
5 0.241497 0.891723 0.217687 0.002749
4 0.241497 0.886988 0.217687 0.004276
9 0.241497 0.881491 0.217687 0.004276
4 0.241497 0.875382 0.217687 0.006109
12 0.241497 0.867288 0.217687 0.003971
10 0.241497 0.859957 0.217687 0.007025
12 0.241497 0.850641 0.217687 0.004276
0 0.241497 0.842700 0.217687 0.005498
5 0.241497 0.837355 0.217687 0.003971
26 0.241497 0.830483 0.217687 0.007941
18 0.244898 0.820861 0.217687 0.003971
12 0.244898 0.812004 0.217687 0.004582
9 0.244898 0.803299 0.217687 0.002443
3 0.244898 0.798106 0.217687 0.004276
10 0.244898 0.792914 0.217687 0.003054
5 0.244898 0.783445 0.217687 0.001833
12 0.244898 0.778864 0.217687 0.004276
6 0.244898 0.773519 0.217687 0.003971
11 0.244898 0.768479 0.217687 0.004887
24 0.244898 0.761148 0.217687 0.004887
5 0.244898 0.755803 0.217687 0.003971
15 0.244898 0.750611 0.217687 0.004582
1 0.244898 0.742822 0.217687 0.004276
9 0.244898 0.736103 0.217687 0.004276
15 0.244898 0.731979 0.217687 0.004582
18 0.248299 0.723885 0.217687 0.004887
9 0.248299 0.716707 0.217687 0.003971
16 0.248299 0.715333 0.217687 0.002443
9 0.248299 0.711515 0.217687 0.003360
10 0.248299 0.704948 0.217687 0.007330
12 0.248299 0.695480 0.217687 0.003665
14 0.248299 0.689829 0.217687 0.005192
18 0.248299 0.681277 0.217687 0.005803
15 0.248299 0.674404 0.217687 0.005498
26 0.248299 0.665699 0.217687 0.005192
4 0.248299 0.658522 0.217687 0.004887
9 0.248299 0.653177 0.217687 0.003971
4 0.248299 0.646762 0.217687 0.007025
26 0.248299 0.637599 0.217687 0.003971
5 0.251701 0.631949 0.217687 0.004276
24 0.251701 0.626756 0.217687 0.004276
26 0.251701 0.618357 0.217687 0.008858
9 0.251701 0.609041 0.217687 0.001833
4 0.251701 0.603543 0.217687 0.004887
5 0.251701 0.598045 0.217687 0.004276
4 0.251701 0.591784 0.217687 0.006414
1 0.251701 0.582621 0.217687 0.005803
20 0.251701 0.575137 0.217687 0.004887
9 0.251701 0.569640 0.217687 0.003665
10 0.251701 0.564447 0.217687 0.006720
11 0.251701 0.555589 0.217687 0.005498
9 0.251701 0.550397 0.217687 0.002443
1 0.251701 0.542456 0.217687 0.006109
9 0.251701 0.537263 0.217687 0.003054
3 0.255102 0.531765 0.217687 0.006720
7 0.255102 0.520770 0.217687 0.007941
6 0.255102 0.514356 0.217687 0.003665
23 0.255102 0.508552 0.217687 0.006720
4 0.255102 0.501222 0.217687 0.006720
4 0.255102 0.491906 0.217687 0.003971
5 0.255102 0.486408 0.217687 0.003971
22 0.255102 0.481216 0.217687 0.005192
0 0.255102 0.472511 0.217687 0.006109
10 0.255102 0.464569 0.217687 0.007330
9 0.255102 0.455864 0.217687 0.002749
4 0.255102 0.450977 0.217687 0.004582
5 0.255102 0.444105 0.217687 0.004887
4 0.258503 0.437844 0.217687 0.006414
14 0.258503 0.427306 0.217687 0.007941
14 0.258503 0.418754 0.217687 0.007941
22 0.258503 0.409896 0.217687 0.007330
24 0.258503 0.402566 0.217687 0.006109
9 0.258503 0.397068 0.217687 0.002443
13 0.258503 0.392181 0.217687 0.006109
5 0.258503 0.383323 0.217687 0.002443
25 0.258503 0.378283 0.217687 0.005192
14 0.258503 0.369578 0.217687 0.006720
24 0.258503 0.360568 0.217687 0.005803
4 0.258503 0.352627 0.217687 0.008247
0 0.261905 0.342089 0.217687 0.007330
26 0.261905 0.334148 0.217687 0.007330
4 0.261905 0.324068 0.217687 0.004887
5 0.261905 0.318265 0.217687 0.003665
6 0.261905 0.314753 0.217687 0.003971
23 0.261905 0.307728 0.217687 0.005192
4 0.261905 0.300092 0.217687 0.007025
4 0.261905 0.288638 0.217687 0.006720
6 0.261905 0.282834 0.217687 0.003665
0 0.261905 0.276726 0.217687 0.007330
26 0.261905 0.268173 0.217687 0.008552
12 0.261905 0.257941 0.217687 0.003971
14 0.261905 0.251069 0.217687 0.006109
5 0.265306 0.242211 0.217687 0.004887
18 0.265306 0.238699 0.217687 0.003971
3 0.265306 0.231368 0.217687 0.005803
4 0.265306 0.222358 0.217687 0.007941
14 0.265306 0.211973 0.217687 0.007330
9 0.265306 0.205864 0.217687 0.002443
14 0.265306 0.200061 0.217687 0.007941
9 0.265306 0.193952 0.217687 0.003054
13 0.265306 0.188760 0.217687 0.006109
9 0.265306 0.180055 0.217687 0.002749
14 0.265306 0.175321 0.217687 0.004276
9 0.265306 0.169976 0.217687 0.003971
14 0.265306 0.164630 0.217687 0.004887
4 0.265306 0.155773 0.217687 0.007330
