25 0.955892 0.033432 0.019961 0.063314
14 0.923052 0.033432 0.025113 0.063314
18 0.881520 0.034024 0.046362 0.064497
9 0.848680 0.034615 0.009015 0.063314
25 0.830972 0.035207 0.019961 0.063314
24 0.797489 0.035207 0.023825 0.063314
0 0.771410 0.035207 0.019317 0.063314
12 0.736639 0.035799 0.039923 0.064497
9 0.697682 0.037574 0.014810 0.063314
4 0.676755 0.037574 0.016742 0.063314
5 0.657759 0.037574 0.016098 0.063314
4 0.634578 0.038166 0.023825 0.063314
0 0.598841 0.038166 0.020605 0.063314
12 0.570509 0.039349 0.020605 0.063314
4 0.545074 0.039349 0.019961 0.063314
9 0.524791 0.039349 0.014166 0.063314
16 0.511590 0.039349 0.013522 0.063314
5 0.492917 0.040533 0.016098 0.063314
9 0.464585 0.040533 0.013522 0.063314
4 0.444301 0.040533 0.016742 0.063314
5 0.424984 0.041124 0.015454 0.063314
4 0.402769 0.041124 0.022537 0.063314
0 0.367675 0.042308 0.019317 0.063314
5 0.345782 0.042308 0.015454 0.063314
6 0.325821 0.042308 0.018030 0.063314
15 0.304894 0.042899 0.013522 0.063314
5 0.210560 0.043787 0.010303 0.041420
0 0.188989 0.044675 0.018674 0.040828
4 0.164842 0.044675 0.019317 0.040828
1 0.139408 0.044675 0.019961 0.040828
26 0.108822 0.045562 0.028332 0.041420
0 0.067289 0.045562 0.026401 0.041420
26 0.033484 0.046450 0.037347 0.040828
9 0.960077 0.079290 0.011590 0.060355
4 0.938184 0.079882 0.025757 0.060355
5 0.916291 0.079882 0.011590 0.060355
4 0.893432 0.079882 0.032840 0.060355
0 0.864456 0.081065 0.019961 0.060355
12 0.838055 0.081065 0.019961 0.060355
4 0.812621 0.081065 0.020605 0.060355
9 0.787508 0.081953 0.016742 0.060947
10 0.769800 0.081953 0.022537 0.060947
1 0.739858 0.081953 0.021893 0.060947
11 0.713136 0.082840 0.019961 0.060355
12 0.682550 0.082840 0.032196 0.060355
12 0.649388 0.084024 0.019961 0.060355
1 0.619124 0.084024 0.022537 0.060355
1 0.594977 0.084024 0.018030 0.060355
10 0.571797 0.084615 0.027044 0.060355
5 0.537991 0.084615 0.013522 0.060355
1 0.518030 0.085799 0.023825 0.060355
11 0.492917 0.085799 0.023825 0.060355
12 0.463619 0.085799 0.032196 0.060355
16 0.435930 0.086982 0.012878 0.060355
20 0.413715 0.086982 0.019961 0.060355
25 0.387959 0.086982 0.021249 0.060355
10 0.356407 0.087574 0.030264 0.060355
5 0.320992 0.087574 0.013522 0.060355
1 0.301996 0.088757 0.018030 0.060355
11 0.276561 0.088757 0.021249 0.060355
12 0.237605 0.089349 0.043786 0.061538
14 0.200580 0.089645 0.019961 0.060947
0 0.169994 0.089645 0.023181 0.060947
3 0.145203 0.090533 0.018674 0.060355
10 0.115905 0.090533 0.033484 0.060355
5 0.081455 0.091716 0.021249 0.060355
4 0.058918 0.091716 0.017386 0.060355
9 0.033484 0.091716 0.016742 0.060355
5 0.020283 0.092308 0.016098 0.060355
4 0.956536 0.121302 0.014810 0.062722
3 0.937218 0.122189 0.017386 0.062130
1 0.912106 0.122189 0.019961 0.062130
24 0.887315 0.122189 0.018030 0.062130
9 0.868641 0.123373 0.015454 0.062130
13 0.848036 0.123373 0.020605 0.062130
4 0.812621 0.123964 0.019317 0.062130
0 0.787186 0.123964 0.019961 0.062130
12 0.762073 0.123964 0.019961 0.062130
4 0.735673 0.125148 0.025113 0.062130
0 0.700580 0.125148 0.018030 0.062130
25 0.674179 0.126036 0.021893 0.062722
24 0.636832 0.126036 0.032196 0.062722
0 0.599807 0.126923 0.018674 0.062130
16 0.574372 0.126923 0.018030 0.062130
11 0.555699 0.126923 0.015454 0.062130
9 0.538313 0.128107 0.014166 0.062130
14 0.515132 0.128107 0.016742 0.062130
22 0.486156 0.128994 0.023181 0.062722
5 0.461687 0.128994 0.018030 0.062722
10 0.440116 0.128994 0.022537 0.062722
4 0.415325 0.129882 0.020605 0.062130
9 0.392788 0.129882 0.015454 0.062130
5 0.374115 0.129882 0.015454 0.062130
13 0.353509 0.129882 0.020605 0.062130
18 0.316484 0.130769 0.026401 0.062722
12 0.288474 0.131657 0.028332 0.062130
12 0.252415 0.131657 0.016742 0.062130
1 0.223439 0.131657 0.023181 0.062130
1 0.198648 0.132840 0.017386 0.062130
10 0.175145 0.132840 0.027044 0.062130
5 0.141339 0.133728 0.009659 0.062722
25 0.123632 0.133728 0.021893 0.062722
16 0.085641 0.134615 0.020605 0.062130
16 0.073084 0.134615 0.014810 0.062130
26 0.048616 0.134615 0.019961 0.062130
13 0.022859 0.135799 0.025113 0.062130
12 0.956214 0.164497 0.015454 0.056805
1 0.929491 0.165385 0.018674 0.056213
16 0.912750 0.165385 0.014810 0.056213
9 0.895042 0.166272 0.014166 0.056805
10 0.875080 0.166272 0.020605 0.056805
5 0.842563 0.167160 0.013522 0.056213
3 0.822601 0.167160 0.023825 0.056213
1 0.797489 0.167160 0.023825 0.056213
24 0.769156 0.167751 0.030264 0.057396
26 0.741146 0.168343 0.024469 0.056213
1 0.700580 0.169231 0.025757 0.056805
13 0.673213 0.170118 0.026401 0.056213
1 0.633612 0.170118 0.018030 0.056213
25 0.608178 0.171006 0.025113 0.056805
1 0.562782 0.172189 0.028332 0.056805
26 0.534449 0.172189 0.021893 0.056805
10 0.502898 0.173077 0.027044 0.056213
1 0.461365 0.173964 0.019961 0.056805
1 0.433355 0.173964 0.018030 0.056805
9 0.417257 0.173964 0.016742 0.056805
26 0.388925 0.174852 0.020605 0.056213
10 0.360270 0.174852 0.026401 0.056213
5 0.326787 0.175740 0.013522 0.056805
16 0.304572 0.175740 0.019317 0.056805
12 0.276240 0.176923 0.023181 0.056805
11 0.242434 0.177811 0.026401 0.056213
26 0.208628 0.177811 0.023181 0.056213
15 0.178364 0.178402 0.029620 0.057396
16 0.137798 0.178698 0.020605 0.056805
3 0.107212 0.179882 0.025113 0.056805
24 0.067611 0.180769 0.027044 0.056213
15 0.033484 0.181361 0.033484 0.057396
5 0.960721 0.210947 0.010303 0.059763
1 0.943014 0.210947 0.016098 0.059763
25 0.918545 0.210947 0.023825 0.059763
11 0.880554 0.211834 0.025113 0.059172
1 0.856085 0.211834 0.019961 0.059172
10 0.830328 0.211834 0.022537 0.059172
5 0.796845 0.211834 0.008371 0.059172
1 0.780747 0.212722 0.017386 0.059763
23 0.755634 0.212722 0.017386 0.059763
5 0.736961 0.212722 0.016098 0.059763
14 0.718287 0.212722 0.017386 0.059763
10 0.687057 0.213609 0.028332 0.059172
5 0.650354 0.213609 0.009015 0.059172
23 0.630071 0.213609 0.016098 0.059172
25 0.612041 0.214793 0.023825 0.059172
24 0.567289 0.214793 0.027044 0.059172
26 0.543142 0.214793 0.019961 0.059172
13 0.517386 0.215680 0.022537 0.059763
12 0.479717 0.215680 0.020605 0.059763
0 0.448487 0.216568 0.021249 0.059172
5 0.430135 0.216568 0.015454 0.059172
26 0.408886 0.216568 0.023181 0.059172
18 0.367675 0.217751 0.028332 0.059172
12 0.338699 0.217751 0.028332 0.059172
9 0.311655 0.217751 0.010303 0.059172
3 0.298455 0.217751 0.014810 0.059172
10 0.271088 0.218639 0.027044 0.059763
5 0.238249 0.218639 0.011590 0.059763
4 0.215390 0.218639 0.027688 0.059763
9 0.194462 0.218639 0.011590 0.059763
5 0.181262 0.219527 0.013522 0.059172
12 0.153574 0.219527 0.013522 0.059172
8 0.130071 0.219527 0.021893 0.059172
8 0.098519 0.220414 0.024469 0.059763
20 0.066645 0.220414 0.025113 0.059763
26 0.030908 0.221302 0.032196 0.059172
1 0.954926 0.254142 0.021893 0.047929
9 0.937540 0.254142 0.011590 0.047929
15 0.920798 0.254734 0.015454 0.047929
18 0.895042 0.254734 0.016742 0.047929
9 0.872183 0.254734 0.014810 0.047929
16 0.861558 0.254734 0.010303 0.047929
9 0.846426 0.255917 0.013522 0.047929
10 0.824533 0.255917 0.023825 0.047929
5 0.794269 0.257101 0.013522 0.047929
11 0.775596 0.257101 0.022537 0.047929
26 0.750483 0.257101 0.026401 0.047929
1 0.724404 0.257692 0.024469 0.047929
26 0.698326 0.257692 0.026401 0.047929
13 0.671281 0.257692 0.022537 0.047929
18 0.629427 0.258876 0.026401 0.047929
12 0.600451 0.260059 0.030264 0.047929
14 0.572118 0.260059 0.016098 0.047929
5 0.547650 0.260059 0.018674 0.047929
6 0.527688 0.260651 0.014810 0.047929
5 0.511590 0.260651 0.013522 0.047929
26 0.490341 0.260651 0.022537 0.047929
1 0.456536 0.261834 0.021893 0.047929
9 0.437540 0.261834 0.009659 0.047929
26 0.418867 0.261834 0.026401 0.047929
10 0.394076 0.262426 0.021893 0.047929
5 0.367032 0.262426 0.020605 0.047929
1 0.346748 0.262426 0.013522 0.047929
25 0.327109 0.263609 0.021893 0.047929
18 0.287830 0.263609 0.027044 0.047929
24 0.257566 0.264793 0.020605 0.047929
9 0.237283 0.264793 0.016098 0.047929
10 0.218609 0.265385 0.019961 0.047929
5 0.838055 0.297929 0.013522 0.047929
4 0.817128 0.297929 0.021893 0.047929
9 0.799742 0.297929 0.011590 0.047929
4 0.780747 0.299112 0.023825 0.047929
0 0.743078 0.299112 0.028332 0.047929
13 0.716355 0.299112 0.023825 0.047929
25 0.676433 0.300296 0.019961 0.047929
14 0.640052 0.300296 0.025757 0.047929
18 0.607856 0.300888 0.032196 0.047929
26 0.566001 0.300888 0.015454 0.047929
25 0.540567 0.300888 0.025113 0.047929
14 0.499034 0.302071 0.025757 0.047929
18 0.474243 0.302071 0.019961 0.047929
5 0.449453 0.302071 0.016742 0.047929
0 0.417579 0.302663 0.019961 0.047929
12 0.385061 0.302663 0.033484 0.047929
14 0.348358 0.303846 0.020605 0.047929
22 0.314231 0.303846 0.021893 0.047929
5 0.293947 0.303846 0.018674 0.047929
26 0.264971 0.305030 0.021249 0.047929
9 0.237605 0.305030 0.027044 0.047929
0 0.200258 0.305030 0.020605 0.047929
25 0.169028 0.305621 0.025113 0.047929
24 0.125885 0.305621 0.040567 0.047929
0 0.079845 0.306805 0.028332 0.047929
16 0.057630 0.306805 0.013522 0.047929
11 0.038313 0.306805 0.023825 0.047929
9 0.020605 0.307988 0.011590 0.047929
14 0.960399 0.336095 0.019961 0.048521
22 0.929491 0.336095 0.022537 0.048521
5 0.903413 0.336982 0.019317 0.049112
4 0.879910 0.336982 0.023825 0.049112
0 0.844173 0.337278 0.033484 0.049704
26 0.812943 0.337870 0.023825 0.048521
11 0.788152 0.338757 0.021893 0.049112
13 0.764327 0.338757 0.021893 0.049112
4 0.726980 0.339941 0.010303 0.049112
9 0.706053 0.339941 0.014810 0.049112
5 0.689955 0.340828 0.013522 0.048521
13 0.674823 0.340828 0.010303 0.048521
12 0.640052 0.341716 0.024469 0.049112
0 0.606568 0.341716 0.021893 0.049112
4 0.581133 0.342604 0.021249 0.048521
1 0.554411 0.342604 0.019317 0.048521
4 0.521571 0.343195 0.037347 0.049704
0 0.488088 0.343491 0.020605 0.049112
26 0.453638 0.344083 0.031552 0.050296
9 0.418867 0.344675 0.013522 0.049112
4 0.396008 0.344970 0.032196 0.049704
5 0.370895 0.345562 0.011590 0.048521
4 0.351900 0.346450 0.023825 0.049112
0 0.312299 0.346450 0.025757 0.049112
12 0.278493 0.347633 0.022537 0.049112
4 0.252415 0.347633 0.019317 0.049112
9 0.232453 0.348521 0.016742 0.048521
11 0.211204 0.348521 0.018030 0.048521
13 0.184482 0.349408 0.025113 0.049112
5 0.150676 0.349408 0.009015 0.049112
12 0.127495 0.350296 0.021893 0.048521
18 0.096265 0.350296 0.023825 0.048521
1 0.065679 0.351183 0.020605 0.049112
3 0.044430 0.351183 0.018030 0.049112
5 0.023181 0.352367 0.016742 0.049112
1 0.959433 0.381657 0.021893 0.049704
11 0.934321 0.382544 0.021893 0.050296
12 0.905988 0.382249 0.028332 0.050888
12 0.872827 0.383432 0.019961 0.049704
1 0.845460 0.383432 0.019317 0.049704
1 0.820026 0.384615 0.021249 0.049704
11 0.793303 0.384615 0.019317 0.049704
13 0.766581 0.385207 0.025113 0.049704
5 0.732775 0.385207 0.011590 0.049704
1 0.715390 0.386391 0.021893 0.049704
11 0.690277 0.386391 0.021893 0.049704
12 0.659047 0.386982 0.030264 0.050888
16 0.626851 0.388166 0.014810 0.049704
20 0.607212 0.388166 0.014166 0.049704
25 0.586285 0.388166 0.022537 0.049704
11 0.544108 0.389349 0.025757 0.049704
13 0.518030 0.389941 0.023825 0.049704
5 0.484546 0.389941 0.010947 0.049704
16 0.468770 0.391124 0.018030 0.049704
26 0.444945 0.390533 0.028332 0.050888
26 0.417579 0.392012 0.023825 0.050296
9 0.394720 0.392012 0.011590 0.050296
14 0.368641 0.392899 0.017386 0.049704
8 0.341919 0.392899 0.021893 0.049704
24 0.305216 0.393491 0.032196 0.050888
0 0.261751 0.394970 0.022537 0.050296
24 0.231809 0.394970 0.021893 0.050296
22 0.201223 0.395858 0.022537 0.049704
11 0.174823 0.397041 0.019961 0.049704
13 0.147457 0.397041 0.025757 0.049704
1 0.109144 0.397633 0.023825 0.049704
18 0.079845 0.398225 0.032196 0.050888
26 0.046362 0.398225 0.032196 0.050888
5 0.022537 0.399704 0.011590 0.050296
9 0.970058 0.423669 0.008371 0.059172
5 0.958789 0.424556 0.012878 0.059763
24 0.941404 0.424556 0.018030 0.059763
4 0.910174 0.425148 0.027688 0.060947
5 0.880876 0.425740 0.009015 0.059763
14 0.863168 0.426627 0.017386 0.059172
12 0.832582 0.426627 0.023181 0.059172
23 0.802962 0.427515 0.021893 0.059763
5 0.778815 0.427515 0.017386 0.059763
25 0.759820 0.428402 0.011590 0.059172
5 0.711848 0.429586 0.009659 0.059172
0 0.693818 0.429586 0.018674 0.059172
17 0.663554 0.430473 0.021249 0.059763
20 0.640052 0.430473 0.021893 0.059763
26 0.609144 0.431361 0.016742 0.059172
3 0.567933 0.432249 0.024469 0.059763
2 0.537669 0.432249 0.018030 0.059763
16 0.525113 0.432249 0.013522 0.059763
10 0.498390 0.432544 0.027044 0.060355
5 0.466838 0.434320 0.021893 0.059172
26 0.440760 0.434320 0.017386 0.059172
9 0.422408 0.434320 0.016742 0.059172
24 0.398583 0.435207 0.020605 0.059763
25 0.368641 0.436095 0.023825 0.059172
10 0.330006 0.436686 0.036703 0.060355
5 0.290084 0.437278 0.008371 0.059172
9 0.277527 0.437278 0.014166 0.059172
22 0.254024 0.438166 0.019961 0.059763
4 0.223760 0.438462 0.026401 0.060355
24 0.186735 0.439053 0.024469 0.059172
10 0.154218 0.439645 0.031552 0.060355
5 0.115905 0.440828 0.010303 0.059172
16 0.102061 0.440828 0.014810 0.059172
7 0.078236 0.440828 0.021249 0.059172
26 0.048294 0.442012 0.021893 0.059172
9 0.024147 0.442899 0.018674 0.059763
18 0.967804 0.466864 0.016742 0.057988
25 0.939794 0.466864 0.025113 0.057988
1 0.899227 0.467160 0.035415 0.058580
1 0.867354 0.468935 0.018030 0.057396
25 0.842563 0.468935 0.023825 0.057396
3 0.801352 0.469527 0.025113 0.057396
10 0.773664 0.469231 0.030264 0.057988
12 0.741146 0.470710 0.028332 0.057396
1 0.707341 0.470710 0.021249 0.057396
4 0.684804 0.471598 0.019961 0.057988
14 0.655184 0.471598 0.022537 0.057988
26 0.625885 0.472485 0.020605 0.057396
10 0.599485 0.472485 0.028332 0.057396
5 0.562460 0.473669 0.014810 0.057396
0 0.539279 0.473669 0.018674 0.057396
11 0.516420 0.474556 0.019317 0.057988
12 0.492273 0.474556 0.021249 0.057988
26 0.454604 0.474852 0.038635 0.058580
5 0.416935 0.476627 0.009659 0.057396
25 0.399871 0.476627 0.021893 0.057396
1 0.358983 0.477219 0.025113 0.057396
18 0.335802 0.477219 0.021249 0.057396
26 0.301674 0.477811 0.028976 0.058580
4 0.259498 0.478402 0.010303 0.057396
25 0.236961 0.479290 0.023181 0.057988
14 0.196716 0.480178 0.027688 0.057396
24 0.161301 0.480178 0.026401 0.057396
5 0.132968 0.481361 0.016098 0.057396
12 0.092080 0.481361 0.016742 0.057396
11 0.051513 0.481953 0.025757 0.057396
13 0.028654 0.483136 0.013522 0.057396
20 0.969092 0.510059 0.019317 0.052071
15 0.941726 0.510059 0.025113 0.052071
9 0.910496 0.510947 0.010303 0.051479
20 0.890856 0.510947 0.018674 0.051479
26 0.863812 0.510947 0.022537 0.051479
4 0.821958 0.511538 0.039279 0.052663
12 0.777849 0.512722 0.021893 0.051479
1 0.745010 0.512722 0.023181 0.051479
1 0.717643 0.513905 0.021249 0.051479
11 0.690599 0.513905 0.021249 0.051479
13 0.662267 0.513905 0.025113 0.051479
5 0.630071 0.514793 0.012234 0.052071
17 0.609466 0.514793 0.018674 0.052071
24 0.582099 0.514793 0.023181 0.052071
26 0.549903 0.515680 0.023181 0.051479
13 0.519961 0.515680 0.027688 0.051479
5 0.484868 0.516568 0.010303 0.052071
18 0.468448 0.516568 0.018674 0.052071
1 0.435930 0.517751 0.020605 0.052071
3 0.414037 0.517751 0.020605 0.052071
26 0.381842 0.517751 0.023181 0.052071
13 0.352865 0.518639 0.027044 0.051479
0 0.318416 0.518639 0.035415 0.051479
12 0.278493 0.519527 0.025113 0.052071
4 0.245976 0.519527 0.021893 0.052071
9 0.224082 0.520414 0.016742 0.051479
13 0.200258 0.520414 0.023181 0.051479
0 0.160657 0.520414 0.021249 0.051479
9 0.132003 0.521598 0.018030 0.051479
5 0.115261 0.521598 0.015454 0.051479
24 0.088216 0.522485 0.025757 0.052071
9 0.046040 0.522485 0.025113 0.052071
13 0.021249 0.523373 0.025757 0.051479
5 0.971990 0.553550 0.013522 0.052663
4 0.951062 0.553550 0.015454 0.052663
25 0.929491 0.554142 0.025113 0.053846
26 0.885705 0.555030 0.022537 0.053254
7 0.870251 0.555325 0.018674 0.052663
5 0.837090 0.556509 0.019317 0.052663
9 0.820348 0.557692 0.015454 0.052663
26 0.799099 0.557692 0.016742 0.052663
13 0.774952 0.557988 0.025113 0.053254
12 0.735995 0.559467 0.021893 0.052663
4 0.707341 0.559467 0.021249 0.052663
13 0.679008 0.559763 0.025113 0.053254
5 0.644237 0.561243 0.013522 0.052663
7 0.621056 0.560651 0.030264 0.053846
24 0.586929 0.561834 0.036703 0.053846
4 0.550225 0.562722 0.030264 0.053254
0 0.503542 0.563609 0.028332 0.053846
19 0.476175 0.564793 0.023825 0.053846
9 0.442048 0.565976 0.013522 0.052663
4 0.419833 0.565976 0.018030 0.052663
5 0.399227 0.567160 0.015454 0.052663
4 0.378300 0.566568 0.023825 0.053846
1 0.334192 0.567456 0.032196 0.053254
11 0.304894 0.568343 0.023825 0.053846
13 0.276883 0.569527 0.025757 0.053846
5 0.237283 0.570118 0.013522 0.052663
18 0.212170 0.570414 0.030264 0.053254
22 0.181262 0.571302 0.030264 0.053846
24 0.142305 0.572485 0.045074 0.053846
0 0.085319 0.573077 0.030264 0.053846
26 0.042176 0.575148 0.050869 0.053254
4 0.971024 0.595266 0.020605 0.055621
25 0.944945 0.594675 0.025113 0.056805
14 0.904701 0.595858 0.027044 0.056805
9 0.880876 0.597041 0.018030 0.055621
13 0.855763 0.597633 0.032196 0.056805
5 0.829363 0.598225 0.012878 0.055621
12 0.811655 0.599408 0.018674 0.055621
0 0.780103 0.599704 0.031552 0.056213
9 0.745976 0.600000 0.012234 0.055621
4 0.726014 0.600592 0.027688 0.056805
9 0.706053 0.601183 0.012234 0.055621
4 0.685448 0.601479 0.028976 0.056213
14 0.649066 0.602959 0.021893 0.055621
8 0.619124 0.603550 0.023825 0.056805
24 0.580489 0.604438 0.040567 0.056213
5 0.539601 0.605917 0.016742 0.055621
4 0.518674 0.605325 0.025113 0.056805
0 0.491307 0.606213 0.029620 0.056213
3 0.458789 0.607396 0.035415 0.056213
14 0.427560 0.607396 0.027044 0.056213
4 0.400515 0.608284 0.023181 0.056805
12 0.365744 0.609467 0.021893 0.055621
0 0.332260 0.610059 0.032196 0.056805
26 0.292659 0.611243 0.034127 0.056805
26 0.252737 0.612130 0.023825 0.056213
15 0.223117 0.613018 0.035415 0.056805
0 0.184804 0.613905 0.033484 0.056213
26 0.153252 0.613905 0.029620 0.056213
9 0.119124 0.615385 0.010303 0.055621
1 0.102061 0.616568 0.018674 0.055621
5 0.077592 0.616568 0.017386 0.055621
12 0.061172 0.617160 0.018030 0.055621
4 0.030908 0.617751 0.032196 0.056805
5 0.977141 0.650000 0.013522 0.059763
0 0.958467 0.650000 0.018674 0.059763
1 0.933677 0.650888 0.020605 0.059172
3 0.908564 0.651775 0.020605 0.059763
26 0.883451 0.651775 0.020605 0.059763
13 0.857051 0.652071 0.025757 0.060355
14 0.821958 0.653254 0.035415 0.060355
4 0.790728 0.654438 0.023181 0.060355
24 0.766581 0.654438 0.025113 0.060355
4 0.737605 0.655030 0.028976 0.060355
14 0.703155 0.656805 0.014166 0.059172
18 0.671281 0.657396 0.023825 0.060355
12 0.646169 0.657692 0.016098 0.059763
4 0.609144 0.658580 0.014166 0.059172
0 0.577914 0.659172 0.025113 0.060355
24 0.546040 0.659763 0.024469 0.060355
21 0.520927 0.660355 0.015454 0.059172
4 0.477785 0.661538 0.012878 0.059172
8 0.452672 0.662130 0.023181 0.060355
1 0.420798 0.662722 0.023825 0.060355
4 0.396008 0.663314 0.015454 0.059172
0 0.359305 0.664201 0.021893 0.059763
25 0.327109 0.664793 0.025757 0.060947
24 0.291372 0.665680 0.030264 0.060355
9 0.257566 0.667160 0.012878 0.059763
4 0.237605 0.666864 0.027044 0.060355
5 0.216999 0.668047 0.014166 0.059172
4 0.198326 0.667456 0.023181 0.060355
16 0.165808 0.669231 0.012234 0.059172
26 0.140373 0.670118 0.021893 0.059763
15 0.115261 0.670118 0.015454 0.059763
12 0.078236 0.671006 0.014810 0.059172
11 0.046362 0.671598 0.024469 0.060355
13 0.022537 0.672781 0.015454 0.059172
5 0.980039 0.686982 0.011590 0.056805
25 0.963941 0.686391 0.020605 0.057988
14 0.927882 0.687278 0.025757 0.057396
26 0.899227 0.688462 0.022537 0.057396
13 0.865744 0.689053 0.035415 0.057396
0 0.836124 0.690533 0.019961 0.056805
26 0.805860 0.691124 0.027688 0.057988
3 0.768835 0.692012 0.024469 0.057396
1 0.744044 0.693195 0.025113 0.057396
24 0.717965 0.693195 0.027044 0.057396
9 0.698004 0.694675 0.012878 0.056805
0 0.663876 0.694970 0.021893 0.057396
12 0.638442 0.694970 0.021249 0.057396
4 0.608178 0.696154 0.028976 0.057396
18 0.574372 0.697337 0.018030 0.056213
12 0.544108 0.697929 0.034771 0.057396
12 0.513200 0.698817 0.023181 0.057988
1 0.487122 0.700296 0.018674 0.056213
1 0.463619 0.699704 0.021893 0.057396
11 0.434643 0.700888 0.021893 0.057396
13 0.408886 0.701479 0.027044 0.057396
5 0.375724 0.703254 0.014810 0.056213
18 0.353831 0.702663 0.028976 0.057396
12 0.323567 0.703846 0.031552 0.057396
16 0.295235 0.705030 0.012234 0.056213
20 0.272054 0.705917 0.018674 0.056805
25 0.249195 0.705621 0.023181 0.057396
11 0.214102 0.706509 0.025113 0.057988
13 0.190921 0.707988 0.014810 0.056213
5 0.155184 0.708876 0.010303 0.056805
23 0.138442 0.708876 0.015454 0.056805
25 0.114939 0.709172 0.025113 0.057396
24 0.073406 0.710355 0.025757 0.057396
26 0.050869 0.711243 0.021893 0.057988
13 0.023181 0.712722 0.016742 0.056213
0 0.976497 0.731953 0.022537 0.056805
26 0.945911 0.732840 0.021893 0.056213
13 0.919189 0.733728 0.028976 0.056805
12 0.881520 0.734911 0.020605 0.056805
0 0.851900 0.735799 0.021893 0.056213
5 0.829363 0.737278 0.019317 0.055621
26 0.802318 0.737574 0.029620 0.056213
18 0.774630 0.737870 0.018030 0.055621
12 0.738892 0.739645 0.036703 0.056805
9 0.706053 0.740237 0.012234 0.055621
3 0.687379 0.740533 0.025113 0.056213
11 0.662267 0.741420 0.025113 0.056805
13 0.637154 0.741420 0.025113 0.056805
5 0.606568 0.743195 0.011590 0.055621
4 0.589826 0.743787 0.018030 0.055621
9 0.566645 0.743787 0.016742 0.055621
5 0.553445 0.744970 0.016098 0.055621
12 0.527366 0.745266 0.019317 0.056213
8 0.502898 0.745266 0.020605 0.056213
5 0.478429 0.746746 0.018030 0.055621
8 0.461687 0.746746 0.018030 0.055621
20 0.437540 0.747337 0.019961 0.056805
26 0.411462 0.748225 0.028332 0.056213
1 0.376046 0.749704 0.018030 0.055621
9 0.356085 0.749704 0.015454 0.055621
15 0.337733 0.750592 0.018674 0.055030
18 0.309723 0.751479 0.016742 0.055621
9 0.286864 0.752663 0.018674 0.055621
16 0.269156 0.752663 0.014166 0.055621
9 0.257566 0.752663 0.012878 0.055621
11 0.239858 0.753254 0.018674 0.055621
13 0.210560 0.753846 0.027044 0.056805
5 0.175145 0.755621 0.010303 0.055621
12 0.158725 0.755621 0.018674 0.055621
14 0.129427 0.755917 0.023181 0.056213
3 0.100129 0.756805 0.027688 0.056805
26 0.059562 0.757692 0.028976 0.056213
13 0.024469 0.759763 0.032196 0.056805
0 0.973599 0.772189 0.032196 0.062722
26 0.944945 0.773077 0.025113 0.062130
13 0.919833 0.774260 0.025113 0.062130
0 0.878300 0.776331 0.014166 0.061538
26 0.852865 0.777515 0.016098 0.061538
1 0.820992 0.778402 0.014166 0.060947
16 0.794269 0.778994 0.017386 0.062130
9 0.780747 0.779290 0.013522 0.061538
11 0.762073 0.779882 0.019961 0.062722
13 0.735995 0.781361 0.015454 0.060947
12 0.692853 0.782544 0.023181 0.062130
3 0.659691 0.783728 0.023825 0.062130
1 0.634256 0.784615 0.023181 0.062722
24 0.598519 0.785503 0.035415 0.062130
1 0.555055 0.787574 0.027044 0.062722
13 0.528010 0.788462 0.027044 0.062130
1 0.491951 0.789349 0.028332 0.062722
25 0.460077 0.790237 0.027688 0.062130
1 0.414037 0.792308 0.030908 0.062722
26 0.381842 0.793195 0.023181 0.062130
10 0.352543 0.794379 0.031552 0.062130
1 0.318094 0.794970 0.020605 0.062130
1 0.291693 0.796154 0.021893 0.062130
9 0.265615 0.797041 0.019961 0.062722
26 0.245654 0.797929 0.019961 0.062130
10 0.212814 0.799112 0.031552 0.062130
5 0.175467 0.801479 0.014810 0.060947
1 0.156471 0.800888 0.019317 0.062130
12 0.130393 0.802071 0.022537 0.062130
11 0.097553 0.803846 0.027688 0.062130
26 0.059240 0.804734 0.027044 0.062722
10 0.024469 0.806805 0.036059 0.062130
1 0.980683 0.827811 0.020605 0.056805
3 0.949775 0.828107 0.024469 0.057396
24 0.918867 0.829586 0.020605 0.056805
10 0.891822 0.829290 0.029620 0.057396
5 0.855763 0.830769 0.011590 0.056805
1 0.834514 0.831657 0.019317 0.056213
25 0.810689 0.831065 0.023181 0.057396
11 0.774630 0.832249 0.024469 0.057396
1 0.749839 0.833432 0.018674 0.056213
10 0.721829 0.832840 0.030908 0.057396
5 0.685769 0.834320 0.018030 0.056805
1 0.665808 0.834320 0.016742 0.056805
23 0.641983 0.835503 0.018030 0.056805
5 0.623632 0.835503 0.014810 0.056805
14 0.605602 0.836391 0.017386 0.056213
10 0.572118 0.836982 0.032840 0.057396
5 0.533484 0.837278 0.013522 0.056805
11 0.514810 0.838462 0.022537 0.056805
26 0.483580 0.838757 0.034771 0.057396
1 0.453316 0.838757 0.024469 0.057396
26 0.415969 0.840533 0.048938 0.057396
13 0.371861 0.840533 0.032840 0.057396
18 0.334192 0.841716 0.032196 0.057396
12 0.297811 0.842604 0.037991 0.057988
14 0.262395 0.844083 0.017386 0.056213
6 0.238249 0.844083 0.018030 0.056213
5 0.219575 0.844970 0.015454 0.056805
6 0.201867 0.844970 0.016098 0.056805
5 0.182550 0.845858 0.016098 0.056213
26 0.153252 0.846450 0.033484 0.057396
1 0.112041 0.847041 0.018030 0.056213
9 0.086607 0.847929 0.021249 0.056805
26 0.056343 0.848225 0.022537 0.057396
10 0.024469 0.849408 0.032196 0.057396
5 0.986800 0.871302 0.010947 0.060947
1 0.973278 0.872189 0.014810 0.061538
25 0.947521 0.871893 0.023825 0.062130
18 0.909208 0.872781 0.028332 0.062722
24 0.876368 0.874260 0.020605 0.060947
9 0.858017 0.874260 0.016098 0.060947
10 0.835480 0.875148 0.022537 0.061538
12 0.802640 0.874852 0.023825 0.062130
14 0.773664 0.876331 0.019961 0.061538
18 0.748551 0.877219 0.019961 0.060947
15 0.719575 0.876627 0.030264 0.062130
9 0.696394 0.878107 0.009659 0.061538
24 0.677399 0.878107 0.018030 0.061538
1 0.651320 0.878994 0.019961 0.060947
5 0.631037 0.878994 0.012878 0.060947
9 0.605602 0.879882 0.010947 0.061538
14 0.580489 0.879882 0.019961 0.061538
9 0.554411 0.881065 0.018030 0.061538
11 0.534127 0.881065 0.018674 0.061538
13 0.509015 0.881953 0.014810 0.060947
5 0.476175 0.881953 0.009659 0.060947
9 0.463297 0.882840 0.012234 0.061538
14 0.444623 0.882840 0.018674 0.061538
9 0.418223 0.884024 0.014810 0.061538
1 0.380232 0.884615 0.010947 0.061538
16 0.360270 0.884615 0.013522 0.061538
9 0.347392 0.884615 0.012234 0.061538
11 0.327431 0.885799 0.018674 0.061538
13 0.302318 0.885799 0.014810 0.061538
18 0.264649 0.886686 0.015454 0.060947
12 0.232131 0.887574 0.017386 0.061538
4 0.179974 0.888757 0.016098 0.061538
0 0.141339 0.889053 0.026401 0.062130
3 0.108822 0.890237 0.028332 0.062130
14 0.064392 0.890828 0.032196 0.062130
4 0.025435 0.892308 0.019961 0.061538
0 0.983902 0.913609 0.020605 0.055621
25 0.954604 0.914793 0.025113 0.055621
24 0.919833 0.915385 0.030264 0.055621
16 0.884739 0.916864 0.010303 0.055030
25 0.866066 0.917160 0.021893 0.055621
1 0.826143 0.918343 0.029620 0.055621
18 0.797167 0.919822 0.016742 0.055030
9 0.764971 0.919822 0.011590 0.055030
4 0.744366 0.920710 0.019317 0.054438
5 0.721185 0.921893 0.018030 0.054438
4 0.700901 0.921302 0.022537 0.055621
12 0.668384 0.922189 0.021893 0.055030
0 0.633612 0.923077 0.025757 0.055621
1 0.604314 0.924260 0.023825 0.055621
26 0.575016 0.924852 0.021893 0.055621
9 0.552157 0.925444 0.019961 0.054438
11 0.529942 0.926627 0.019317 0.054438
13 0.504507 0.927219 0.026401 0.055621
12 0.444301 0.928402 0.060528 0.056805
26 0.399549 0.929586 0.028976 0.055621
26 0.377656 0.930178 0.010947 0.054438
12 0.358339 0.931361 0.019961 0.054438
4 0.326787 0.931953 0.025113 0.055621
13 0.296845 0.932544 0.028332 0.055621
11 0.252415 0.933728 0.027044 0.055621
9 0.231487 0.934320 0.014810 0.054438
14 0.208628 0.934911 0.030908 0.055621
9 0.186735 0.936095 0.012878 0.054438
4 0.141017 0.936686 0.037347 0.055621
25 0.100451 0.937278 0.043786 0.055621
14 0.064713 0.938462 0.031552 0.055621
9 0.039601 0.939941 0.014810 0.055030
17 0.018352 0.940237 0.026401 0.055621
18 0.981326 0.958580 0.028332 0.055621
12 0.950419 0.960355 0.037347 0.055621
4 0.909852 0.963314 0.027044 0.055621
0 0.878622 0.965089 0.035415 0.055621
24 0.848036 0.967456 0.029620 0.055621
21 0.815518 0.969231 0.035415 0.055621
