25 0.943278 0.194514 0.038306 0.284289
14 0.922836 0.193267 0.001105 0.281796
18 0.909761 0.192020 0.025046 0.284289
9 0.888029 0.190773 0.002210 0.281796
25 0.878637 0.190773 0.012155 0.281796
24 0.858011 0.187032 0.015838 0.279302
0 0.837753 0.187032 0.013628 0.279302
12 0.818048 0.184539 0.021363 0.279302
9 0.797606 0.184539 0.006262 0.279302
4 0.784162 0.182045 0.019890 0.279302
5 0.769613 0.182045 0.006998 0.279302
4 0.758379 0.182045 0.013996 0.279302
0 0.734991 0.179551 0.012155 0.279302
12 0.715654 0.179551 0.014733 0.279302
4 0.698895 0.179551 0.012155 0.279302
9 0.686924 0.177057 0.008840 0.279302
16 0.678453 0.177057 0.007366 0.279302
5 0.669429 0.177057 0.009945 0.279302
9 0.652486 0.177057 0.004788 0.279302
4 0.642173 0.174564 0.011418 0.279302
5 0.625783 0.174564 0.010313 0.279302
4 0.614549 0.174564 0.013628 0.279302
0 0.593554 0.172070 0.008471 0.279302
5 0.576796 0.172070 0.009576 0.279302
6 0.568324 0.172070 0.011050 0.279302
24 0.548435 0.168329 0.011050 0.281796
5 0.507366 0.168329 0.006262 0.281796
0 0.495396 0.165835 0.012523 0.281796
4 0.474770 0.165835 0.012523 0.281796
1 0.462799 0.165835 0.011418 0.281796
26 0.446593 0.163342 0.009208 0.281796
0 0.416022 0.160848 0.019521 0.281796
26 0.397238 0.160848 0.017311 0.281796
9 0.373481 0.160848 0.008103 0.281796
4 0.358748 0.158354 0.019153 0.281796
5 0.344936 0.158354 0.007735 0.281796
4 0.333333 0.158354 0.013996 0.281796
0 0.311602 0.155860 0.011786 0.281796
12 0.292081 0.155860 0.014733 0.281796
4 0.275322 0.153367 0.012155 0.281796
9 0.262983 0.153367 0.009576 0.281796
10 0.248803 0.153367 0.015838 0.281796
1 0.218600 0.150873 0.018048 0.281796
11 0.200921 0.150873 0.015101 0.281796
12 0.179006 0.149626 0.025046 0.284289
12 0.152855 0.148379 0.012523 0.281796
1 0.132781 0.145885 0.014365 0.281796
1 0.116943 0.145885 0.012155 0.281796
10 0.098895 0.143392 0.017311 0.281796
5 0.071823 0.143392 0.008840 0.281796
1 0.056906 0.140898 0.018048 0.281796
11 0.038490 0.140898 0.018048 0.281796
12 0.015838 0.142145 0.025046 0.284289
16 0.958748 0.427681 0.006630 0.256858
20 0.948803 0.425187 0.009576 0.256858
25 0.933886 0.425187 0.013628 0.256858
10 0.909945 0.422693 0.018785 0.256858
5 0.885267 0.422693 0.006262 0.256858
1 0.873112 0.420200 0.015838 0.256858
11 0.857643 0.420200 0.012891 0.256858
12 0.837569 0.421446 0.022099 0.259352
14 0.814917 0.417706 0.012155 0.256858
0 0.794107 0.417706 0.015470 0.256858
3 0.775506 0.415212 0.014365 0.256858
10 0.754696 0.415212 0.016206 0.256858
5 0.730755 0.412718 0.008103 0.256858
4 0.714733 0.412718 0.018785 0.256858
9 0.700921 0.410224 0.006630 0.256858
5 0.692449 0.410224 0.008103 0.256858
4 0.667587 0.407731 0.017311 0.256858
3 0.646961 0.407731 0.018785 0.256858
1 0.629282 0.405237 0.014365 0.256858
24 0.613076 0.405237 0.015838 0.256858
9 0.599263 0.405237 0.006630 0.256858
13 0.586188 0.402743 0.014365 0.256858
4 0.562431 0.402743 0.012523 0.256858
0 0.543462 0.400249 0.013628 0.256858
12 0.525599 0.400249 0.013996 0.256858
4 0.502947 0.396509 0.019521 0.259352
0 0.477164 0.396509 0.017311 0.259352
25 0.454880 0.395262 0.025046 0.261845
24 0.434070 0.394015 0.014365 0.259352
0 0.409392 0.391521 0.017311 0.259352
16 0.394107 0.391521 0.011050 0.259352
11 0.380295 0.389027 0.014365 0.259352
9 0.366483 0.389027 0.008103 0.259352
14 0.347145 0.386534 0.018785 0.259352
22 0.325783 0.386534 0.018785 0.259352
5 0.311971 0.386534 0.006630 0.259352
10 0.299632 0.384040 0.015838 0.259352
4 0.272376 0.384040 0.010681 0.259352
9 0.260221 0.381546 0.009208 0.259352
5 0.249355 0.381546 0.008840 0.259352
13 0.235912 0.381546 0.014365 0.259352
18 0.207182 0.377805 0.018785 0.256858
12 0.186924 0.377805 0.018785 0.256858
12 0.165193 0.375312 0.010681 0.256858
1 0.149724 0.375312 0.012891 0.256858
1 0.131676 0.372818 0.012891 0.256858
10 0.116022 0.372818 0.014733 0.256858
5 0.097790 0.372818 0.006262 0.256858
25 0.083425 0.370324 0.013628 0.256858
16 0.061142 0.370324 0.013260 0.256858
16 0.050460 0.367830 0.009576 0.256858
26 0.035727 0.367830 0.013260 0.256858
13 0.017311 0.367830 0.010313 0.256858
12 0.953223 0.602244 0.013996 0.261845
1 0.930939 0.599751 0.013628 0.261845
16 0.919521 0.599751 0.009208 0.261845
9 0.907919 0.599751 0.008840 0.261845
10 0.895028 0.599751 0.013260 0.261845
5 0.873112 0.599751 0.006262 0.261845
3 0.862431 0.599751 0.009945 0.261845
1 0.846961 0.599751 0.011418 0.261845
24 0.831492 0.597257 0.011418 0.261845
26 0.815654 0.597257 0.014365 0.261845
1 0.790792 0.597257 0.016943 0.261845
13 0.773112 0.597257 0.015470 0.261845
1 0.746593 0.597257 0.006630 0.261845
25 0.731492 0.594763 0.013260 0.261845
1 0.709024 0.594763 0.015470 0.261845
26 0.689687 0.594763 0.013628 0.261845
10 0.674217 0.594763 0.008471 0.261845
1 0.647145 0.594763 0.012523 0.261845
1 0.628177 0.592269 0.012155 0.261845
9 0.616759 0.592269 0.009945 0.261845
26 0.601473 0.592269 0.012523 0.261845
10 0.581952 0.592269 0.016943 0.261845
5 0.558195 0.592269 0.004788 0.261845
1 0.547330 0.592269 0.011050 0.261845
12 0.528729 0.589776 0.014365 0.261845
11 0.509576 0.589776 0.012891 0.261845
26 0.494291 0.589776 0.012523 0.261845
10 0.475322 0.589776 0.015838 0.261845
1 0.448619 0.589776 0.012523 0.261845
3 0.428913 0.587282 0.015101 0.261845
24 0.405709 0.587282 0.015101 0.261845
10 0.387477 0.587282 0.015470 0.261845
5 0.362063 0.587282 0.006630 0.261845
1 0.348250 0.587282 0.010681 0.261845
25 0.332781 0.587282 0.015101 0.261845
11 0.306446 0.584788 0.016206 0.261845
1 0.290608 0.584788 0.011050 0.261845
10 0.274033 0.584788 0.016206 0.261845
5 0.246593 0.584788 0.006998 0.261845
1 0.233333 0.584788 0.011418 0.261845
23 0.218048 0.582294 0.011786 0.261845
5 0.202762 0.582294 0.009945 0.261845
14 0.191344 0.582294 0.011418 0.261845
10 0.168877 0.582294 0.018048 0.261845
5 0.140884 0.582294 0.006262 0.261845
23 0.129466 0.582294 0.010681 0.261845
25 0.110681 0.578554 0.015838 0.264339
24 0.080479 0.578554 0.026151 0.264339
26 0.037753 0.578554 0.023204 0.264339
13 0.017311 0.578554 0.019153 0.264339
12 0.947698 0.806733 0.032413 0.261845
0 0.923941 0.806733 0.006262 0.261845
5 0.912339 0.806733 0.013996 0.261845
26 0.900921 0.806733 0.002947 0.261845
18 0.888582 0.806733 0.015101 0.261845
12 0.869245 0.806733 0.016943 0.261845
9 0.852302 0.806733 0.005157 0.261845
3 0.841805 0.806733 0.009945 0.261845
10 0.825046 0.806733 0.014733 0.261845
5 0.805893 0.806733 0.008840 0.261845
4 0.793554 0.806733 0.009208 0.261845
9 0.781768 0.806733 0.009208 0.261845
5 0.771087 0.806733 0.007735 0.261845
12 0.753591 0.806733 0.008840 0.261845
8 0.737753 0.806733 0.012523 0.261845
8 0.717864 0.806733 0.016206 0.261845
20 0.694107 0.806733 0.014365 0.261845
26 0.677532 0.806733 0.014365 0.261845
1 0.658379 0.806733 0.008471 0.261845
9 0.646225 0.806733 0.007735 0.261845
15 0.636832 0.806733 0.010313 0.261845
18 0.619153 0.806733 0.010313 0.261845
9 0.606446 0.806733 0.007735 0.261845
16 0.598711 0.806733 0.007735 0.261845
9 0.586924 0.806733 0.009208 0.261845
10 0.573665 0.806733 0.012891 0.261845
5 0.557827 0.806733 0.006262 0.261845
11 0.546777 0.806733 0.009208 0.261845
26 0.534807 0.806733 0.010313 0.261845
1 0.518600 0.806733 0.011786 0.261845
26 0.502947 0.806733 0.011418 0.261845
13 0.486004 0.806733 0.015838 0.261845
18 0.465930 0.806733 0.008840 0.261845
12 0.445304 0.806733 0.020626 0.261845
14 0.427072 0.806733 0.009945 0.261845
5 0.411602 0.806733 0.010681 0.261845
6 0.399816 0.806733 0.009208 0.261845
5 0.387661 0.806733 0.009208 0.261845
26 0.374217 0.806733 0.013260 0.261845
1 0.354328 0.806733 0.013996 0.261845
9 0.342726 0.806733 0.006262 0.261845
26 0.331308 0.806733 0.013628 0.261845
10 0.314365 0.806733 0.013628 0.261845
5 0.296501 0.806733 0.006630 0.261845
1 0.288029 0.806733 0.008103 0.261845
25 0.272192 0.806733 0.014733 0.261845
18 0.248066 0.806733 0.015101 0.261845
24 0.232597 0.806733 0.012155 0.261845
9 0.216390 0.806733 0.010681 0.261845
10 0.203131 0.806733 0.012891 0.261845
