5 0.978203 0.110526 0.006036 0.185965
9 0.971160 0.110526 0.004024 0.185965
3 0.961435 0.110526 0.011402 0.185965
1 0.950034 0.110526 0.010060 0.185965
24 0.937626 0.110526 0.010731 0.185965
9 0.923541 0.110526 0.004024 0.185965
4 0.912810 0.110526 0.013414 0.185965
5 0.901744 0.110526 0.004695 0.185965
4 0.891683 0.110526 0.011402 0.185965
0 0.874581 0.110526 0.010731 0.185965
12 0.861838 0.110526 0.013414 0.185965
14 0.845406 0.110526 0.014085 0.185965
25 0.829309 0.110526 0.015426 0.185965
4 0.815225 0.110526 0.011402 0.185965
12 0.798457 0.110526 0.007378 0.185965
0 0.785379 0.110526 0.009390 0.185965
14 0.774983 0.110526 0.010060 0.185965
24 0.756875 0.110526 0.015426 0.185965
23 0.740107 0.110526 0.008719 0.185965
3 0.728370 0.110526 0.009390 0.185965
25 0.714621 0.110526 0.008719 0.185965
9 0.706908 0.110526 0.006707 0.185965
12 0.692824 0.110526 0.006707 0.185965
9 0.682428 0.110526 0.008719 0.185965
11 0.669349 0.110526 0.010731 0.185965
12 0.654259 0.110526 0.015426 0.185965
1 0.635815 0.110526 0.012072 0.185965
11 0.624078 0.110526 0.010060 0.185965
5 0.615359 0.110526 0.006036 0.185965
24 0.606304 0.110526 0.010731 0.185965
20 0.589202 0.110526 0.010060 0.185965
8 0.574447 0.110526 0.014085 0.185965
24 0.561033 0.110526 0.011402 0.185965
11 0.541247 0.110526 0.010731 0.185965
12 0.526828 0.110526 0.014085 0.185965
24 0.514755 0.110526 0.006036 0.185965
5 0.504695 0.110526 0.007378 0.185965
6 0.497653 0.110526 0.006707 0.185965
13 0.485915 0.110526 0.011402 0.185965
1 0.472837 0.110526 0.005366 0.185965
1 0.462106 0.110526 0.008048 0.185965
16 0.451710 0.110526 0.007378 0.185965
9 0.444333 0.110526 0.004695 0.185965
9 0.437626 0.110526 0.004695 0.185965
25 0.426895 0.110526 0.008719 0.185965
24 0.412810 0.110526 0.010060 0.185965
0 0.398726 0.110526 0.010060 0.185965
12 0.387995 0.110526 0.006036 0.185965
1 0.369886 0.110526 0.007378 0.185965
0 0.358820 0.110526 0.008048 0.185965
3 0.348424 0.110526 0.008719 0.185965
13 0.334004 0.110526 0.012072 0.185965
5 0.317907 0.110526 0.004024 0.185965
1 0.310195 0.110526 0.010060 0.185965
1 0.299463 0.110526 0.010060 0.185965
4 0.287391 0.110526 0.011402 0.185965
14 0.273642 0.110526 0.013414 0.185965
4 0.260228 0.110526 0.010731 0.185965
12 0.244802 0.110526 0.005366 0.185965
9 0.235748 0.110526 0.007378 0.185965
4 0.223005 0.110526 0.004695 0.185965
5 0.213280 0.110526 0.008048 0.185965
0 0.201878 0.110526 0.010731 0.185965
5 0.185781 0.110526 0.005366 0.185965
9 0.179745 0.110526 0.004024 0.185965
0 0.170691 0.110526 0.011402 0.185965
14 0.156606 0.110526 0.014085 0.185965
24 0.142857 0.110526 0.010731 0.185965
14 0.126761 0.110526 0.005366 0.185965
25 0.114353 0.110526 0.011402 0.185965
4 0.095238 0.110526 0.017438 0.185965
0 0.075117 0.110526 0.010731 0.185965
12 0.061368 0.110526 0.012743 0.185965
4 0.045272 0.110526 0.011402 0.185965
18 0.032864 0.110526 0.010731 0.185965
13 0.020791 0.110526 0.010731 0.185965
6 0.979209 0.250877 0.005366 0.178947
11 0.971831 0.250877 0.006707 0.178947
5 0.961435 0.250877 0.007378 0.178947
24 0.951040 0.250877 0.013414 0.178947
0 0.934943 0.250877 0.009390 0.178947
26 0.919517 0.250877 0.013414 0.178947
4 0.903421 0.250877 0.005366 0.178947
9 0.893025 0.250877 0.007378 0.178947
5 0.885983 0.250877 0.005366 0.178947
13 0.879611 0.250877 0.004695 0.178947
4 0.859826 0.250877 0.008048 0.178947
6 0.848424 0.250877 0.008048 0.178947
4 0.836351 0.250877 0.013414 0.178947
0 0.818243 0.250877 0.009390 0.178947
25 0.804158 0.250877 0.010731 0.178947
24 0.787056 0.250877 0.015426 0.178947
9 0.770624 0.250877 0.005366 0.178947
22 0.763581 0.250877 0.007378 0.178947
0 0.750168 0.250877 0.010060 0.178947
26 0.736083 0.250877 0.010060 0.178947
13 0.721328 0.250877 0.014085 0.178947
14 0.706573 0.250877 0.006036 0.178947
14 0.691818 0.250877 0.011402 0.178947
22 0.678068 0.250877 0.010731 0.178947
24 0.663984 0.250877 0.009390 0.178947
9 0.654259 0.250877 0.007378 0.178947
13 0.642857 0.250877 0.011402 0.178947
14 0.630114 0.250877 0.007378 0.178947
1 0.613011 0.250877 0.009390 0.178947
9 0.606304 0.250877 0.006707 0.178947
26 0.596579 0.250877 0.006036 0.178947
18 0.579142 0.250877 0.004695 0.178947
1 0.569081 0.250877 0.007378 0.178947
3 0.558685 0.250877 0.008048 0.178947
9 0.548290 0.250877 0.007378 0.178947
13 0.541583 0.250877 0.004695 0.178947
11 0.521797 0.250877 0.012072 0.178947
9 0.512072 0.250877 0.006036 0.178947
1 0.500671 0.250877 0.007378 0.178947
5 0.490275 0.250877 0.006707 0.178947
6 0.483903 0.250877 0.006036 0.178947
6 0.476190 0.250877 0.006707 0.178947
23 0.463783 0.250877 0.014085 0.178947
9 0.451040 0.250877 0.002012 0.178947
3 0.440309 0.250877 0.014085 0.178947
4 0.426895 0.250877 0.007378 0.178947
5 0.418511 0.250877 0.006707 0.178947
22 0.408786 0.250877 0.007378 0.178947
9 0.401073 0.250877 0.006707 0.178947
0 0.390342 0.250877 0.010731 0.178947
9 0.374916 0.250877 0.004024 0.178947
4 0.363514 0.250877 0.009390 0.178947
5 0.353789 0.250877 0.007378 0.178947
4 0.342052 0.250877 0.012072 0.178947
0 0.322938 0.250877 0.008719 0.178947
26 0.309524 0.250877 0.008719 0.178947
11 0.299463 0.250877 0.008719 0.178947
13 0.282361 0.250877 0.017438 0.178947
14 0.265929 0.250877 0.012743 0.178947
6 0.255533 0.250877 0.006707 0.178947
4 0.244467 0.250877 0.012743 0.178947
5 0.229712 0.250877 0.004695 0.178947
12 0.220657 0.250877 0.008048 0.178947
0 0.208249 0.250877 0.012743 0.178947
9 0.191482 0.250877 0.004695 0.178947
0 0.182093 0.250877 0.011402 0.178947
11 0.169685 0.250877 0.010731 0.178947
12 0.156942 0.250877 0.013414 0.178947
7 0.139168 0.250877 0.014085 0.178947
14 0.124748 0.250877 0.013414 0.178947
21 0.110664 0.250877 0.012072 0.178947
4 0.093897 0.250877 0.006707 0.178947
9 0.084172 0.250877 0.007378 0.178947
5 0.077129 0.250877 0.005366 0.178947
13 0.067404 0.250877 0.012743 0.178947
0 0.046613 0.250877 0.008719 0.178947
26 0.032864 0.250877 0.009390 0.178947
13 0.020456 0.250877 0.012743 0.178947
9 0.982227 0.384211 0.004695 0.185965
22 0.971831 0.384211 0.009390 0.185965
0 0.957411 0.384211 0.008719 0.185965
9 0.950369 0.384211 0.006707 0.185965
13 0.939973 0.384211 0.006036 0.185965
1 0.922200 0.384211 0.005366 0.185965
5 0.911804 0.384211 0.007378 0.185965
5 0.904091 0.384211 0.005366 0.185965
3 0.897384 0.384211 0.008048 0.185965
18 0.882964 0.384211 0.007378 0.185965
4 0.865526 0.384211 0.006036 0.185965
0 0.851107 0.384211 0.009390 0.185965
1 0.840376 0.384211 0.008048 0.185965
9 0.829980 0.384211 0.007378 0.185965
1 0.823273 0.384211 0.004695 0.185965
5 0.808182 0.384211 0.004024 0.185965
4 0.801811 0.384211 0.006036 0.185965
9 0.791080 0.384211 0.008719 0.185965
4 0.780349 0.384211 0.006036 0.185965
11 0.760563 0.384211 0.009390 0.185965
9 0.751174 0.384211 0.006707 0.185965
9 0.740778 0.384211 0.003353 0.185965
1 0.734071 0.384211 0.007378 0.185965
9 0.723675 0.384211 0.006707 0.185965
0 0.716633 0.384211 0.007378 0.185965
10 0.701543 0.384211 0.013414 0.185965
9 0.688799 0.384211 0.008048 0.185965
4 0.677733 0.384211 0.008719 0.185965
5 0.667002 0.384211 0.007378 0.185965
4 0.656606 0.384211 0.012072 0.185965
0 0.642186 0.384211 0.008719 0.185965
12 0.625419 0.384211 0.016767 0.185965
0 0.609993 0.384211 0.004695 0.185965
24 0.599598 0.384211 0.009390 0.185965
21 0.585178 0.384211 0.007378 0.185965
4 0.567740 0.384211 0.006036 0.185965
11 0.553320 0.384211 0.009390 0.185965
16 0.542924 0.384211 0.007378 0.185965
18 0.535211 0.384211 0.006707 0.185965
16 0.525486 0.384211 0.007378 0.185965
9 0.518109 0.384211 0.004695 0.185965
5 0.506707 0.384211 0.010060 0.185965
4 0.496647 0.384211 0.007378 0.185965
5 0.486251 0.384211 0.006707 0.185965
6 0.479209 0.384211 0.007378 0.185965
26 0.468478 0.384211 0.007378 0.185965
9 0.458753 0.384211 0.012072 0.185965
5 0.449027 0.384211 0.003353 0.185965
4 0.439973 0.384211 0.009390 0.185965
0 0.426224 0.384211 0.010060 0.185965
14 0.415493 0.384211 0.007378 0.185965
5 0.408115 0.384211 0.007378 0.185965
24 0.397049 0.384211 0.008048 0.185965
9 0.386989 0.384211 0.009390 0.185965
5 0.372569 0.384211 0.004695 0.185965
4 0.365526 0.384211 0.006707 0.185965
5 0.355131 0.384211 0.007378 0.185965
3 0.347753 0.384211 0.006036 0.185965
5 0.341046 0.384211 0.006036 0.185965
9 0.334339 0.384211 0.004695 0.185965
5 0.322602 0.384211 0.004024 0.185965
4 0.315895 0.384211 0.006707 0.185965
9 0.305500 0.384211 0.007378 0.185965
1 0.297787 0.384211 0.006707 0.185965
5 0.288062 0.384211 0.007378 0.185965
17 0.280349 0.384211 0.006707 0.185965
9 0.267606 0.384211 0.013414 0.185965
0 0.253856 0.384211 0.011402 0.185965
25 0.237425 0.384211 0.017438 0.185965
24 0.221999 0.384211 0.012072 0.185965
16 0.206237 0.384211 0.007378 0.185965
25 0.187123 0.384211 0.026828 0.185965
1 0.167337 0.384211 0.011402 0.185965
18 0.158283 0.384211 0.001341 0.185965
12 0.143863 0.384211 0.023474 0.185965
0 0.126090 0.384211 0.010731 0.185965
1 0.114017 0.384211 0.012072 0.185965
26 0.098256 0.384211 0.018109 0.185965
9 0.088196 0.384211 0.000671 0.185965
10 0.083166 0.384211 0.001341 0.185965
12 0.078806 0.384211 0.006036 0.185965
26 0.064722 0.384211 0.011402 0.185965
26 0.049966 0.384211 0.007378 0.185965
12 0.032193 0.384211 0.005366 0.185965
10 0.021797 0.384211 0.006036 0.185965
0 0.980215 0.514035 0.008719 0.164912
24 0.967136 0.514035 0.009390 0.164912
21 0.950704 0.514035 0.019450 0.164912
6 0.935614 0.514035 0.005366 0.164912
1 0.926224 0.514035 0.008048 0.164912
26 0.912140 0.514035 0.014755 0.164912
7 0.895372 0.514035 0.006707 0.164912
12 0.879276 0.514035 0.010731 0.164912
1 0.868209 0.514035 0.012743 0.164912
5 0.852448 0.514035 0.002683 0.164912
3 0.844400 0.514035 0.008048 0.164912
1 0.831992 0.514035 0.010060 0.164912
18 0.819584 0.514035 0.008048 0.164912
9 0.810530 0.514035 0.008719 0.164912
5 0.799463 0.514035 0.004024 0.164912
18 0.791080 0.514035 0.007378 0.164912
1 0.781355 0.514035 0.008048 0.164912
3 0.769618 0.514035 0.008719 0.164912
26 0.755198 0.514035 0.014755 0.164912
0 0.733736 0.514035 0.012072 0.164912
26 0.720657 0.514035 0.012743 0.164912
4 0.703555 0.514035 0.009390 0.164912
18 0.690476 0.514035 0.010060 0.164912
1 0.677398 0.514035 0.009390 0.164912
3 0.665661 0.514035 0.008719 0.164912
4 0.651241 0.514035 0.014755 0.164912
4 0.627096 0.514035 0.020121 0.164912
6 0.609993 0.514035 0.012743 0.164912
0 0.595573 0.514035 0.013414 0.164912
26 0.586519 0.514035 0.003353 0.164912
1 0.574782 0.514035 0.012072 0.164912
5 0.561033 0.514035 0.014085 0.164912
6 0.546613 0.514035 0.013414 0.164912
24 0.533199 0.514035 0.010731 0.164912
18 0.523474 0.514035 0.007378 0.164912
4 0.508719 0.514035 0.007378 0.164912
6 0.498659 0.514035 0.007378 0.164912
4 0.486586 0.514035 0.014085 0.164912
25 0.467136 0.514035 0.007378 0.164912
1 0.450704 0.514035 0.009390 0.164912
18 0.441315 0.514035 0.009390 0.164912
26 0.425889 0.514035 0.008048 0.164912
9 0.410127 0.514035 0.003353 0.164912
14 0.404091 0.514035 0.007378 0.164912
9 0.391348 0.514035 0.007378 0.164912
13 0.382294 0.514035 0.012072 0.164912
26 0.363179 0.514035 0.011402 0.164912
0 0.350436 0.514035 0.011402 0.164912
11 0.338699 0.514035 0.009390 0.164912
12 0.324279 0.514035 0.015426 0.164912
14 0.310530 0.514035 0.006707 0.164912
22 0.296445 0.514035 0.010731 0.164912
4 0.282361 0.514035 0.014755 0.164912
5 0.264923 0.514035 0.008048 0.164912
1 0.254527 0.514035 0.010060 0.164912
9 0.246144 0.514035 0.004024 0.164912
5 0.240778 0.514035 0.004024 0.164912
13 0.232394 0.514035 0.010060 0.164912
4 0.214286 0.514035 0.011402 0.164912
25 0.194500 0.514035 0.025486 0.164912
1 0.177733 0.514035 0.005366 0.164912
9 0.168679 0.514035 0.011402 0.164912
18 0.159960 0.514035 0.004695 0.164912
9 0.154930 0.514035 0.001341 0.164912
7 0.149899 0.514035 0.004695 0.164912
2 0.136486 0.514035 0.012743 0.164912
12 0.120389 0.514035 0.004695 0.164912
9 0.110999 0.514035 0.008719 0.164912
4 0.097921 0.514035 0.008048 0.164912
5 0.088867 0.514035 0.008719 0.164912
4 0.075788 0.514035 0.006707 0.164912
14 0.058350 0.514035 0.008048 0.164912
22 0.041918 0.514035 0.011402 0.164912
5 0.032529 0.514035 0.007378 0.164912
26 0.020121 0.514035 0.013414 0.164912
9 0.984239 0.636842 0.003353 0.185965
0 0.975855 0.636842 0.008048 0.185965
11 0.965124 0.636842 0.008048 0.185965
12 0.950034 0.636842 0.018109 0.185965
0 0.931590 0.636842 0.013414 0.185965
26 0.918176 0.636842 0.012072 0.185965
25 0.901744 0.636842 0.007378 0.185965
1 0.883300 0.636842 0.010731 0.185965
18 0.872569 0.636842 0.009390 0.185965
26 0.858820 0.636842 0.007378 0.185965
4 0.837022 0.636842 0.005366 0.185965
9 0.826962 0.636842 0.006707 0.185965
14 0.819584 0.636842 0.006707 0.185965
9 0.809188 0.636842 0.007378 0.185965
13 0.802482 0.636842 0.004695 0.185965
5 0.787726 0.636842 0.004695 0.185965
12 0.782361 0.636842 0.004695 0.185965
0 0.765929 0.636842 0.024145 0.185965
9 0.744802 0.636842 0.003353 0.185965
24 0.738431 0.636842 0.008048 0.185965
0 0.723675 0.636842 0.010731 0.185965
4 0.707579 0.636842 0.016097 0.185965
12 0.681757 0.636842 0.022133 0.185965
10 0.667673 0.636842 0.002012 0.185965
5 0.662307 0.636842 0.004695 0.185965
6 0.653253 0.636842 0.006707 0.185965
14 0.645875 0.636842 0.009390 0.185965
15 0.626761 0.636842 0.014085 0.185965
5 0.609323 0.636842 0.004695 0.185965
12 0.599933 0.636842 0.008719 0.185965
0 0.585178 0.636842 0.012743 0.185965
9 0.567740 0.636842 0.003353 0.185965
24 0.560698 0.636842 0.008048 0.185965
0 0.546948 0.636842 0.010060 0.185965
4 0.532193 0.636842 0.012743 0.185965
12 0.515091 0.636842 0.006707 0.185965
10 0.500671 0.636842 0.007378 0.185965
25 0.480550 0.636842 0.008719 0.185965
0 0.461435 0.636842 0.012072 0.185965
24 0.448692 0.636842 0.014755 0.185965
1 0.433602 0.636842 0.010060 0.185965
11 0.419182 0.636842 0.009390 0.185965
12 0.405097 0.636842 0.016097 0.185965
2 0.392019 0.636842 0.006036 0.185965
1 0.383635 0.636842 0.008048 0.185965
12 0.369551 0.636842 0.009390 0.185965
10 0.355131 0.636842 0.016767 0.185965
5 0.338699 0.636842 0.004024 0.185965
4 0.328303 0.636842 0.012743 0.185965
2 0.317907 0.636842 0.006707 0.185965
3 0.307176 0.636842 0.012072 0.185965
26 0.292086 0.636842 0.014085 0.185965
12 0.275989 0.636842 0.011402 0.185965
1 0.262911 0.636842 0.008048 0.185965
16 0.253186 0.636842 0.007378 0.185965
10 0.242455 0.636842 0.012743 0.185965
1 0.224011 0.636842 0.010731 0.185965
9 0.215627 0.636842 0.004695 0.185965
5 0.210597 0.636842 0.004024 0.185965
13 0.202884 0.636842 0.010060 0.185965
4 0.186452 0.636842 0.009390 0.185965
4 0.174380 0.636842 0.008048 0.185965
5 0.164319 0.636842 0.008048 0.185965
0 0.151911 0.636842 0.012743 0.185965
12 0.134474 0.636842 0.007378 0.185965
0 0.121395 0.636842 0.009390 0.185965
14 0.110999 0.636842 0.010060 0.185965
24 0.093897 0.636842 0.013414 0.185965
1 0.075453 0.636842 0.006036 0.185965
18 0.061033 0.636842 0.009390 0.185965
1 0.050637 0.636842 0.007378 0.185965
5 0.040241 0.636842 0.009390 0.185965
24 0.025822 0.636842 0.007378 0.185965
6 0.983233 0.745614 0.002683 0.192982
4 0.971160 0.745614 0.016097 0.192982
18 0.953722 0.745614 0.008048 0.192982
25 0.940309 0.749123 0.010731 0.192982
4 0.922535 0.749123 0.015426 0.192982
9 0.904762 0.749123 0.005366 0.192982
4 0.892689 0.749123 0.009390 0.192982
5 0.881958 0.749123 0.008048 0.192982
4 0.870892 0.749123 0.011402 0.192982
12 0.849430 0.749123 0.018109 0.192982
9 0.838699 0.749123 0.002012 0.192982
1 0.830651 0.749123 0.007378 0.192982
22 0.817907 0.749123 0.010060 0.192982
0 0.803488 0.749123 0.010731 0.192982
26 0.790409 0.749123 0.008719 0.192982
9 0.779007 0.752632 0.011402 0.192982
14 0.765929 0.752632 0.006707 0.192982
14 0.752850 0.752632 0.011402 0.192982
22 0.735748 0.752632 0.012072 0.192982
24 0.721663 0.752632 0.009390 0.192982
9 0.711938 0.752632 0.007378 0.192982
13 0.700537 0.752632 0.011402 0.192982
5 0.683769 0.752632 0.004695 0.192982
4 0.674044 0.752632 0.008048 0.192982
9 0.664319 0.752632 0.007378 0.192982
4 0.652247 0.752632 0.012743 0.192982
12 0.633132 0.756140 0.008048 0.192982
10 0.618712 0.756140 0.014085 0.192982
12 0.599262 0.756140 0.008719 0.192982
0 0.585513 0.756140 0.009390 0.192982
5 0.575788 0.756140 0.007378 0.192982
26 0.563380 0.756140 0.013414 0.192982
18 0.540912 0.756140 0.012743 0.192982
12 0.525486 0.756140 0.016767 0.192982
9 0.511402 0.756140 0.006036 0.192982
3 0.504024 0.756140 0.007378 0.192982
10 0.485915 0.759649 0.020791 0.192982
5 0.469819 0.759649 0.004695 0.192982
12 0.462777 0.759649 0.008048 0.192982
6 0.449363 0.759649 0.008048 0.192982
11 0.442656 0.759649 0.008048 0.192982
24 0.428907 0.759649 0.008719 0.192982
5 0.422200 0.759649 0.006036 0.192982
15 0.411804 0.759649 0.009390 0.192982
1 0.398726 0.759649 0.011402 0.192982
9 0.389001 0.759649 0.005366 0.192982
15 0.382294 0.759649 0.006707 0.192982
18 0.367539 0.759649 0.006707 0.192982
9 0.357814 0.759649 0.007378 0.192982
16 0.350436 0.759649 0.006036 0.192982
9 0.343394 0.759649 0.005366 0.192982
10 0.335010 0.759649 0.010060 0.192982
12 0.319249 0.763158 0.006707 0.192982
14 0.306170 0.763158 0.011402 0.192982
18 0.289403 0.763158 0.010060 0.192982
15 0.279343 0.763158 0.008719 0.192982
26 0.262240 0.763158 0.009390 0.192982
4 0.248156 0.763158 0.009390 0.192982
9 0.238431 0.763158 0.007378 0.192982
4 0.227700 0.763158 0.012743 0.192982
26 0.208585 0.763158 0.012072 0.192982
5 0.198524 0.763158 0.005366 0.192982
24 0.188464 0.763158 0.012072 0.192982
26 0.174380 0.763158 0.013414 0.192982
9 0.157948 0.766667 0.003353 0.192982
4 0.148893 0.766667 0.009390 0.192982
5 0.135480 0.766667 0.008048 0.192982
4 0.126090 0.766667 0.012072 0.192982
1 0.110999 0.766667 0.006036 0.192982
20 0.098256 0.766667 0.010060 0.192982
9 0.087860 0.766667 0.006707 0.192982
10 0.079142 0.766667 0.010731 0.192982
11 0.060362 0.766667 0.009390 0.192982
9 0.051308 0.766667 0.006036 0.192982
1 0.040577 0.766667 0.007378 0.192982
9 0.030516 0.766667 0.007378 0.192982
3 0.020121 0.770175 0.013414 0.192982
5 0.987928 0.910526 0.005366 0.171930
6 0.977867 0.910526 0.006707 0.171930
9 0.970825 0.910526 0.006036 0.171930
23 0.960765 0.910526 0.008719 0.171930
4 0.947351 0.910526 0.007378 0.171930
4 0.926224 0.910526 0.005366 0.171930
5 0.916499 0.910526 0.006036 0.171930
22 0.909792 0.910526 0.007378 0.171930
0 0.896043 0.910526 0.010731 0.171930
10 0.882294 0.910526 0.007378 0.171930
9 0.865526 0.910526 0.004695 0.171930
4 0.855131 0.910526 0.008048 0.171930
5 0.844400 0.910526 0.008048 0.171930
4 0.834675 0.910526 0.006036 0.171930
14 0.817907 0.910526 0.006036 0.171930
14 0.803488 0.910526 0.010731 0.171930
22 0.787056 0.910526 0.012743 0.171930
24 0.769953 0.910526 0.010731 0.171930
9 0.759557 0.910526 0.007378 0.171930
13 0.752850 0.910526 0.004695 0.171930
5 0.735748 0.910526 0.004024 0.171930
18 0.729041 0.910526 0.006707 0.171930
5 0.718310 0.910526 0.006707 0.171930
14 0.711938 0.910526 0.007378 0.171930
24 0.698189 0.910526 0.010731 0.171930
26 0.684440 0.910526 0.007378 0.171930
0 0.667337 0.910526 0.005366 0.171930
26 0.657612 0.910526 0.006036 0.171930
4 0.640174 0.910526 0.004695 0.171930
5 0.629779 0.910526 0.008048 0.171930
6 0.620054 0.910526 0.006036 0.171930
23 0.613011 0.910526 0.008048 0.171930
4 0.599262 0.910526 0.007378 0.171930
4 0.579142 0.910526 0.006036 0.171930
6 0.565392 0.910526 0.008048 0.171930
0 0.558015 0.910526 0.008048 0.171930
26 0.544936 0.910526 0.007378 0.171930
12 0.521462 0.910526 0.004695 0.171930
14 0.510731 0.910526 0.010060 0.171930
5 0.493964 0.910526 0.008719 0.171930
18 0.487257 0.910526 0.007378 0.171930
3 0.472837 0.910526 0.010731 0.171930
4 0.459759 0.910526 0.007378 0.171930
14 0.442656 0.910526 0.005366 0.171930
9 0.431925 0.910526 0.006707 0.171930
14 0.425553 0.910526 0.007378 0.171930
9 0.411804 0.910526 0.008048 0.171930
13 0.405433 0.910526 0.004695 0.171930
9 0.387995 0.910526 0.003353 0.171930
14 0.381288 0.910526 0.007378 0.171930
9 0.367874 0.910526 0.007378 0.171930
14 0.361167 0.910526 0.008719 0.171930
4 0.343729 0.910526 0.008719 0.171930
9 0.679410 0.912281 0.009390 0.133333
