5 0.979430 0.094814 0.004571 0.189627
4 0.967300 0.094814 0.014065 0.189627
9 0.956224 0.094814 0.006681 0.189627
4 0.946027 0.094814 0.012307 0.189627
11 0.925105 0.094814 0.011252 0.189627
9 0.912799 0.094814 0.005626 0.189627
9 0.899262 0.094814 0.005274 0.189627
1 0.891174 0.094814 0.010197 0.189627
0 0.870781 0.094814 0.013713 0.189627
10 0.853024 0.094814 0.016174 0.189627
9 0.831751 0.094814 0.005977 0.189627
4 0.817686 0.094814 0.011603 0.189627
5 0.804852 0.094814 0.008439 0.189627
4 0.791139 0.094814 0.018987 0.189627
0 0.772504 0.094814 0.007736 0.189627
12 0.756153 0.094814 0.008790 0.189627
0 0.731364 0.094814 0.008439 0.189627
24 0.711146 0.094814 0.014416 0.189627
21 0.694620 0.094814 0.008790 0.189627
4 0.674226 0.094814 0.008087 0.189627
11 0.657173 0.094814 0.011252 0.189627
16 0.645394 0.094814 0.008790 0.189627
18 0.633263 0.094814 0.010549 0.189627
16 0.616913 0.094814 0.011603 0.189627
9 0.604079 0.094814 0.007736 0.189627
11 0.587729 0.094814 0.007384 0.189627
0 0.571730 0.094814 0.011955 0.189627
25 0.555556 0.094814 0.015471 0.189627
24 0.530591 0.094814 0.011955 0.189627
16 0.514416 0.094814 0.007032 0.189627
25 0.501934 0.094814 0.013713 0.189627
1 0.477145 0.094814 0.015471 0.189627
18 0.456927 0.094814 0.021449 0.189627
12 0.436533 0.094814 0.010197 0.189627
10 0.418601 0.094814 0.015823 0.189627
5 0.401723 0.094814 0.006681 0.189627
12 0.387307 0.094814 0.012307 0.189627
0 0.370781 0.094814 0.012307 0.189627
1 0.354782 0.094814 0.012658 0.189627
26 0.337904 0.094814 0.011955 0.189627
9 0.325598 0.094814 0.009142 0.189627
10 0.310830 0.094814 0.016174 0.189627
5 0.296941 0.094814 0.005977 0.189627
16 0.284634 0.094814 0.009494 0.189627
26 0.272504 0.094814 0.009142 0.189627
16 0.260197 0.094814 0.009845 0.189627
4 0.247890 0.094814 0.007032 0.189627
12 0.227496 0.094814 0.007736 0.189627
10 0.211146 0.094814 0.008790 0.189627
5 0.190577 0.094814 0.006329 0.189627
4 0.177918 0.094814 0.009142 0.189627
18 0.165788 0.094814 0.010197 0.189627
1 0.149789 0.094814 0.012658 0.189627
24 0.133087 0.094814 0.011603 0.189627
26 0.120956 0.094814 0.007032 0.189627
11 0.092124 0.094814 0.014768 0.189627
12 0.074015 0.094814 0.019339 0.189627
1 0.055204 0.094814 0.010549 0.189627
25 0.038502 0.094814 0.013010 0.189627
24 0.016878 0.094814 0.020394 0.189627
24 0.979606 0.229335 0.008439 0.192869
5 0.969409 0.229335 0.009845 0.192869
13 0.947609 0.229335 0.018987 0.192869
12 0.923875 0.229335 0.009494 0.192869
9 0.910689 0.229335 0.009845 0.192869
4 0.898031 0.229335 0.010549 0.192869
5 0.885373 0.229335 0.008439 0.192869
4 0.871484 0.229335 0.019339 0.192869
5 0.856540 0.229335 0.006329 0.192869
11 0.845288 0.229335 0.011955 0.192869
12 0.828586 0.229335 0.017932 0.192869
20 0.811181 0.229335 0.009845 0.192869
8 0.797644 0.229335 0.011603 0.192869
24 0.773207 0.229335 0.023910 0.192869
25 0.752813 0.229335 0.011252 0.192869
2 0.731013 0.229335 0.013361 0.192869
24 0.718530 0.229335 0.015823 0.192869
1 0.698840 0.229335 0.010900 0.192869
4 0.684599 0.229335 0.011252 0.192869
14 0.667897 0.229335 0.012307 0.192869
4 0.648383 0.229335 0.020394 0.192869
0 0.626231 0.229335 0.007032 0.192869
25 0.609529 0.229335 0.014416 0.192869
24 0.588432 0.229335 0.010900 0.192869
9 0.567159 0.229335 0.007736 0.192869
4 0.554677 0.229335 0.010197 0.192869
9 0.542194 0.229335 0.008439 0.192869
4 0.530767 0.229335 0.014416 0.192869
12 0.502637 0.229335 0.032700 0.192869
10 0.484880 0.229335 0.000703 0.192869
4 0.475387 0.229335 0.007736 0.192869
6 0.458333 0.229335 0.010900 0.192869
11 0.445851 0.229335 0.011252 0.192869
24 0.428973 0.229335 0.011252 0.192869
9 0.416491 0.229335 0.010197 0.192869
13 0.403833 0.229335 0.007384 0.192869
12 0.383087 0.229335 0.005977 0.192869
9 0.370253 0.229335 0.011252 0.192869
4 0.353551 0.229335 0.010900 0.192869
5 0.340893 0.229335 0.010197 0.192869
4 0.328235 0.229335 0.007384 0.192869
5 0.307489 0.229335 0.004571 0.192869
11 0.299226 0.229335 0.009845 0.192869
12 0.282525 0.229335 0.008790 0.192869
20 0.257384 0.229335 0.007032 0.192869
8 0.240682 0.229335 0.013010 0.192869
24 0.224156 0.229335 0.008790 0.192869
5 0.202004 0.229335 0.005977 0.192869
6 0.190752 0.229335 0.009494 0.192869
14 0.178094 0.229335 0.010900 0.192869
24 0.159810 0.229335 0.017932 0.192869
26 0.138537 0.229335 0.009845 0.192869
20 0.119374 0.229335 0.014416 0.192869
3 0.102496 0.229335 0.012307 0.192869
4 0.083861 0.229335 0.018636 0.192869
1 0.060830 0.229335 0.007736 0.192869
18 0.043952 0.229335 0.010549 0.192869
9 0.031470 0.229335 0.011603 0.192869
4 0.014592 0.229335 0.008790 0.192869
5 0.981364 0.369530 0.006329 0.175041
0 0.968706 0.369530 0.016878 0.175041
13 0.952004 0.369530 0.015120 0.175041
12 0.930731 0.369530 0.011252 0.175041
0 0.910865 0.369530 0.017932 0.175041
26 0.887307 0.367099 0.015823 0.176661
20 0.870077 0.367099 0.015120 0.176661
24 0.852848 0.367099 0.013713 0.176661
4 0.837025 0.367099 0.015823 0.176661
5 0.817862 0.367099 0.006329 0.176661
18 0.806962 0.367099 0.010549 0.176661
24 0.789030 0.365478 0.014065 0.176661
20 0.770394 0.365478 0.013361 0.176661
26 0.755274 0.365478 0.010549 0.176661
5 0.741385 0.365478 0.010197 0.176661
5 0.725211 0.365478 0.006681 0.176661
11 0.714487 0.365478 0.008439 0.176661
12 0.697609 0.363047 0.020394 0.175041
1 0.677918 0.363047 0.011955 0.175041
11 0.662271 0.363047 0.010197 0.175041
5 0.651195 0.363047 0.008439 0.175041
24 0.638010 0.363047 0.013010 0.175041
0 0.617089 0.363047 0.016878 0.175041
3 0.598629 0.360616 0.011603 0.176661
13 0.579641 0.360616 0.017229 0.176661
1 0.558193 0.360616 0.010900 0.176661
1 0.542722 0.360616 0.010197 0.176661
16 0.531118 0.360616 0.008790 0.176661
9 0.520394 0.360616 0.008439 0.176661
10 0.505274 0.358995 0.016878 0.176661
26 0.484001 0.358995 0.015823 0.176661
20 0.467651 0.358995 0.014768 0.176661
3 0.451301 0.358995 0.015823 0.176661
4 0.435478 0.358995 0.013713 0.176661
5 0.418776 0.358995 0.004923 0.176661
4 0.408579 0.358995 0.009845 0.176661
9 0.393987 0.356564 0.010197 0.175041
4 0.379571 0.356564 0.015823 0.175041
11 0.358650 0.356564 0.014768 0.175041
9 0.345640 0.356564 0.008439 0.175041
9 0.332982 0.356564 0.003516 0.175041
25 0.322785 0.356564 0.013361 0.175041
0 0.297117 0.354133 0.016878 0.176661
12 0.278481 0.354133 0.011955 0.176661
10 0.260373 0.354133 0.019339 0.176661
1 0.237166 0.354133 0.006681 0.176661
16 0.222046 0.354133 0.010197 0.176661
10 0.210970 0.354133 0.006329 0.176661
14 0.185302 0.352512 0.006329 0.176661
5 0.170359 0.352512 0.010197 0.176661
6 0.159107 0.352512 0.008790 0.176661
24 0.147679 0.352512 0.006329 0.176661
12 0.121308 0.352512 0.009142 0.176661
0 0.099684 0.350081 0.015120 0.175041
14 0.080696 0.350081 0.014416 0.175041
24 0.062412 0.350081 0.009494 0.175041
14 0.036744 0.350081 0.013010 0.175041
4 0.016174 0.350081 0.018987 0.175041
6 0.984353 0.491086 0.005977 0.210697
0 0.972574 0.491086 0.011252 0.210697
26 0.953411 0.491086 0.017932 0.210697
5 0.936533 0.491086 0.010197 0.210697
0 0.922820 0.491086 0.010197 0.210697
14 0.909283 0.491086 0.011955 0.210697
24 0.890295 0.491086 0.013361 0.210697
26 0.868319 0.491086 0.024262 0.210697
0 0.848980 0.491086 0.010197 0.210697
12 0.831751 0.491086 0.013010 0.210697
9 0.817862 0.491086 0.009142 0.210697
5 0.805380 0.491086 0.015823 0.210697
1 0.785865 0.491086 0.007032 0.210697
7 0.772679 0.491086 0.009494 0.210697
5 0.763186 0.491086 0.006681 0.210697
6 0.754571 0.491086 0.009142 0.210697
23 0.740506 0.491086 0.008439 0.210697
9 0.718882 0.491086 0.008087 0.210697
3 0.704466 0.491086 0.017229 0.210697
4 0.682138 0.491086 0.010549 0.210697
5 0.667897 0.491086 0.010197 0.210697
22 0.654360 0.491086 0.011955 0.210697
9 0.636252 0.491086 0.012307 0.210697
0 0.622714 0.491086 0.011252 0.210697
16 0.608826 0.491086 0.009494 0.210697
5 0.599156 0.491086 0.009845 0.210697
9 0.585795 0.491086 0.007032 0.210697
4 0.572257 0.491086 0.010900 0.210697
5 0.558896 0.491086 0.009494 0.210697
4 0.549578 0.491086 0.006329 0.210697
14 0.527250 0.491086 0.006681 0.210697
14 0.513010 0.491086 0.013361 0.210697
22 0.490506 0.491086 0.014065 0.210697
24 0.476969 0.491086 0.010197 0.210697
9 0.463432 0.491086 0.011252 0.210697
13 0.449719 0.491086 0.007736 0.210697
14 0.426864 0.491086 0.009845 0.210697
1 0.404360 0.491086 0.014065 0.210697
9 0.390823 0.491086 0.010900 0.210697
26 0.376934 0.491086 0.008439 0.210697
18 0.354606 0.491086 0.021449 0.210697
1 0.331575 0.491086 0.014065 0.210697
3 0.313291 0.491086 0.012658 0.210697
9 0.299402 0.491086 0.010197 0.210697
13 0.283052 0.491086 0.018284 0.210697
5 0.258966 0.491086 0.020745 0.210697
9 0.236990 0.491086 0.019691 0.210697
4 0.222222 0.491086 0.008439 0.210697
9 0.214135 0.491086 0.005626 0.210697
11 0.204641 0.491086 0.009845 0.210697
9 0.189170 0.491086 0.014768 0.210697
4 0.172644 0.491086 0.012658 0.210697
23 0.154008 0.491086 0.013361 0.210697
25 0.135900 0.491086 0.014416 0.210697
4 0.111287 0.491086 0.023558 0.210697
20 0.086674 0.491086 0.022152 0.210697
24 0.063115 0.491086 0.013713 0.210697
18 0.044831 0.491086 0.014416 0.210697
4 0.019691 0.491086 0.024613 0.210697
12 0.984705 0.626418 0.006681 0.176661
25 0.970464 0.626418 0.012658 0.176661
12 0.951301 0.626418 0.013713 0.176661
5 0.936181 0.626418 0.009494 0.176661
12 0.928797 0.626418 0.007384 0.176661
16 0.916842 0.626418 0.008087 0.176661
5 0.907349 0.626418 0.010900 0.176661
5 0.893284 0.626418 0.003868 0.176661
9 0.886955 0.626418 0.007384 0.176661
4 0.875000 0.626418 0.008790 0.176661
24 0.864100 0.626418 0.009494 0.176661
2 0.847046 0.626418 0.016174 0.176661
9 0.832982 0.626418 0.007032 0.176661
4 0.818038 0.626418 0.010197 0.176661
5 0.806786 0.626418 0.009494 0.176661
4 0.795007 0.626418 0.006329 0.176661
11 0.772328 0.626418 0.007384 0.176661
12 0.757032 0.626418 0.008439 0.176661
1 0.729958 0.626418 0.007032 0.176661
11 0.715014 0.626418 0.010197 0.176661
5 0.703762 0.626418 0.009494 0.176661
24 0.692159 0.626418 0.006681 0.176661
1 0.665612 0.626418 0.006329 0.176661
0 0.650141 0.626418 0.011252 0.176661
24 0.634845 0.626418 0.013010 0.176661
21 0.615506 0.626418 0.009494 0.176661
14 0.596695 0.626418 0.009142 0.176661
22 0.573840 0.626418 0.014065 0.176661
24 0.558896 0.626418 0.010900 0.176661
9 0.543249 0.626418 0.010549 0.176661
13 0.531821 0.626418 0.006681 0.176661
14 0.505802 0.626418 0.016526 0.176661
1 0.489100 0.626418 0.014768 0.176661
11 0.473277 0.626418 0.014768 0.176661
24 0.456927 0.626418 0.015120 0.176661
0 0.432489 0.626418 0.007736 0.176661
3 0.413326 0.626418 0.013713 0.176661
13 0.398558 0.626418 0.008087 0.176661
5 0.379571 0.626418 0.006681 0.176661
18 0.364100 0.626418 0.013010 0.176661
3 0.344937 0.626418 0.009845 0.176661
1 0.322433 0.626418 0.008439 0.176661
11 0.302918 0.626418 0.011603 0.176661
5 0.291491 0.626418 0.009142 0.176661
24 0.280415 0.626418 0.006681 0.176661
1 0.253516 0.626418 0.018987 0.176661
4 0.234529 0.626418 0.015471 0.176661
14 0.216596 0.626418 0.016878 0.176661
4 0.198840 0.626418 0.015823 0.176661
18 0.172644 0.626418 0.016174 0.176661
12 0.150844 0.626418 0.023207 0.176661
11 0.126758 0.626418 0.015823 0.176661
15 0.112869 0.626418 0.010549 0.176661
0 0.093530 0.626418 0.007032 0.176661
16 0.078059 0.626418 0.010549 0.176661
9 0.066632 0.626418 0.006681 0.176661
6 0.051336 0.626418 0.005626 0.176661
1 0.039733 0.626418 0.009845 0.176661
5 0.024437 0.626418 0.010900 0.176661
6 0.013537 0.626418 0.006681 0.176661
12 0.982771 0.753647 0.008439 0.175041
9 0.971167 0.753647 0.008439 0.175041
4 0.959740 0.753647 0.009494 0.175041
5 0.944972 0.753647 0.010197 0.175041
4 0.931435 0.756078 0.014065 0.176661
11 0.915260 0.756078 0.007736 0.176661
12 0.900141 0.756078 0.007736 0.176661
20 0.877813 0.756078 0.005977 0.176661
8 0.863045 0.756078 0.013713 0.176661
24 0.840717 0.756078 0.011252 0.176661
24 0.818214 0.757699 0.009845 0.176661
5 0.803446 0.757699 0.010549 0.176661
6 0.792194 0.757699 0.008439 0.176661
13 0.778833 0.757699 0.014065 0.176661
4 0.761779 0.757699 0.008790 0.176661
6 0.747363 0.757699 0.009494 0.176661
11 0.736639 0.757699 0.009845 0.176661
24 0.722046 0.760130 0.010197 0.175041
9 0.710795 0.760130 0.008087 0.175041
13 0.696203 0.760130 0.016174 0.175041
5 0.676160 0.760130 0.008439 0.175041
11 0.664733 0.760130 0.013010 0.175041
12 0.645570 0.760130 0.021097 0.175041
1 0.619374 0.762561 0.015823 0.176661
11 0.603727 0.762561 0.014065 0.176661
5 0.591069 0.762561 0.007736 0.176661
24 0.578586 0.762561 0.015823 0.176661
1 0.556435 0.762561 0.011603 0.176661
16 0.543073 0.762561 0.008087 0.176661
9 0.531646 0.762561 0.009845 0.176661
0 0.507208 0.764182 0.018636 0.176661
20 0.489451 0.764182 0.014768 0.176661
3 0.469937 0.764182 0.018636 0.176661
4 0.449895 0.764182 0.017932 0.176661
5 0.430556 0.764182 0.005977 0.176661
4 0.419831 0.766613 0.009845 0.175041
9 0.405063 0.766613 0.010549 0.175041
4 0.389241 0.766613 0.015471 0.175041
12 0.364451 0.766613 0.015120 0.175041
0 0.341596 0.766613 0.014416 0.175041
5 0.326828 0.766613 0.010197 0.175041
26 0.312764 0.769044 0.015120 0.176661
18 0.289909 0.769044 0.011603 0.176661
12 0.268284 0.769044 0.021097 0.176661
9 0.247011 0.769044 0.005977 0.176661
3 0.234353 0.769044 0.012307 0.176661
11 0.215717 0.770665 0.013010 0.176661
4 0.195499 0.770665 0.018987 0.176661
5 0.173347 0.770665 0.006329 0.176661
12 0.159810 0.770665 0.012307 0.176661
8 0.141174 0.770665 0.013713 0.176661
5 0.122539 0.770665 0.012307 0.176661
8 0.107419 0.773096 0.013713 0.175041
20 0.085267 0.773096 0.015120 0.175041
26 0.063994 0.773096 0.021097 0.175041
1 0.038678 0.773096 0.011252 0.175041
9 0.025668 0.773096 0.009142 0.175041
15 0.011603 0.775527 0.011955 0.176661
18 0.986287 0.914911 0.007736 0.166937
9 0.972925 0.913290 0.009142 0.170178
16 0.966069 0.913290 0.007384 0.170178
9 0.955169 0.913290 0.008790 0.170178
10 0.940752 0.912480 0.015823 0.171799
11 0.915788 0.911669 0.014416 0.173420
9 0.904360 0.911669 0.007736 0.173420
1 0.885900 0.911669 0.012307 0.173420
5 0.873418 0.909238 0.008439 0.175041
6 0.862518 0.909238 0.012658 0.175041
23 0.836850 0.908428 0.021097 0.176661
9 0.813291 0.905186 0.005626 0.173420
3 0.798699 0.905997 0.020042 0.175041
4 0.774086 0.902755 0.010900 0.175041
5 0.759318 0.902755 0.010197 0.175041
22 0.748066 0.900324 0.010197 0.173420
9 0.733298 0.900324 0.011603 0.173420
0 0.718530 0.898703 0.011603 0.173420
16 0.703762 0.898703 0.010197 0.173420
5 0.692335 0.898703 0.010549 0.173420
