9 0.997313 0.146930 0.001792 0.293860
3 0.992236 0.146930 0.005972 0.293860
1 0.985966 0.146930 0.005375 0.293860
24 0.979695 0.146930 0.004778 0.293860
9 0.972828 0.146930 0.001792 0.293860
4 0.968349 0.146930 0.004180 0.293860
5 0.962675 0.146930 0.004180 0.293860
4 0.956405 0.146930 0.005972 0.293860
0 0.946551 0.146930 0.007764 0.293860
12 0.937892 0.146930 0.007166 0.293860
14 0.928337 0.146930 0.007166 0.293860
25 0.918483 0.146930 0.010152 0.293860
4 0.910421 0.146930 0.004778 0.293860
12 0.901612 0.146930 0.004479 0.293860
0 0.894297 0.146930 0.005375 0.293860
14 0.886832 0.146930 0.005972 0.293860
24 0.877725 0.151316 0.007465 0.293860
23 0.867125 0.151316 0.004180 0.293860
3 0.861153 0.151316 0.005375 0.293860
25 0.851747 0.151316 0.005673 0.293860
9 0.846372 0.151316 0.004479 0.293860
12 0.839056 0.151316 0.004180 0.293860
9 0.833383 0.151316 0.004778 0.293860
11 0.824724 0.151316 0.006569 0.293860
12 0.816960 0.155702 0.007764 0.293860
1 0.806808 0.155702 0.006569 0.293860
11 0.799642 0.155702 0.006569 0.293860
5 0.794267 0.155702 0.002986 0.293860
24 0.787996 0.155702 0.007166 0.293860
20 0.776948 0.155702 0.005375 0.293860
8 0.770230 0.155702 0.005076 0.293860
24 0.760973 0.155702 0.008062 0.293860
11 0.749776 0.160088 0.005972 0.293860
12 0.741714 0.160088 0.007764 0.293860
24 0.733055 0.160088 0.003583 0.293860
5 0.726187 0.160088 0.005972 0.293860
13 0.716483 0.160088 0.008659 0.293860
1 0.705733 0.160088 0.004479 0.293860
1 0.698417 0.160088 0.005375 0.293860
16 0.692595 0.164474 0.003882 0.293860
9 0.688862 0.164474 0.003583 0.293860
9 0.681995 0.164474 0.002986 0.293860
25 0.674828 0.164474 0.010152 0.293860
24 0.666468 0.164474 0.005375 0.293860
0 0.659003 0.164474 0.007166 0.293860
12 0.650343 0.164474 0.007764 0.293860
1 0.641385 0.164474 0.005375 0.293860
0 0.633622 0.168860 0.005375 0.293860
3 0.626456 0.168860 0.005375 0.293860
13 0.618841 0.168860 0.006868 0.293860
5 0.610779 0.168860 0.002090 0.293860
1 0.606151 0.168860 0.004778 0.293860
1 0.598537 0.168860 0.005076 0.293860
4 0.593013 0.168860 0.004778 0.293860
14 0.585548 0.168860 0.005972 0.293860
4 0.576590 0.168860 0.007166 0.293860
12 0.567781 0.173246 0.004479 0.293860
9 0.561660 0.173246 0.004778 0.293860
4 0.552404 0.173246 0.006569 0.293860
5 0.546730 0.173246 0.003583 0.293860
0 0.540161 0.173246 0.008361 0.293860
5 0.530905 0.173246 0.002986 0.293860
9 0.527023 0.173246 0.002389 0.293860
0 0.521051 0.173246 0.007166 0.293860
14 0.513288 0.173246 0.007166 0.293860
24 0.506121 0.177632 0.005972 0.293860
14 0.495372 0.177632 0.007166 0.293860
25 0.485518 0.177632 0.010152 0.293860
4 0.476859 0.177632 0.005972 0.293860
0 0.465811 0.177632 0.006569 0.293860
12 0.457151 0.177632 0.007166 0.293860
4 0.447596 0.177632 0.005972 0.293860
18 0.439534 0.182018 0.007764 0.293860
13 0.432368 0.182018 0.005375 0.293860
6 0.423111 0.182018 0.003583 0.293860
11 0.417139 0.182018 0.005972 0.293860
5 0.411466 0.182018 0.002986 0.293860
24 0.406390 0.182018 0.005972 0.293860
0 0.396238 0.182018 0.007166 0.293860
26 0.388176 0.182018 0.006569 0.293860
4 0.377725 0.186404 0.007166 0.293860
9 0.371454 0.186404 0.002986 0.293860
5 0.367274 0.186404 0.002986 0.293860
13 0.362198 0.186404 0.005972 0.293860
4 0.351448 0.186404 0.005972 0.293860
6 0.345178 0.186404 0.004180 0.293860
4 0.338609 0.186404 0.006569 0.293860
0 0.329053 0.186404 0.007764 0.293860
25 0.319498 0.190789 0.010152 0.293860
24 0.311138 0.190789 0.005375 0.293860
9 0.302628 0.190789 0.003285 0.293860
22 0.297402 0.190789 0.004778 0.293860
0 0.289788 0.190789 0.005673 0.293860
26 0.282472 0.190789 0.005375 0.293860
13 0.274858 0.190789 0.006868 0.293860
14 0.266050 0.190789 0.004778 0.293860
14 0.258585 0.195175 0.005972 0.293860
22 0.249328 0.195175 0.006569 0.293860
24 0.241714 0.195175 0.005076 0.293860
9 0.236489 0.195175 0.004180 0.293860
13 0.230218 0.195175 0.005972 0.293860
14 0.219170 0.195175 0.007764 0.293860
1 0.211705 0.195175 0.005972 0.293860
9 0.205733 0.195175 0.003583 0.293860
26 0.200060 0.195175 0.006569 0.293860
18 0.190953 0.199561 0.004479 0.293860
1 0.182592 0.199561 0.005673 0.293860
3 0.177366 0.199561 0.004778 0.293860
9 0.169752 0.199561 0.005076 0.293860
13 0.163780 0.199561 0.005673 0.293860
11 0.154972 0.199561 0.003583 0.293860
9 0.149000 0.199561 0.005972 0.293860
1 0.140639 0.199561 0.004778 0.293860
7 0.134518 0.203947 0.004479 0.293860
5 0.129292 0.203947 0.003583 0.293860
6 0.125411 0.203947 0.003583 0.293860
23 0.118692 0.203947 0.007465 0.293860
9 0.110779 0.203947 0.002986 0.293860
3 0.104957 0.203947 0.003285 0.293860
4 0.095700 0.203947 0.003285 0.293860
5 0.088683 0.203947 0.004778 0.293860
22 0.083010 0.203947 0.004180 0.293860
9 0.077187 0.203947 0.004479 0.293860
0 0.071962 0.203947 0.002986 0.293860
9 0.061511 0.208333 0.002986 0.293860
4 0.055091 0.208333 0.005076 0.293860
5 0.049866 0.208333 0.004180 0.293860
4 0.043147 0.208333 0.006868 0.293860
0 0.033443 0.208333 0.005375 0.293860
26 0.025530 0.208333 0.005673 0.293860
11 0.018214 0.208333 0.005375 0.293860
13 0.011048 0.212719 0.006569 0.293860
14 0.997910 0.361842 0.002986 0.293860
6 0.991490 0.361842 0.004479 0.293860
4 0.986414 0.361842 0.006271 0.293860
5 0.978650 0.361842 0.002090 0.293860
12 0.974769 0.361842 0.004479 0.293860
0 0.964467 0.366228 0.010152 0.293860
9 0.955211 0.366228 0.002389 0.293860
0 0.948940 0.366228 0.007764 0.293860
11 0.941176 0.366228 0.005375 0.293860
12 0.933413 0.366228 0.007764 0.293860
5 0.925351 0.366228 0.003583 0.293860
6 0.921320 0.366228 0.003285 0.293860
14 0.915646 0.366228 0.005673 0.293860
15 0.905046 0.366228 0.008361 0.293860
4 0.893401 0.370614 0.006569 0.293860
9 0.887728 0.370614 0.002389 0.293860
5 0.883846 0.370614 0.002986 0.293860
13 0.878173 0.370614 0.005972 0.293860
0 0.867125 0.370614 0.007764 0.293860
26 0.859361 0.370614 0.006569 0.293860
13 0.852195 0.370614 0.006569 0.293860
9 0.843386 0.370614 0.002687 0.293860
22 0.838011 0.375000 0.005673 0.293860
0 0.828755 0.375000 0.005673 0.293860
9 0.823529 0.375000 0.004180 0.293860
13 0.816960 0.375000 0.006569 0.293860
1 0.807107 0.375000 0.005972 0.293860
7 0.798746 0.375000 0.008361 0.293860
3 0.790385 0.375000 0.005972 0.293860
25 0.779636 0.375000 0.013138 0.293860
4 0.767692 0.379386 0.005972 0.293860
0 0.759630 0.379386 0.007764 0.293860
1 0.751866 0.379386 0.006569 0.293860
9 0.745894 0.379386 0.002986 0.293860
1 0.741117 0.379386 0.005375 0.293860
5 0.732756 0.379386 0.002986 0.293860
4 0.727083 0.379386 0.005972 0.293860
9 0.721708 0.379386 0.002389 0.293860
4 0.716632 0.379386 0.005375 0.293860
11 0.708868 0.383772 0.002986 0.293860
9 0.703046 0.383772 0.003285 0.293860
9 0.695879 0.383772 0.002687 0.293860
1 0.690355 0.383772 0.004180 0.293860
9 0.684682 0.383772 0.004180 0.293860
0 0.679158 0.383772 0.005076 0.293860
10 0.671693 0.383772 0.003882 0.293860
9 0.661391 0.383772 0.002389 0.293860
4 0.655420 0.383772 0.007166 0.293860
5 0.649448 0.383772 0.003583 0.293860
4 0.644073 0.388158 0.005972 0.293860
0 0.633025 0.388158 0.003583 0.293860
12 0.625411 0.388158 0.003882 0.293860
0 0.613019 0.388158 0.008361 0.293860
24 0.605255 0.388158 0.005972 0.293860
21 0.597193 0.388158 0.007764 0.293860
4 0.585847 0.388158 0.006569 0.293860
11 0.578382 0.392544 0.005972 0.293860
16 0.572708 0.392544 0.004180 0.293860
18 0.565841 0.392544 0.008361 0.293860
16 0.558973 0.392544 0.004180 0.293860
9 0.554792 0.392544 0.002986 0.293860
5 0.548223 0.392544 0.004180 0.293860
4 0.542401 0.392544 0.004479 0.293860
5 0.536877 0.392544 0.003583 0.293860
5 0.533294 0.392544 0.003583 0.293860
26 0.527620 0.392544 0.004180 0.293860
9 0.521947 0.392544 0.005375 0.293860
5 0.515079 0.396930 0.003583 0.293860
4 0.509704 0.396930 0.005972 0.293860
0 0.502239 0.396930 0.007764 0.293860
14 0.493580 0.396930 0.007166 0.293860
24 0.486414 0.396930 0.005972 0.293860
9 0.480442 0.396930 0.003583 0.293860
5 0.473574 0.396930 0.002986 0.293860
4 0.468498 0.396930 0.004180 0.293860
5 0.463123 0.396930 0.004778 0.293860
5 0.455509 0.401316 0.005076 0.293860
9 0.450582 0.401316 0.003583 0.293860
5 0.443864 0.401316 0.002687 0.293860
4 0.438937 0.401316 0.004180 0.293860
9 0.433562 0.401316 0.004180 0.293860
1 0.427740 0.401316 0.004479 0.293860
5 0.422514 0.401316 0.003583 0.293860
17 0.418632 0.401316 0.003583 0.293860
9 0.412810 0.401316 0.005673 0.293860
0 0.404897 0.401316 0.006569 0.293860
25 0.396387 0.401316 0.006271 0.293860
24 0.385936 0.405702 0.008062 0.293860
16 0.376232 0.405702 0.002986 0.293860
25 0.370558 0.405702 0.005972 0.293860
1 0.359361 0.405702 0.006868 0.293860
18 0.351000 0.405702 0.008659 0.293860
12 0.340848 0.405702 0.004479 0.293860
0 0.333532 0.405702 0.005375 0.293860
1 0.326217 0.410088 0.005673 0.293860
26 0.318752 0.410088 0.005076 0.293860
9 0.313228 0.410088 0.004180 0.293860
10 0.306957 0.410088 0.006569 0.293860
12 0.296805 0.410088 0.002986 0.293860
26 0.289340 0.410088 0.005972 0.293860
26 0.281726 0.410088 0.003882 0.293860
12 0.272619 0.410088 0.003583 0.293860
10 0.265004 0.414474 0.003882 0.293860
0 0.253210 0.414474 0.006569 0.293860
24 0.244849 0.414474 0.005375 0.293860
21 0.236638 0.414474 0.008062 0.293860
6 0.225739 0.414474 0.004180 0.293860
1 0.219468 0.414474 0.005972 0.293860
26 0.212004 0.414474 0.006569 0.293860
7 0.201403 0.418860 0.005076 0.293860
12 0.191400 0.418860 0.007166 0.293860
1 0.182443 0.418860 0.007166 0.293860
5 0.174828 0.418860 0.003285 0.293860
3 0.169304 0.418860 0.005375 0.293860
1 0.160048 0.418860 0.005972 0.293860
25 0.149746 0.418860 0.012242 0.293860
5 0.139295 0.418860 0.002687 0.293860
18 0.134070 0.423246 0.004778 0.293860
1 0.126605 0.423246 0.005375 0.293860
3 0.119439 0.423246 0.005375 0.293860
26 0.111227 0.423246 0.008062 0.293860
0 0.100627 0.423246 0.004778 0.293860
26 0.091520 0.423246 0.008062 0.293860
4 0.078830 0.423246 0.005375 0.293860
18 0.071365 0.427632 0.005375 0.293860
1 0.063750 0.427632 0.005673 0.293860
3 0.056435 0.427632 0.005375 0.293860
4 0.048074 0.427632 0.008361 0.293860
4 0.036279 0.427632 0.005673 0.293860
6 0.028665 0.427632 0.004778 0.293860
0 0.023141 0.427632 0.005076 0.293860
26 0.013885 0.432018 0.008659 0.293860
1 0.999104 0.552632 0.001194 0.298246
7 0.995222 0.552632 0.003583 0.298246
5 0.991490 0.552632 0.003285 0.298246
3 0.986563 0.557018 0.004778 0.298246
25 0.976112 0.557018 0.010749 0.298246
4 0.965811 0.557018 0.003882 0.298246
6 0.960436 0.557018 0.003882 0.298246
4 0.954315 0.557018 0.006569 0.298246
25 0.944312 0.557018 0.005076 0.298246
1 0.934607 0.557018 0.006569 0.298246
18 0.927740 0.561404 0.005375 0.298246
26 0.919230 0.561404 0.006868 0.298246
9 0.910720 0.561404 0.001792 0.298246
14 0.905643 0.561404 0.005972 0.298246
9 0.899672 0.561404 0.002389 0.298246
13 0.893998 0.561404 0.005375 0.298246
26 0.882652 0.561404 0.002986 0.298246
0 0.875635 0.561404 0.005076 0.298246
11 0.868916 0.565789 0.005375 0.298246
12 0.862048 0.565789 0.003583 0.298246
14 0.849806 0.565789 0.007764 0.298246
22 0.841147 0.565789 0.007166 0.298246
4 0.832487 0.565789 0.007764 0.298246
5 0.824127 0.565789 0.002986 0.298246
1 0.818155 0.565789 0.005375 0.298246
9 0.813079 0.565789 0.002389 0.298246
5 0.809197 0.565789 0.002986 0.298246
13 0.803822 0.570175 0.005375 0.298246
4 0.792475 0.570175 0.006569 0.298246
25 0.783219 0.570175 0.009555 0.298246
1 0.774858 0.570175 0.005972 0.298246
9 0.769185 0.570175 0.002986 0.298246
18 0.762914 0.570175 0.007166 0.298246
9 0.756644 0.570175 0.002986 0.298246
5 0.742759 0.574561 0.008659 0.298246
12 0.730964 0.574561 0.007764 0.298246
9 0.724993 0.574561 0.002986 0.298246
4 0.719319 0.574561 0.005972 0.298246
5 0.713944 0.574561 0.003583 0.298246
4 0.707973 0.574561 0.005972 0.298246
14 0.699612 0.574561 0.003583 0.298246
22 0.690953 0.574561 0.005972 0.298246
5 0.683786 0.578947 0.004778 0.298246
26 0.678710 0.578947 0.002986 0.298246
9 0.670051 0.578947 0.002389 0.298246
0 0.664975 0.578947 0.004778 0.298246
11 0.656315 0.578947 0.005972 0.298246
12 0.649448 0.578947 0.003583 0.298246
0 0.636907 0.578947 0.007166 0.298246
26 0.629143 0.578947 0.005972 0.298246
25 0.617199 0.583333 0.010749 0.298246
1 0.608241 0.583333 0.005972 0.298246
18 0.600776 0.583333 0.007764 0.298246
26 0.592714 0.583333 0.005972 0.298246
4 0.582861 0.583333 0.005375 0.298246
9 0.577486 0.583333 0.002986 0.298246
14 0.571215 0.583333 0.007166 0.298246
9 0.564945 0.583333 0.002986 0.298246
13 0.560167 0.587719 0.005375 0.298246
5 0.552404 0.587719 0.002986 0.298246
12 0.547328 0.587719 0.004778 0.298246
0 0.538519 0.587719 0.007465 0.298246
9 0.529113 0.587719 0.002986 0.298246
24 0.523738 0.587719 0.006569 0.298246
0 0.515378 0.587719 0.007764 0.298246
4 0.507316 0.587719 0.005972 0.298246
12 0.497313 0.592105 0.004479 0.298246
10 0.489549 0.592105 0.007465 0.298246
5 0.479994 0.592105 0.003285 0.298246
6 0.476112 0.592105 0.003285 0.298246
14 0.471036 0.592105 0.005076 0.298246
21 0.460884 0.592105 0.008659 0.298246
5 0.451478 0.592105 0.001792 0.298246
12 0.446999 0.592105 0.004778 0.298246
0 0.437593 0.596491 0.008659 0.298246
9 0.427292 0.596491 0.002389 0.298246
24 0.421618 0.596491 0.005375 0.298246
0 0.413855 0.596491 0.007764 0.298246
4 0.405793 0.596491 0.005972 0.298246
12 0.395193 0.596491 0.004479 0.298246
10 0.387429 0.596491 0.007465 0.298246
25 0.376680 0.600877 0.005673 0.298246
0 0.365781 0.600877 0.007166 0.298246
24 0.358167 0.600877 0.007465 0.298246
1 0.347268 0.600877 0.005972 0.298246
11 0.340400 0.600877 0.005375 0.298246
12 0.332039 0.600877 0.008958 0.298246
2 0.320693 0.600877 0.002986 0.298246
1 0.315467 0.605263 0.005076 0.298246
12 0.306808 0.605263 0.006271 0.298246
10 0.297999 0.605263 0.007764 0.298246
5 0.288892 0.605263 0.003285 0.298246
4 0.282771 0.605263 0.004778 0.298246
2 0.277247 0.605263 0.003882 0.298246
3 0.272320 0.605263 0.004778 0.298246
26 0.263661 0.605263 0.007166 0.298246
12 0.252463 0.609649 0.004479 0.298246
1 0.244551 0.609649 0.005375 0.298246
16 0.239325 0.609649 0.003882 0.298246
10 0.233055 0.609649 0.006868 0.298246
1 0.221857 0.609649 0.005972 0.298246
9 0.216483 0.609649 0.003583 0.298246
5 0.212004 0.609649 0.002986 0.298246
13 0.206629 0.609649 0.005375 0.298246
4 0.195282 0.614035 0.006569 0.298246
4 0.187519 0.614035 0.006569 0.298246
5 0.181547 0.614035 0.004180 0.298246
0 0.175276 0.614035 0.007166 0.298246
12 0.164975 0.614035 0.005076 0.298246
0 0.156465 0.614035 0.006569 0.298246
14 0.147656 0.614035 0.006271 0.298246
24 0.139295 0.614035 0.006868 0.298246
1 0.128844 0.618421 0.004479 0.298246
18 0.121827 0.618421 0.005972 0.298246
1 0.113168 0.618421 0.005375 0.298246
5 0.107943 0.618421 0.003882 0.298246
24 0.102269 0.618421 0.005673 0.298246
6 0.093162 0.618421 0.004180 0.298246
4 0.087190 0.618421 0.006569 0.298246
18 0.076142 0.618421 0.007166 0.298246
25 0.066288 0.622807 0.010152 0.298246
4 0.057629 0.622807 0.005972 0.298246
9 0.049268 0.622807 0.002389 0.298246
4 0.042998 0.622807 0.006569 0.298246
5 0.037026 0.622807 0.002986 0.298246
4 0.031651 0.622807 0.006569 0.298246
12 0.019409 0.622807 0.008361 0.298246
9 0.013138 0.627193 0.003583 0.298246
1 0.998208 0.782895 0.002389 0.276316
22 0.992087 0.782895 0.005673 0.276316
0 0.983577 0.782895 0.005972 0.276316
26 0.976709 0.782895 0.004778 0.276316
9 0.971335 0.782895 0.004778 0.276316
14 0.963422 0.782895 0.005076 0.276316
14 0.955957 0.782895 0.005673 0.276316
22 0.947447 0.782895 0.005972 0.276316
24 0.940281 0.782895 0.005375 0.276316
9 0.933413 0.787281 0.004778 0.276316
13 0.927590 0.787281 0.005673 0.276316
5 0.918185 0.787281 0.003583 0.276316
4 0.912511 0.787281 0.006569 0.276316
9 0.907136 0.787281 0.002986 0.276316
4 0.902060 0.787281 0.005972 0.276316
12 0.893252 0.787281 0.004479 0.276316
10 0.884891 0.787281 0.007465 0.276316
12 0.874142 0.791667 0.004479 0.276316
0 0.865930 0.791667 0.005972 0.276316
5 0.859062 0.791667 0.004778 0.276316
26 0.853389 0.791667 0.005375 0.276316
18 0.840848 0.791667 0.007764 0.276316
12 0.832487 0.791667 0.007764 0.276316
9 0.823828 0.791667 0.002389 0.276316
3 0.819349 0.791667 0.004180 0.276316
10 0.811586 0.796053 0.007764 0.276316
5 0.802030 0.796053 0.002389 0.276316
12 0.796805 0.796053 0.005076 0.276316
6 0.788295 0.796053 0.005375 0.276316
11 0.782920 0.796053 0.004778 0.276316
24 0.775903 0.796053 0.004479 0.276316
5 0.770976 0.796053 0.004180 0.276316
15 0.765602 0.796053 0.002986 0.276316
1 0.757092 0.796053 0.002687 0.276316
9 0.751866 0.800439 0.004180 0.276316
15 0.746790 0.800439 0.002986 0.276316
18 0.737981 0.800439 0.004479 0.276316
9 0.731263 0.800439 0.004180 0.276316
16 0.727680 0.800439 0.003583 0.276316
9 0.722454 0.800439 0.003882 0.276316
10 0.716483 0.800439 0.006271 0.276316
12 0.706778 0.800439 0.003583 0.276316
14 0.699910 0.800439 0.005972 0.276316
18 0.691102 0.804825 0.006271 0.276316
15 0.682741 0.804825 0.006868 0.276316
26 0.672887 0.804825 0.005673 0.276316
4 0.665572 0.804825 0.004778 0.276316
9 0.660197 0.804825 0.003583 0.276316
4 0.655121 0.804825 0.006569 0.276316
26 0.643774 0.804825 0.006569 0.276316
5 0.638101 0.804825 0.003583 0.276316
24 0.632726 0.809211 0.005972 0.276316
26 0.624963 0.809211 0.007166 0.276316
9 0.616453 0.809211 0.002687 0.276316
4 0.611675 0.809211 0.004479 0.276316
5 0.604957 0.809211 0.004778 0.276316
4 0.598835 0.809211 0.006271 0.276316
1 0.589579 0.809211 0.005076 0.276316
20 0.582562 0.809211 0.004778 0.276316
9 0.577187 0.809211 0.004180 0.276316
10 0.570917 0.813596 0.006569 0.276316
11 0.560466 0.813596 0.005972 0.276316
9 0.554494 0.813596 0.003583 0.276316
1 0.545835 0.813596 0.006569 0.276316
9 0.539863 0.813596 0.002986 0.276316
3 0.533592 0.813596 0.007166 0.276316
5 0.525530 0.813596 0.002986 0.276316
7 0.521798 0.813596 0.003285 0.276316
6 0.516572 0.813596 0.004180 0.276316
23 0.511496 0.813596 0.004180 0.276316
4 0.503583 0.817982 0.008062 0.276316
4 0.492983 0.817982 0.004778 0.276316
5 0.487310 0.817982 0.003583 0.276316
22 0.482084 0.817982 0.005673 0.276316
0 0.471633 0.817982 0.006868 0.276316
19 0.463123 0.817982 0.007166 0.276316
9 0.454464 0.817982 0.002986 0.276316
4 0.448492 0.822368 0.006569 0.276316
5 0.442819 0.822368 0.003583 0.276316
4 0.437444 0.822368 0.005972 0.276316
14 0.427889 0.822368 0.007166 0.276316
14 0.420424 0.822368 0.006569 0.276316
22 0.412063 0.822368 0.007764 0.276316
24 0.404598 0.822368 0.005972 0.276316
9 0.399224 0.822368 0.002389 0.276316
13 0.392953 0.822368 0.007764 0.276316
5 0.384891 0.826754 0.002389 0.276316
25 0.380113 0.826754 0.005375 0.276316
14 0.369663 0.826754 0.007764 0.276316
24 0.359212 0.826754 0.006569 0.276316
26 0.351896 0.826754 0.006868 0.276316
0 0.340400 0.826754 0.007764 0.276316
26 0.332338 0.826754 0.005972 0.276316
4 0.322335 0.831140 0.003285 0.276316
5 0.316214 0.831140 0.004180 0.276316
5 0.312481 0.831140 0.003285 0.276316
23 0.307554 0.831140 0.004778 0.276316
4 0.298597 0.831140 0.007764 0.276316
4 0.286802 0.831140 0.005076 0.276316
6 0.279636 0.831140 0.005076 0.276316
0 0.272917 0.831140 0.005375 0.276316
26 0.264258 0.835526 0.007166 0.276316
12 0.254106 0.835526 0.004778 0.276316
14 0.246939 0.835526 0.005375 0.276316
5 0.239922 0.835526 0.005076 0.276316
18 0.233204 0.835526 0.005375 0.276316
3 0.225888 0.835526 0.005673 0.276316
4 0.217528 0.835526 0.006868 0.276316
14 0.206032 0.835526 0.007764 0.276316
9 0.199761 0.839912 0.002389 0.276316
14 0.193491 0.839912 0.007764 0.276316
9 0.186921 0.839912 0.002986 0.276316
13 0.181248 0.839912 0.007166 0.276316
9 0.170797 0.839912 0.002986 0.276316
14 0.164825 0.839912 0.007764 0.276316
9 0.158256 0.839912 0.002986 0.276316
14 0.151986 0.839912 0.008361 0.276316
4 0.143924 0.844298 0.007166 0.276316
