11 0.251250 0.992500 0.035833 0.005000
9 0.251250 0.984375 0.035833 0.007500
9 0.251250 0.976875 0.035833 0.003750
1 0.251250 0.968750 0.035833 0.007500
0 0.251250 0.958438 0.035833 0.006875
10 0.251250 0.948750 0.035833 0.011250
9 0.251250 0.936875 0.035833 0.003750
4 0.250000 0.928438 0.035000 0.006875
5 0.250000 0.920000 0.035000 0.006250
4 0.250000 0.910312 0.035000 0.010625
0 0.250000 0.899375 0.035000 0.007500
12 0.250000 0.886875 0.035000 0.012500
0 0.250000 0.875000 0.035000 0.007500
24 0.250000 0.863750 0.035000 0.007500
21 0.250000 0.853125 0.035000 0.010000
4 0.248750 0.840625 0.035833 0.006250
11 0.248750 0.830313 0.035833 0.006875
16 0.248750 0.823750 0.035833 0.005000
18 0.248750 0.817187 0.035833 0.005625
16 0.248750 0.807500 0.035833 0.006250
9 0.248750 0.802188 0.035833 0.006875
11 0.248750 0.789062 0.035833 0.006875
0 0.248750 0.780312 0.035833 0.008125
25 0.247917 0.768125 0.035833 0.013750
24 0.247917 0.756563 0.035833 0.008125
16 0.247917 0.746250 0.035833 0.002500
25 0.247917 0.739375 0.035833 0.008750
1 0.247917 0.723437 0.035833 0.009375
18 0.247917 0.711562 0.035833 0.013125
12 0.247917 0.697500 0.035833 0.006250
10 0.247917 0.688125 0.035833 0.007500
5 0.246250 0.677500 0.035833 0.002500
12 0.246250 0.670937 0.035833 0.006875
0 0.246250 0.660312 0.035833 0.008125
1 0.246250 0.650312 0.035833 0.006875
26 0.246250 0.641250 0.035833 0.007500
9 0.246250 0.631875 0.035833 0.006250
10 0.246250 0.624687 0.035833 0.006875
5 0.246250 0.615313 0.035833 0.003125
16 0.246250 0.610938 0.035833 0.004375
26 0.246250 0.604062 0.035833 0.005625
16 0.245417 0.594375 0.035833 0.006250
4 0.245417 0.585938 0.035833 0.009375
12 0.245417 0.574063 0.035833 0.006875
10 0.245417 0.563438 0.035833 0.009375
5 0.245417 0.552500 0.035833 0.003750
4 0.245417 0.545937 0.035833 0.005625
18 0.245417 0.536563 0.035833 0.008125
1 0.245417 0.523750 0.035833 0.008750
24 0.244583 0.513125 0.035833 0.007500
26 0.244583 0.502188 0.035833 0.010625
11 0.244583 0.489063 0.035833 0.004375
12 0.244583 0.477812 0.035833 0.013125
20 0.244583 0.464375 0.035833 0.008750
8 0.244583 0.453125 0.035833 0.011250
24 0.244583 0.441563 0.035833 0.010625
24 0.242917 0.429063 0.035833 0.004375
5 0.242917 0.419687 0.035833 0.008125
1 0.242917 0.407500 0.035833 0.006250
12 0.242917 0.395937 0.035833 0.004375
9 0.242917 0.386875 0.035833 0.006250
4 0.242917 0.379688 0.035833 0.005625
5 0.242917 0.370312 0.035833 0.005625
26 0.242917 0.363438 0.035833 0.004375
5 0.242083 0.347813 0.035833 0.004375
11 0.242083 0.340625 0.035833 0.007500
12 0.242083 0.330625 0.035833 0.011250
20 0.242083 0.319063 0.035833 0.005625
8 0.242083 0.309688 0.035833 0.008125
24 0.242083 0.296875 0.035833 0.011250
25 0.242083 0.284062 0.035833 0.006875
9 0.242083 0.276562 0.035833 0.004375
2 0.242083 0.271875 0.035833 0.005000
24 0.240417 0.261562 0.035833 0.010625
1 0.240417 0.249062 0.035833 0.008125
4 0.240417 0.236875 0.035833 0.007500
14 0.240417 0.227187 0.035833 0.008125
4 0.240417 0.214375 0.035833 0.012500
0 0.240417 0.199687 0.035833 0.008125
25 0.240417 0.188438 0.035833 0.008125
9 0.239583 0.180625 0.035833 0.006250
24 0.239583 0.171250 0.035833 0.011250
9 0.239583 0.159375 0.035833 0.003750
4 0.239583 0.152500 0.035833 0.005000
9 0.239583 0.145937 0.035833 0.005625
4 0.239583 0.135937 0.035833 0.005625
12 0.239583 0.125312 0.035833 0.004375
10 0.239583 0.115000 0.035833 0.005000
4 0.238750 0.099062 0.035833 0.004375
6 0.238750 0.089375 0.035833 0.005000
11 0.238750 0.085000 0.035833 0.005000
24 0.238750 0.075313 0.035833 0.006875
9 0.238750 0.066250 0.035833 0.006250
13 0.238750 0.059062 0.035833 0.004375
12 0.238750 0.047813 0.035833 0.004375
9 0.238750 0.038750 0.035833 0.006250
24 0.238750 0.031250 0.035833 0.005000
5 0.238750 0.024688 0.035833 0.005625
26 0.238750 0.017812 0.035833 0.004375
20 0.229167 0.997188 0.031667 0.004375
8 0.229167 0.989688 0.031667 0.006875
24 0.227917 0.977812 0.030833 0.010625
6 0.227917 0.965625 0.030833 0.005000
5 0.227917 0.959063 0.030833 0.004375
14 0.227917 0.953125 0.030833 0.006250
24 0.227917 0.941562 0.030833 0.010625
26 0.227917 0.929063 0.030833 0.006875
20 0.227917 0.917813 0.030833 0.006875
3 0.227917 0.910312 0.030833 0.006875
4 0.227083 0.898125 0.030833 0.010000
1 0.227083 0.884687 0.030833 0.008125
18 0.227083 0.874062 0.030833 0.006875
9 0.227083 0.865938 0.030833 0.005625
4 0.227083 0.856875 0.030833 0.010000
5 0.227083 0.844063 0.030833 0.004375
0 0.227083 0.835625 0.030833 0.008750
13 0.225833 0.826250 0.031667 0.008750
12 0.225833 0.814688 0.031667 0.004375
0 0.225833 0.803750 0.031667 0.010000
26 0.225833 0.787188 0.031667 0.010625
20 0.225833 0.777188 0.031667 0.008125
3 0.225833 0.766875 0.031667 0.010000
4 0.224583 0.756563 0.030833 0.009375
5 0.224583 0.744375 0.030833 0.002500
18 0.224583 0.738750 0.030833 0.005000
24 0.224583 0.729062 0.030833 0.006875
20 0.224583 0.718750 0.030833 0.008750
26 0.224583 0.706562 0.030833 0.006875
5 0.224583 0.699063 0.030833 0.006875
5 0.224583 0.689063 0.030833 0.004375
11 0.224583 0.681250 0.030833 0.006250
12 0.223333 0.664687 0.031667 0.023125
1 0.223333 0.657188 0.031667 0.003125
11 0.223333 0.647500 0.031667 0.006250
5 0.223333 0.641563 0.031667 0.004375
24 0.223333 0.635625 0.031667 0.003750
0 0.223333 0.619687 0.031667 0.005625
3 0.223333 0.609688 0.031667 0.006875
13 0.222083 0.599375 0.030833 0.008750
1 0.222083 0.586562 0.030833 0.006875
1 0.222083 0.577187 0.030833 0.005625
16 0.222083 0.570000 0.030833 0.005000
9 0.222083 0.563438 0.030833 0.004375
10 0.222083 0.556875 0.030833 0.007500
26 0.222083 0.543438 0.030833 0.008125
20 0.221250 0.531250 0.030833 0.007500
3 0.221250 0.523438 0.030833 0.005625
4 0.221250 0.513437 0.030833 0.010625
5 0.221250 0.500625 0.030833 0.003750
4 0.221250 0.491563 0.030833 0.005625
9 0.221250 0.482187 0.030833 0.006875
4 0.221250 0.474687 0.030833 0.003125
11 0.221250 0.460625 0.030833 0.003750
9 0.220000 0.451562 0.031667 0.004375
9 0.220000 0.443437 0.031667 0.003125
25 0.220000 0.435000 0.031667 0.008750
0 0.220000 0.420625 0.031667 0.008750
12 0.220000 0.410313 0.031667 0.006875
10 0.220000 0.400000 0.031667 0.010000
1 0.220000 0.385937 0.031667 0.008125
16 0.218750 0.376875 0.030833 0.005000
10 0.218750 0.368437 0.030833 0.008125
14 0.218750 0.356875 0.030833 0.005000
7 0.218750 0.347187 0.030833 0.006875
24 0.218750 0.334375 0.030833 0.012500
12 0.218750 0.319375 0.030833 0.008750
0 0.217500 0.305625 0.031667 0.008750
14 0.217500 0.297187 0.031667 0.006875
24 0.217500 0.284062 0.031667 0.011875
14 0.217500 0.270937 0.031667 0.006875
4 0.217500 0.259375 0.031667 0.010000
6 0.217500 0.246562 0.031667 0.004375
0 0.217500 0.240000 0.031667 0.005000
26 0.216667 0.228437 0.031667 0.010625
5 0.216667 0.215625 0.031667 0.003750
0 0.216667 0.207813 0.031667 0.005625
14 0.216667 0.200313 0.031667 0.006875
24 0.216667 0.188125 0.031667 0.008750
26 0.216667 0.177813 0.031667 0.004375
0 0.216667 0.163750 0.031667 0.003750
12 0.215417 0.153750 0.030833 0.006250
9 0.215417 0.146250 0.030833 0.005000
5 0.215417 0.141563 0.030833 0.003125
1 0.215417 0.128125 0.030833 0.003750
7 0.215417 0.118438 0.030833 0.006875
6 0.215417 0.110000 0.030833 0.005000
23 0.215417 0.104375 0.030833 0.002500
9 0.215417 0.091875 0.030833 0.003750
3 0.214167 0.080312 0.031667 0.015625
4 0.214167 0.062812 0.031667 0.009375
5 0.214167 0.050937 0.031667 0.006875
22 0.214167 0.041875 0.031667 0.006250
9 0.214167 0.034375 0.031667 0.006250
0 0.214167 0.026250 0.031667 0.006250
16 0.214167 0.019062 0.031667 0.005625
5 0.214167 0.013750 0.031667 0.005000
14 0.206667 0.992812 0.035000 0.005625
14 0.206667 0.981875 0.035000 0.008750
22 0.206667 0.970625 0.035000 0.008750
24 0.206667 0.960000 0.035000 0.007500
9 0.206667 0.950625 0.035000 0.006250
13 0.206667 0.942813 0.035000 0.009375
14 0.205417 0.929688 0.034167 0.005625
1 0.205417 0.919063 0.034167 0.006875
9 0.205417 0.912500 0.034167 0.006250
26 0.205417 0.902813 0.034167 0.009375
18 0.205417 0.891250 0.034167 0.005000
1 0.205417 0.880625 0.034167 0.008750
3 0.205417 0.870000 0.034167 0.007500
9 0.204167 0.860313 0.035000 0.005625
13 0.204167 0.853125 0.035000 0.008750
5 0.204167 0.842500 0.035000 0.003750
9 0.204167 0.836250 0.035000 0.006250
4 0.204167 0.827500 0.035000 0.006250
9 0.204167 0.820312 0.035000 0.006875
11 0.204167 0.810000 0.035000 0.006250
9 0.204167 0.801562 0.035000 0.008125
4 0.204167 0.791562 0.035000 0.006875
23 0.203333 0.782188 0.035000 0.006875
25 0.203333 0.772500 0.035000 0.008750
4 0.203333 0.757188 0.035000 0.013125
20 0.203333 0.740000 0.035000 0.007500
24 0.203333 0.729688 0.035000 0.009375
18 0.203333 0.717812 0.035000 0.010625
4 0.202083 0.707500 0.034167 0.008750
12 0.202083 0.694688 0.034167 0.006875
25 0.202083 0.682813 0.034167 0.009375
12 0.202083 0.669375 0.034167 0.008750
7 0.202083 0.660312 0.034167 0.008125
16 0.202083 0.648438 0.034167 0.006875
5 0.202083 0.643125 0.034167 0.006250
5 0.202083 0.631250 0.034167 0.003750
9 0.200833 0.626250 0.035000 0.005000
4 0.200833 0.617500 0.035000 0.007500
24 0.200833 0.609062 0.035000 0.006875
2 0.200833 0.599688 0.035000 0.008125
9 0.200833 0.590625 0.035000 0.003750
4 0.200833 0.584063 0.035000 0.005625
5 0.200833 0.575625 0.035000 0.006250
4 0.200833 0.565625 0.035000 0.012500
11 0.200833 0.554063 0.035000 0.006875
12 0.200000 0.544375 0.035000 0.011250
1 0.200000 0.532188 0.035000 0.009375
11 0.200000 0.520938 0.035000 0.005625
5 0.200000 0.514375 0.035000 0.005000
24 0.200000 0.505938 0.035000 0.010625
1 0.200000 0.490000 0.035000 0.008750
0 0.200000 0.478125 0.035000 0.008750
24 0.198750 0.467187 0.034167 0.008125
21 0.198750 0.456562 0.034167 0.011875
14 0.198750 0.441563 0.034167 0.006875
22 0.198750 0.429063 0.034167 0.009375
24 0.198750 0.417812 0.034167 0.008125
9 0.198750 0.409375 0.034167 0.006250
13 0.198750 0.400938 0.034167 0.008125
14 0.197500 0.388750 0.035000 0.010000
1 0.197500 0.375000 0.035000 0.008750
11 0.197500 0.365312 0.035000 0.006875
24 0.197500 0.355938 0.035000 0.010625
0 0.197500 0.342187 0.035000 0.006875
3 0.197500 0.332188 0.035000 0.008125
13 0.196250 0.320937 0.034167 0.009375
5 0.196250 0.309063 0.034167 0.003125
18 0.196250 0.303750 0.034167 0.006250
3 0.196250 0.290938 0.034167 0.011875
1 0.196250 0.277187 0.034167 0.006875
11 0.196250 0.266562 0.034167 0.006875
5 0.196250 0.260000 0.034167 0.005000
24 0.196250 0.251875 0.034167 0.011250
1 0.195000 0.238125 0.035000 0.008750
4 0.195000 0.226562 0.035000 0.008125
14 0.195000 0.217812 0.035000 0.008125
4 0.195000 0.203437 0.035000 0.011875
18 0.195000 0.190625 0.035000 0.005000
12 0.195000 0.179688 0.035000 0.005625
11 0.194167 0.163750 0.035000 0.003750
15 0.194167 0.157188 0.035000 0.004375
0 0.194167 0.145937 0.035000 0.004375
16 0.194167 0.137187 0.035000 0.005625
9 0.194167 0.131562 0.035000 0.003125
9 0.194167 0.120625 0.035000 0.002500
1 0.194167 0.114687 0.035000 0.005625
6 0.194167 0.105313 0.035000 0.005625
5 0.194167 0.100937 0.035000 0.003125
12 0.192917 0.090625 0.034167 0.007500
9 0.192917 0.080312 0.034167 0.006875
4 0.192917 0.070938 0.034167 0.006875
5 0.192917 0.062812 0.034167 0.005625
4 0.192917 0.053125 0.034167 0.011250
11 0.192917 0.041250 0.034167 0.007500
12 0.192917 0.022812 0.034167 0.023125
24 0.186667 0.993437 0.030000 0.003125
9 0.186667 0.984688 0.030000 0.006875
13 0.185833 0.974375 0.030000 0.005000
4 0.185833 0.960313 0.030000 0.003125
6 0.185833 0.951875 0.030000 0.005000
11 0.185833 0.945625 0.030000 0.005000
24 0.185833 0.937187 0.030000 0.006875
9 0.185833 0.926250 0.030000 0.006250
13 0.185833 0.920625 0.030000 0.003750
5 0.185000 0.908125 0.030000 0.002500
11 0.185000 0.901563 0.030000 0.005625
12 0.185000 0.895625 0.030000 0.003750
1 0.185000 0.880625 0.030000 0.003750
11 0.185000 0.873125 0.030000 0.005000
5 0.185000 0.866875 0.030000 0.005000
24 0.185000 0.857812 0.030000 0.004375
1 0.183333 0.846562 0.030000 0.005625
16 0.183333 0.837500 0.030000 0.005000
9 0.183333 0.832812 0.030000 0.004375
0 0.183333 0.822187 0.030000 0.009375
20 0.183333 0.810625 0.030000 0.007500
12 0.183333 0.802188 0.030000 0.006875
4 0.183333 0.790625 0.030000 0.010000
5 0.182500 0.777813 0.030000 0.006875
4 0.182500 0.767188 0.030000 0.006875
9 0.182500 0.760312 0.030000 0.005625
4 0.182500 0.752500 0.030000 0.008750
12 0.182500 0.740000 0.030000 0.007500
0 0.182500 0.728750 0.030000 0.007500
5 0.181667 0.719063 0.030000 0.006875
26 0.181667 0.710625 0.030000 0.007500
18 0.181667 0.698125 0.030000 0.005000
12 0.181667 0.682500 0.030000 0.018750
9 0.181667 0.668750 0.030000 0.002500
3 0.181667 0.663438 0.030000 0.006875
11 0.180000 0.650625 0.030000 0.008750
4 0.180000 0.638437 0.030000 0.011875
5 0.180000 0.627812 0.030000 0.003125
12 0.180000 0.621250 0.030000 0.006250
8 0.180000 0.610938 0.030000 0.008125
5 0.180000 0.600625 0.030000 0.006250
8 0.180000 0.594063 0.030000 0.006875
20 0.179167 0.581562 0.030000 0.008125
26 0.179167 0.570625 0.030000 0.012500
1 0.179167 0.557813 0.030000 0.006875
9 0.179167 0.549063 0.030000 0.005625
15 0.179167 0.542188 0.030000 0.005625
18 0.179167 0.530937 0.030000 0.005625
9 0.177500 0.521250 0.030000 0.005000
16 0.177500 0.517813 0.030000 0.003125
9 0.177500 0.510938 0.030000 0.005625
10 0.177500 0.503125 0.030000 0.008750
11 0.177500 0.492188 0.030000 0.006875
9 0.177500 0.483438 0.030000 0.006875
1 0.177500 0.473750 0.030000 0.008750
7 0.177500 0.463438 0.030000 0.006875
6 0.176667 0.452500 0.030000 0.006250
23 0.176667 0.445000 0.030000 0.008750
9 0.176667 0.433750 0.030000 0.003750
3 0.176667 0.424687 0.030000 0.009375
4 0.176667 0.412187 0.030000 0.006875
5 0.176667 0.403125 0.030000 0.006250
22 0.175833 0.394375 0.030000 0.006250
9 0.175833 0.386875 0.030000 0.006250
0 0.175833 0.378437 0.030000 0.006875
16 0.175833 0.370000 0.030000 0.005000
5 0.175833 0.362812 0.030000 0.006875
9 0.175833 0.353438 0.030000 0.003125
4 0.175833 0.345625 0.030000 0.005000
5 0.175833 0.336875 0.030000 0.007500
4 0.174167 0.327813 0.030000 0.004375
14 0.174167 0.316250 0.030000 0.003750
14 0.174167 0.305625 0.030000 0.008750
22 0.174167 0.290625 0.030000 0.010000
24 0.174167 0.278438 0.030000 0.008125
9 0.174167 0.270000 0.030000 0.005000
13 0.174167 0.265000 0.030000 0.003750
