5 0.889573 0.361257 0.002844 0.198953
4 0.883649 0.361257 0.004265 0.198953
9 0.878436 0.361257 0.004265 0.198953
4 0.872749 0.361257 0.003318 0.198953
0 0.864455 0.361257 0.002844 0.198953
13 0.858531 0.361257 0.003318 0.198953
25 0.849526 0.361257 0.003318 0.198953
14 0.840758 0.361257 0.007583 0.198953
18 0.829621 0.361257 0.005213 0.198953
26 0.820853 0.361257 0.003791 0.198953
25 0.811611 0.361257 0.006161 0.198953
14 0.803318 0.361257 0.006635 0.198953
18 0.794313 0.361257 0.005687 0.198953
5 0.788389 0.361257 0.003318 0.198953
0 0.781280 0.361257 0.003318 0.198953
12 0.774408 0.361257 0.003791 0.198953
14 0.765166 0.361257 0.004265 0.198953
22 0.754502 0.361257 0.006635 0.198953
5 0.747393 0.361257 0.004739 0.198953
26 0.741943 0.361257 0.004265 0.198953
9 0.736256 0.361257 0.003318 0.198953
0 0.727488 0.361257 0.003791 0.198953
25 0.718483 0.361257 0.006635 0.198953
24 0.709479 0.361257 0.004739 0.198953
0 0.700474 0.361257 0.002844 0.198953
16 0.695261 0.361257 0.003791 0.198953
11 0.690047 0.361257 0.003791 0.198953
9 0.686019 0.361257 0.002370 0.198953
14 0.679147 0.361257 0.003791 0.198953
22 0.669905 0.361257 0.006161 0.198953
5 0.663033 0.361257 0.004739 0.198953
4 0.659005 0.361257 0.002370 0.198953
0 0.650000 0.361257 0.003318 0.198953
26 0.642891 0.361257 0.005213 0.198953
11 0.636019 0.361257 0.005687 0.198953
13 0.628910 0.361257 0.003791 0.198953
4 0.619905 0.361257 0.003791 0.198953
9 0.612085 0.361257 0.004265 0.198953
5 0.609005 0.361257 0.002844 0.198953
13 0.604976 0.361257 0.002370 0.198953
12 0.594313 0.361257 0.002844 0.198953
0 0.588863 0.361257 0.004265 0.198953
4 0.581991 0.361257 0.005687 0.198953
1 0.572749 0.361257 0.006161 0.198953
4 0.565877 0.361257 0.003791 0.198953
0 0.556635 0.361257 0.003318 0.198953
26 0.549763 0.361257 0.003791 0.198953
9 0.538863 0.361257 0.002844 0.198953
4 0.533412 0.361257 0.004265 0.198953
5 0.527725 0.361257 0.004265 0.198953
4 0.522749 0.361257 0.002844 0.198953
0 0.511848 0.361257 0.002844 0.198953
12 0.504739 0.361257 0.005687 0.198953
4 0.495735 0.361257 0.005687 0.198953
9 0.489810 0.361257 0.004265 0.198953
11 0.484597 0.361257 0.004265 0.198953
13 0.479621 0.361257 0.002844 0.198953
5 0.468720 0.361257 0.001896 0.198953
12 0.464929 0.361257 0.003791 0.198953
18 0.457583 0.361257 0.005213 0.198953
1 0.450711 0.361257 0.004739 0.198953
3 0.445261 0.361257 0.004265 0.198953
5 0.439573 0.361257 0.003318 0.198953
1 0.430569 0.361257 0.002370 0.198953
11 0.425592 0.361257 0.004739 0.198953
12 0.418483 0.361257 0.003791 0.198953
12 0.409479 0.361257 0.002844 0.198953
1 0.402370 0.361257 0.005687 0.198953
1 0.394550 0.361257 0.005213 0.198953
11 0.387678 0.361257 0.005687 0.198953
13 0.380569 0.361257 0.003791 0.198953
5 0.373460 0.361257 0.001896 0.198953
1 0.369668 0.361257 0.003791 0.198953
11 0.362559 0.361257 0.004739 0.198953
12 0.357346 0.361257 0.002844 0.198953
16 0.348341 0.361257 0.001896 0.198953
20 0.344550 0.361257 0.003791 0.198953
25 0.337441 0.361257 0.005687 0.198953
11 0.328436 0.361257 0.005687 0.198953
13 0.323223 0.361257 0.002844 0.198953
5 0.313981 0.361257 0.002370 0.198953
16 0.310190 0.361257 0.003318 0.198953
26 0.305213 0.361257 0.004739 0.198953
26 0.297867 0.361257 0.005213 0.198953
9 0.292180 0.361257 0.003318 0.198953
14 0.285308 0.361257 0.003791 0.198953
8 0.276066 0.361257 0.006161 0.198953
24 0.269194 0.361257 0.003791 0.198953
0 0.259953 0.361257 0.003318 0.198953
24 0.252844 0.361257 0.005213 0.198953
22 0.245735 0.361257 0.005213 0.198953
11 0.238389 0.361257 0.005687 0.198953
13 0.231280 0.361257 0.003791 0.198953
1 0.223934 0.361257 0.003318 0.198953
18 0.216825 0.361257 0.005213 0.198953
26 0.209716 0.361257 0.005213 0.198953
5 0.204028 0.361257 0.003318 0.198953
9 0.200711 0.361257 0.002370 0.198953
5 0.196919 0.361257 0.003318 0.198953
24 0.191706 0.361257 0.004265 0.198953
4 0.186019 0.361257 0.003318 0.198953
5 0.177251 0.361257 0.001896 0.198953
14 0.173934 0.361257 0.003791 0.198953
12 0.166825 0.361257 0.005687 0.198953
23 0.159242 0.361257 0.004739 0.198953
5 0.154028 0.361257 0.004739 0.198953
25 0.146919 0.361257 0.003791 0.198953
5 0.137678 0.361257 0.002370 0.198953
0 0.133886 0.361257 0.003318 0.198953
17 0.128673 0.361257 0.004265 0.198953
20 0.121801 0.361257 0.005687 0.198953
26 0.114692 0.361257 0.003791 0.198953
3 0.105450 0.361257 0.003318 0.198953
2 0.098104 0.361257 0.004739 0.198953
16 0.092891 0.361257 0.003791 0.198953
10 0.089336 0.361257 0.002370 0.198953
5 0.080569 0.361257 0.002844 0.198953
26 0.074645 0.361257 0.004265 0.198953
9 0.069431 0.361257 0.003318 0.198953
24 0.065877 0.361257 0.003791 0.198953
25 0.058531 0.361257 0.006161 0.198953
10 0.049763 0.361257 0.004739 0.198953
5 0.042654 0.361257 0.002844 0.198953
9 0.036730 0.361257 0.003318 0.198953
22 0.033649 0.361257 0.003791 0.198953
4 0.026540 0.361257 0.004739 0.198953
24 0.020853 0.361257 0.004739 0.198953
10 0.013744 0.361257 0.003791 0.198953
5 0.965166 0.481675 0.001422 0.167539
16 0.962322 0.481675 0.002370 0.167539
26 0.957583 0.481675 0.004265 0.167539
26 0.949763 0.481675 0.005687 0.167539
9 0.942180 0.481675 0.003791 0.167539
18 0.934834 0.481675 0.003318 0.167539
25 0.925592 0.481675 0.006635 0.167539
1 0.916825 0.481675 0.004265 0.167539
1 0.905687 0.481675 0.002844 0.167539
25 0.898104 0.481675 0.005687 0.167539
3 0.889336 0.481675 0.006161 0.167539
10 0.881517 0.481675 0.003791 0.167539
12 0.872749 0.481675 0.003318 0.167539
1 0.863744 0.481675 0.006161 0.167539
4 0.856161 0.481675 0.005213 0.167539
14 0.848578 0.481675 0.007109 0.167539
26 0.836256 0.481675 0.007109 0.167539
10 0.830332 0.481675 0.002844 0.167539
5 0.820853 0.481675 0.001896 0.167539
0 0.816825 0.481675 0.004265 0.167539
11 0.809005 0.481675 0.004739 0.167539
12 0.802844 0.481675 0.005687 0.167539
26 0.794076 0.481675 0.004265 0.167539
5 0.783175 0.481675 0.001422 0.167539
25 0.778910 0.481675 0.005213 0.167539
1 0.767773 0.481675 0.006635 0.167539
18 0.760190 0.481675 0.005687 0.167539
26 0.752607 0.481675 0.003791 0.167539
4 0.743602 0.481675 0.002844 0.167539
25 0.736256 0.481675 0.006161 0.167539
14 0.725829 0.481675 0.007109 0.167539
24 0.716588 0.481675 0.005687 0.167539
5 0.710664 0.481675 0.003318 0.167539
12 0.702844 0.481675 0.002844 0.167539
11 0.695498 0.481675 0.005213 0.167539
13 0.689336 0.481675 0.003318 0.167539
20 0.678673 0.481675 0.002844 0.167539
15 0.672749 0.481675 0.003318 0.167539
9 0.664929 0.481675 0.001896 0.167539
20 0.660190 0.481675 0.004739 0.167539
26 0.651422 0.481675 0.006161 0.167539
4 0.643602 0.481675 0.003791 0.167539
12 0.633412 0.481675 0.002370 0.167539
1 0.627014 0.481675 0.004739 0.167539
1 0.619668 0.481675 0.005213 0.167539
11 0.612085 0.481675 0.005213 0.167539
13 0.605924 0.481675 0.003318 0.167539
5 0.596682 0.481675 0.001896 0.167539
17 0.592180 0.481675 0.004265 0.167539
24 0.584360 0.481675 0.005687 0.167539
26 0.575592 0.481675 0.006161 0.167539
13 0.567773 0.481675 0.003791 0.167539
5 0.557346 0.481675 0.001896 0.167539
18 0.552844 0.481675 0.004265 0.167539
1 0.545024 0.481675 0.004739 0.167539
3 0.539336 0.481675 0.005687 0.167539
26 0.528436 0.481675 0.006635 0.167539
13 0.522512 0.481675 0.003318 0.167539
0 0.513270 0.481675 0.002844 0.167539
12 0.505924 0.481675 0.005213 0.167539
3 0.498341 0.481675 0.005213 0.167539
9 0.492180 0.481675 0.004265 0.167539
13 0.487915 0.481675 0.002370 0.167539
0 0.477014 0.481675 0.003318 0.167539
6 0.469431 0.481675 0.004265 0.167539
5 0.464929 0.481675 0.003791 0.167539
24 0.459005 0.481675 0.004265 0.167539
9 0.452607 0.481675 0.004739 0.167539
13 0.446682 0.481675 0.003318 0.167539
5 0.437441 0.481675 0.001896 0.167539
4 0.433175 0.481675 0.003791 0.167539
25 0.425592 0.481675 0.006635 0.167539
26 0.414692 0.481675 0.006635 0.167539
7 0.408531 0.481675 0.003791 0.167539
5 0.404502 0.481675 0.003318 0.167539
5 0.399526 0.481675 0.002844 0.167539
9 0.396682 0.481675 0.002844 0.167539
26 0.390758 0.481675 0.005213 0.167539
13 0.382938 0.481675 0.003791 0.167539
12 0.374171 0.481675 0.003318 0.167539
4 0.365166 0.481675 0.007109 0.167539
13 0.354265 0.481675 0.005213 0.167539
5 0.345261 0.481675 0.001422 0.167539
6 0.342417 0.481675 0.003318 0.167539
5 0.336019 0.481675 0.003791 0.167539
24 0.331517 0.481675 0.005213 0.167539
4 0.322512 0.481675 0.004265 0.167539
0 0.312085 0.481675 0.003318 0.167539
19 0.304265 0.481675 0.003791 0.167539
9 0.295498 0.481675 0.002370 0.167539
4 0.290521 0.481675 0.003791 0.167539
5 0.284360 0.481675 0.004739 0.167539
4 0.278436 0.481675 0.003318 0.167539
1 0.266351 0.481675 0.002844 0.167539
11 0.259005 0.481675 0.005213 0.167539
13 0.252844 0.481675 0.003318 0.167539
5 0.243602 0.481675 0.001896 0.167539
18 0.239100 0.481675 0.004265 0.167539
22 0.231280 0.481675 0.005687 0.167539
24 0.223697 0.481675 0.003791 0.167539
0 0.213507 0.481675 0.003318 0.167539
26 0.205687 0.481675 0.003791 0.167539
4 0.196919 0.481675 0.004265 0.167539
25 0.186019 0.481675 0.006161 0.167539
14 0.180095 0.481675 0.004739 0.167539
9 0.172512 0.481675 0.004739 0.167539
13 0.168009 0.481675 0.002370 0.167539
5 0.160190 0.481675 0.001896 0.167539
12 0.155450 0.481675 0.004739 0.167539
0 0.147867 0.481675 0.003791 0.167539
9 0.138863 0.481675 0.002844 0.167539
4 0.132701 0.481675 0.003791 0.167539
9 0.128436 0.481675 0.003791 0.167539
4 0.122512 0.481675 0.003318 0.167539
14 0.113270 0.481675 0.002844 0.167539
8 0.105687 0.481675 0.005687 0.167539
24 0.098104 0.481675 0.003791 0.167539
5 0.089336 0.481675 0.002370 0.167539
4 0.084360 0.481675 0.003791 0.167539
0 0.078436 0.481675 0.004265 0.167539
3 0.072749 0.481675 0.004265 0.167539
14 0.065166 0.481675 0.006161 0.167539
4 0.055687 0.481675 0.004265 0.167539
12 0.046682 0.481675 0.003318 0.167539
0 0.038863 0.481675 0.003791 0.167539
26 0.028673 0.481675 0.004265 0.167539
26 0.017536 0.481675 0.006635 0.167539
15 0.011848 0.481675 0.002844 0.167539
0 0.965877 0.586387 0.003791 0.167539
26 0.957109 0.586387 0.004265 0.167539
9 0.949526 0.586387 0.002370 0.167539
1 0.944550 0.586387 0.003791 0.167539
5 0.939100 0.586387 0.003318 0.167539
12 0.934360 0.586387 0.005213 0.167539
4 0.925355 0.586387 0.004265 0.167539
5 0.914692 0.586387 0.001896 0.167539
0 0.910190 0.586387 0.004265 0.167539
1 0.902370 0.586387 0.004739 0.167539
3 0.896445 0.586387 0.005213 0.167539
4 0.887204 0.586387 0.005687 0.167539
13 0.881280 0.586387 0.003318 0.167539
14 0.870853 0.586387 0.004265 0.167539
4 0.859953 0.586387 0.006161 0.167539
24 0.854265 0.586387 0.005213 0.167539
4 0.846445 0.586387 0.003791 0.167539
14 0.835782 0.586387 0.003318 0.167539
18 0.826777 0.586387 0.006161 0.167539
12 0.818957 0.586387 0.003791 0.167539
4 0.807346 0.586387 0.002370 0.167539
0 0.800948 0.586387 0.004739 0.167539
24 0.793365 0.586387 0.005687 0.167539
21 0.785782 0.586387 0.003791 0.167539
4 0.774882 0.586387 0.002844 0.167539
8 0.768009 0.586387 0.005213 0.167539
1 0.760190 0.586387 0.005687 0.167539
4 0.752607 0.586387 0.003791 0.167539
0 0.741943 0.586387 0.003318 0.167539
25 0.732701 0.586387 0.006635 0.167539
24 0.723934 0.586387 0.004265 0.167539
9 0.712796 0.586387 0.001896 0.167539
4 0.708531 0.586387 0.003791 0.167539
5 0.702607 0.586387 0.004265 0.167539
4 0.697867 0.586387 0.002370 0.167539
16 0.688863 0.586387 0.002370 0.167539
26 0.683175 0.586387 0.004265 0.167539
15 0.677014 0.586387 0.003318 0.167539
12 0.670616 0.586387 0.002844 0.167539
11 0.663270 0.586387 0.005213 0.167539
13 0.657109 0.586387 0.003318 0.167539
5 0.646682 0.586387 0.002370 0.167539
25 0.640284 0.586387 0.004739 0.167539
14 0.632938 0.586387 0.006161 0.167539
26 0.622512 0.586387 0.006161 0.167539
13 0.616351 0.586387 0.003318 0.167539
0 0.603791 0.586387 0.003791 0.167539
26 0.595024 0.586387 0.004265 0.167539
3 0.586019 0.586387 0.003318 0.167539
1 0.577014 0.586387 0.006161 0.167539
24 0.569431 0.586387 0.005213 0.167539
9 0.563270 0.586387 0.003318 0.167539
0 0.555450 0.586387 0.002844 0.167539
12 0.547867 0.586387 0.005687 0.167539
4 0.540284 0.586387 0.003791 0.167539
18 0.530095 0.586387 0.003318 0.167539
12 0.522275 0.586387 0.003791 0.167539
12 0.513507 0.586387 0.002370 0.167539
1 0.507346 0.586387 0.004265 0.167539
1 0.500948 0.586387 0.004739 0.167539
11 0.493602 0.586387 0.005213 0.167539
13 0.487441 0.586387 0.003318 0.167539
5 0.478436 0.586387 0.002370 0.167539
18 0.472038 0.586387 0.004739 0.167539
12 0.466114 0.586387 0.003318 0.167539
16 0.455687 0.586387 0.002370 0.167539
20 0.449526 0.586387 0.004265 0.167539
25 0.443839 0.586387 0.005213 0.167539
11 0.434360 0.586387 0.006161 0.167539
13 0.428436 0.586387 0.002844 0.167539
5 0.418957 0.586387 0.001896 0.167539
23 0.414929 0.586387 0.004265 0.167539
25 0.407109 0.586387 0.005687 0.167539
24 0.398104 0.586387 0.006635 0.167539
26 0.388863 0.586387 0.006161 0.167539
13 0.382938 0.586387 0.002844 0.167539
0 0.372275 0.586387 0.003318 0.167539
26 0.363270 0.586387 0.005213 0.167539
13 0.359005 0.586387 0.002370 0.167539
12 0.349526 0.586387 0.002370 0.167539
0 0.343839 0.586387 0.004265 0.167539
5 0.337678 0.586387 0.004265 0.167539
26 0.332938 0.586387 0.002370 0.167539
18 0.322512 0.586387 0.002370 0.167539
12 0.316114 0.586387 0.004739 0.167539
9 0.308768 0.586387 0.005213 0.167539
3 0.302607 0.586387 0.004265 0.167539
11 0.296445 0.586387 0.005213 0.167539
13 0.288626 0.586387 0.003791 0.167539
5 0.279621 0.586387 0.001896 0.167539
4 0.275355 0.586387 0.003791 0.167539
9 0.269431 0.586387 0.004265 0.167539
5 0.264692 0.586387 0.002370 0.167539
12 0.258768 0.586387 0.002844 0.167539
8 0.251185 0.586387 0.005687 0.167539
5 0.243602 0.586387 0.003791 0.167539
8 0.240521 0.586387 0.004265 0.167539
20 0.231280 0.586387 0.005687 0.167539
26 0.225355 0.586387 0.003318 0.167539
1 0.214929 0.586387 0.002370 0.167539
9 0.210190 0.586387 0.003318 0.167539
15 0.207109 0.586387 0.001896 0.167539
18 0.198341 0.586387 0.002370 0.167539
9 0.192180 0.586387 0.004265 0.167539
16 0.187204 0.586387 0.002844 0.167539
9 0.184597 0.586387 0.003318 0.167539
11 0.178199 0.586387 0.004739 0.167539
13 0.172275 0.586387 0.003318 0.167539
5 0.163033 0.586387 0.001896 0.167539
12 0.158768 0.586387 0.004739 0.167539
14 0.149526 0.586387 0.005213 0.167539
5 0.145024 0.586387 0.002844 0.167539
3 0.141706 0.586387 0.003791 0.167539
4 0.134360 0.586387 0.005213 0.167539
13 0.128436 0.586387 0.002844 0.167539
0 0.117536 0.586387 0.002844 0.167539
26 0.110190 0.586387 0.005213 0.167539
13 0.104265 0.586387 0.002844 0.167539
0 0.093602 0.586387 0.003318 0.167539
26 0.085782 0.586387 0.003791 0.167539
1 0.078199 0.586387 0.001896 0.167539
16 0.074171 0.586387 0.003318 0.167539
9 0.069431 0.586387 0.003318 0.167539
11 0.064692 0.586387 0.004265 0.167539
13 0.058768 0.586387 0.002844 0.167539
12 0.051185 0.586387 0.002844 0.167539
3 0.043839 0.586387 0.005213 0.167539
1 0.037678 0.586387 0.004265 0.167539
24 0.032938 0.586387 0.002370 0.167539
1 0.022512 0.586387 0.003318 0.167539
13 0.014692 0.586387 0.003791 0.167539
1 0.966825 0.712042 0.002844 0.167539
25 0.959479 0.712042 0.006161 0.167539
1 0.950474 0.712042 0.005213 0.167539
26 0.944313 0.712042 0.005213 0.167539
10 0.936493 0.712042 0.003791 0.167539
1 0.926303 0.712042 0.002370 0.167539
1 0.920142 0.712042 0.004265 0.167539
9 0.913981 0.712042 0.004265 0.167539
26 0.908294 0.712042 0.005213 0.167539
10 0.900474 0.712042 0.003791 0.167539
5 0.893128 0.712042 0.003318 0.167539
1 0.888389 0.712042 0.004265 0.167539
12 0.880806 0.712042 0.006161 0.167539
11 0.871564 0.712042 0.006635 0.167539
26 0.862559 0.712042 0.005687 0.167539
10 0.856161 0.712042 0.006161 0.167539
1 0.848104 0.712042 0.006161 0.167539
3 0.839810 0.712042 0.005687 0.167539
24 0.832464 0.712042 0.005213 0.167539
10 0.824408 0.712042 0.007109 0.167539
5 0.817062 0.712042 0.001896 0.167539
1 0.812559 0.712042 0.004265 0.167539
25 0.804976 0.712042 0.006161 0.167539
11 0.795972 0.712042 0.005213 0.167539
1 0.788389 0.712042 0.008057 0.167539
5 0.772986 0.712042 0.006635 0.167539
11 0.730332 0.712042 0.008531 0.167539
26 0.721801 0.712042 0.004739 0.167539
1 0.714455 0.712042 0.006161 0.167539
26 0.704976 0.712042 0.006161 0.167539
13 0.697156 0.712042 0.006635 0.167539
18 0.688389 0.712042 0.005213 0.167539
12 0.677488 0.712042 0.010900 0.167539
14 0.668483 0.712042 0.005213 0.167539
6 0.659953 0.712042 0.005213 0.167539
5 0.656398 0.712042 0.002844 0.167539
6 0.652370 0.712042 0.003318 0.167539
5 0.647393 0.712042 0.003791 0.167539
26 0.640521 0.712042 0.007109 0.167539
1 0.630332 0.712042 0.007583 0.167539
9 0.624171 0.712042 0.002844 0.167539
26 0.615166 0.712042 0.013270 0.167539
10 0.606161 0.712042 0.000948 0.167539
5 0.603555 0.712042 0.002370 0.167539
1 0.599289 0.712042 0.004265 0.167539
25 0.591706 0.712042 0.006161 0.167539
18 0.582701 0.712042 0.006161 0.167539
24 0.575118 0.712042 0.005213 0.167539
9 0.568957 0.712042 0.004265 0.167539
10 0.563744 0.712042 0.005213 0.167539
12 0.557109 0.712042 0.004265 0.167539
14 0.550237 0.712042 0.005687 0.167539
18 0.541232 0.712042 0.005687 0.167539
15 0.535308 0.712042 0.005213 0.167539
9 0.528673 0.712042 0.004265 0.167539
24 0.523460 0.712042 0.004265 0.167539
1 0.515640 0.712042 0.004739 0.167539
5 0.511137 0.712042 0.004265 0.167539
9 0.505213 0.712042 0.001896 0.167539
14 0.500711 0.712042 0.005213 0.167539
9 0.491706 0.712042 0.005213 0.167539
11 0.486730 0.712042 0.003791 0.167539
13 0.480095 0.712042 0.006635 0.167539
5 0.471564 0.712042 0.002844 0.167539
9 0.467299 0.712042 0.002844 0.167539
14 0.464218 0.712042 0.004265 0.167539
9 0.456398 0.712042 0.004739 0.167539
1 0.449289 0.712042 0.007583 0.167539
16 0.441232 0.712042 0.003791 0.167539
9 0.438389 0.712042 0.002844 0.167539
11 0.433886 0.712042 0.004265 0.167539
13 0.426066 0.712042 0.006635 0.167539
18 0.417062 0.712042 0.003791 0.167539
12 0.407820 0.712042 0.009953 0.167539
4 0.399289 0.712042 0.005213 0.167539
0 0.391706 0.712042 0.005213 0.167539
3 0.385308 0.712042 0.004739 0.167539
14 0.377962 0.712042 0.006161 0.167539
4 0.368009 0.712042 0.008057 0.167539
0 0.358294 0.712042 0.005687 0.167539
25 0.348815 0.712042 0.006635 0.167539
24 0.340047 0.712042 0.007109 0.167539
16 0.331991 0.712042 0.005213 0.167539
25 0.326066 0.712042 0.004739 0.167539
1 0.317299 0.712042 0.006161 0.167539
18 0.309005 0.712042 0.007583 0.167539
9 0.301896 0.712042 0.002844 0.167539
4 0.296445 0.712042 0.004265 0.167539
5 0.290284 0.712042 0.004265 0.167539
4 0.284123 0.712042 0.007109 0.167539
12 0.275118 0.712042 0.002370 0.167539
0 0.268720 0.712042 0.004739 0.167539
1 0.261374 0.712042 0.005213 0.167539
26 0.253791 0.712042 0.005213 0.167539
9 0.247630 0.712042 0.004265 0.167539
11 0.241943 0.712042 0.004265 0.167539
13 0.235782 0.712042 0.003318 0.167539
12 0.226777 0.712042 0.007109 0.167539
26 0.205450 0.712042 0.011848 0.167539
26 0.196445 0.712042 0.004265 0.167539
12 0.183886 0.712042 0.004739 0.167539
4 0.170142 0.712042 0.008531 0.167539
13 0.161374 0.712042 0.004265 0.167539
11 0.149289 0.712042 0.002844 0.167539
9 0.143128 0.712042 0.003791 0.167539
14 0.138389 0.712042 0.004739 0.167539
9 0.130806 0.712042 0.003791 0.167539
4 0.106635 0.712042 0.002844 0.167539
25 0.099289 0.712042 0.006161 0.167539
14 0.090047 0.712042 0.005687 0.167539
9 0.083886 0.712042 0.004739 0.167539
13 0.077962 0.712042 0.003318 0.167539
18 0.067536 0.712042 0.003318 0.167539
12 0.059716 0.712042 0.003791 0.167539
0 0.034360 0.712042 0.002370 0.167539
24 0.026777 0.712042 0.007109 0.167539
21 0.014218 0.712042 0.005687 0.167539
