25 0.975000 0.562813 0.008333 0.038125
9 0.962083 0.562813 0.009167 0.038125
14 0.951667 0.562813 0.011667 0.038125
18 0.922917 0.562813 0.029167 0.038125
9 0.896250 0.562813 0.005833 0.038125
25 0.883750 0.564063 0.012500 0.038125
24 0.864167 0.564063 0.015000 0.038125
0 0.844583 0.564063 0.012500 0.038125
12 0.827500 0.564063 0.020000 0.038125
9 0.806250 0.564063 0.005833 0.038125
4 0.796667 0.564063 0.011667 0.038125
5 0.777083 0.564688 0.010833 0.038125
4 0.765000 0.564688 0.015000 0.038125
0 0.741250 0.564688 0.014167 0.038125
12 0.723333 0.564688 0.013333 0.038125
4 0.704583 0.564688 0.014167 0.038125
9 0.690417 0.564688 0.009167 0.038125
16 0.680417 0.564688 0.009167 0.038125
5 0.667083 0.565312 0.009167 0.038125
9 0.649583 0.565312 0.005833 0.038125
4 0.637500 0.565312 0.011667 0.038125
5 0.622083 0.565312 0.009167 0.038125
4 0.605417 0.565312 0.024167 0.038125
0 0.582917 0.565312 0.015833 0.038125
7 0.565000 0.566562 0.015000 0.038125
3 0.540000 0.566562 0.030000 0.038125
5 0.515000 0.566562 0.013333 0.038125
0 0.499167 0.566562 0.015000 0.038125
4 0.483333 0.566562 0.015000 0.038125
1 0.465833 0.566562 0.016667 0.038125
26 0.445000 0.567187 0.020000 0.038125
0 0.420417 0.567187 0.025833 0.038125
26 0.397083 0.567187 0.015833 0.038125
9 0.375000 0.567187 0.006667 0.038125
4 0.359583 0.567187 0.010833 0.038125
5 0.346667 0.567813 0.011667 0.038125
4 0.330833 0.567813 0.008333 0.038125
0 0.307083 0.567813 0.014167 0.038125
12 0.286667 0.567813 0.015000 0.038125
4 0.267917 0.567813 0.014167 0.038125
9 0.253750 0.567813 0.009167 0.038125
10 0.240833 0.569063 0.016667 0.038125
1 0.215000 0.569063 0.006667 0.038125
11 0.200833 0.569063 0.011667 0.038125
12 0.185417 0.569063 0.007500 0.038125
12 0.161667 0.569063 0.010000 0.038125
1 0.141250 0.569688 0.012500 0.038125
1 0.127500 0.569688 0.013333 0.038125
10 0.107917 0.569688 0.010833 0.038125
5 0.089167 0.569688 0.006667 0.038125
1 0.074583 0.569688 0.010833 0.038125
11 0.060000 0.569688 0.013333 0.038125
12 0.040833 0.570937 0.010000 0.038125
16 0.978750 0.585625 0.005833 0.033750
20 0.967917 0.586875 0.009167 0.033750
25 0.954583 0.586875 0.009167 0.033750
9 0.942917 0.586875 0.007500 0.033750
10 0.934583 0.586875 0.005833 0.033750
5 0.910833 0.586875 0.006667 0.033750
1 0.897917 0.586875 0.010833 0.033750
11 0.882500 0.586875 0.011667 0.033750
12 0.870833 0.586875 0.006667 0.033750
14 0.839167 0.586875 0.018333 0.033750
0 0.819583 0.586875 0.017500 0.033750
3 0.799167 0.586875 0.018333 0.033750
10 0.781667 0.586875 0.013333 0.033750
5 0.760000 0.586875 0.006667 0.033750
4 0.749583 0.586875 0.009167 0.033750
9 0.736667 0.587500 0.010000 0.033750
5 0.724583 0.587500 0.010833 0.033750
4 0.702917 0.587500 0.017500 0.033750
3 0.683750 0.587500 0.015833 0.033750
1 0.666667 0.587500 0.015000 0.033750
24 0.648333 0.587500 0.016667 0.033750
9 0.633333 0.587500 0.008333 0.033750
13 0.619167 0.587500 0.015000 0.033750
4 0.596250 0.587500 0.019167 0.033750
0 0.578333 0.587500 0.015000 0.033750
12 0.558750 0.587500 0.015833 0.033750
4 0.541667 0.587500 0.016667 0.033750
0 0.517917 0.587500 0.010833 0.033750
25 0.498750 0.588750 0.015833 0.033750
24 0.471250 0.588750 0.020833 0.033750
0 0.445000 0.588750 0.010000 0.033750
16 0.429583 0.588750 0.010833 0.033750
11 0.417917 0.588750 0.009167 0.033750
9 0.404167 0.588750 0.013333 0.033750
14 0.382500 0.588750 0.011667 0.033750
22 0.356667 0.588750 0.016667 0.033750
5 0.345417 0.588750 0.009167 0.033750
10 0.330417 0.588750 0.015833 0.033750
4 0.308333 0.588750 0.011667 0.033750
9 0.291667 0.588750 0.010000 0.033750
5 0.283333 0.588750 0.008333 0.033750
13 0.269167 0.589375 0.016667 0.033750
18 0.247917 0.589375 0.009167 0.033750
12 0.227083 0.589375 0.010833 0.033750
12 0.202500 0.589375 0.008333 0.033750
1 0.183750 0.589375 0.014167 0.033750
1 0.167083 0.589375 0.012500 0.033750
10 0.151250 0.589375 0.009167 0.033750
5 0.129583 0.589375 0.005833 0.033750
25 0.118750 0.589375 0.014167 0.033750
16 0.094583 0.589375 0.014167 0.033750
16 0.082083 0.589375 0.014167 0.033750
26 0.057917 0.589375 0.015833 0.033750
13 0.037083 0.590000 0.020833 0.033750
12 0.969583 0.610313 0.009167 0.031875
1 0.948750 0.610313 0.012500 0.031875
16 0.936250 0.610313 0.009167 0.031875
9 0.923750 0.610313 0.009167 0.031875
10 0.912083 0.610313 0.007500 0.031875
5 0.890833 0.610938 0.005000 0.031875
3 0.878750 0.610938 0.010833 0.031875
1 0.857917 0.610938 0.014167 0.031875
24 0.841667 0.610938 0.013333 0.031875
26 0.820417 0.610938 0.010833 0.031875
1 0.789167 0.611875 0.013333 0.032500
13 0.767917 0.611875 0.020833 0.032500
1 0.742500 0.611875 0.013333 0.032500
25 0.720833 0.611875 0.018333 0.032500
1 0.691667 0.611875 0.018333 0.032500
26 0.670833 0.612812 0.013333 0.031875
10 0.652500 0.612812 0.018333 0.031875
1 0.625000 0.612812 0.018333 0.031875
1 0.604583 0.612812 0.017500 0.031875
9 0.590833 0.612812 0.008333 0.031875
26 0.575000 0.613437 0.016667 0.031875
10 0.555417 0.613437 0.015833 0.031875
5 0.533750 0.613437 0.005833 0.031875
1 0.521667 0.613437 0.011667 0.031875
12 0.504583 0.613437 0.010833 0.031875
11 0.488333 0.613437 0.013333 0.031875
26 0.467500 0.614375 0.013333 0.032500
10 0.451250 0.614375 0.009167 0.032500
1 0.426667 0.614375 0.013333 0.032500
3 0.409583 0.614375 0.012500 0.032500
24 0.392500 0.614375 0.013333 0.032500
10 0.372917 0.614375 0.015833 0.032500
5 0.352083 0.615313 0.009167 0.031875
1 0.339167 0.615313 0.011667 0.031875
25 0.321667 0.615313 0.015000 0.031875
11 0.297083 0.615313 0.017500 0.031875
1 0.276250 0.615313 0.012500 0.031875
10 0.258750 0.615313 0.022500 0.031875
5 0.237083 0.616250 0.005833 0.032500
1 0.227083 0.616250 0.010833 0.032500
23 0.210417 0.616250 0.014167 0.032500
5 0.193750 0.616250 0.009167 0.032500
14 0.185833 0.616250 0.011667 0.032500
10 0.161250 0.616250 0.019167 0.032500
5 0.138333 0.617188 0.006667 0.031875
12 0.126250 0.617188 0.012500 0.031875
18 0.106250 0.617188 0.010833 0.031875
9 0.097917 0.617188 0.009167 0.031875
24 0.081667 0.617188 0.015000 0.031875
26 0.056667 0.617188 0.016667 0.031875
4 0.037917 0.617812 0.020833 0.031875
12 0.977500 0.630000 0.010000 0.032500
0 0.958750 0.630000 0.012500 0.032500
5 0.945417 0.630000 0.009167 0.032500
26 0.930833 0.630000 0.018333 0.032500
18 0.910417 0.630000 0.010833 0.032500
12 0.885833 0.630938 0.011667 0.031875
9 0.860000 0.630938 0.006667 0.031875
3 0.845000 0.630938 0.011667 0.031875
10 0.827083 0.630938 0.017500 0.031875
5 0.803333 0.630938 0.008333 0.031875
4 0.787500 0.631563 0.018333 0.031875
9 0.771667 0.631563 0.008333 0.031875
5 0.761667 0.631563 0.008333 0.031875
12 0.742917 0.631563 0.010833 0.031875
8 0.724167 0.631563 0.015000 0.031875
8 0.700417 0.631563 0.017500 0.031875
20 0.678750 0.632812 0.014167 0.031875
26 0.657083 0.632812 0.022500 0.031875
1 0.626667 0.632812 0.018333 0.031875
9 0.611667 0.632812 0.008333 0.031875
15 0.600417 0.632812 0.009167 0.031875
18 0.577500 0.632812 0.018333 0.031875
9 0.562500 0.633437 0.006667 0.031875
16 0.552083 0.633437 0.009167 0.031875
9 0.541667 0.633437 0.006667 0.031875
10 0.528750 0.633437 0.015833 0.031875
5 0.505833 0.633437 0.006667 0.031875
11 0.493333 0.633437 0.011667 0.031875
26 0.473333 0.633437 0.023333 0.031875
1 0.451667 0.634375 0.018333 0.032500
26 0.429583 0.634375 0.019167 0.032500
13 0.409583 0.634375 0.017500 0.032500
18 0.382917 0.634375 0.017500 0.032500
12 0.357500 0.635312 0.026667 0.031875
14 0.329167 0.635312 0.016667 0.031875
5 0.315417 0.635312 0.009167 0.031875
6 0.304167 0.635312 0.008333 0.031875
5 0.283333 0.635312 0.028333 0.031875
26 0.265000 0.635312 0.003333 0.031875
1 0.254583 0.635312 0.010833 0.031875
9 0.239583 0.635938 0.019167 0.031875
26 0.194167 0.635938 0.023333 0.031875
10 0.173750 0.635938 0.022500 0.031875
5 0.154167 0.635938 0.008333 0.031875
1 0.142500 0.637188 0.010000 0.031875
25 0.122083 0.637188 0.017500 0.031875
18 0.094167 0.637188 0.016667 0.031875
24 0.073333 0.637188 0.016667 0.031875
9 0.048750 0.637188 0.014167 0.031875
10 0.037500 0.637813 0.013333 0.031875
