25 0.940904 0.035316 0.034762 0.068154
14 0.906141 0.035316 0.028969 0.068154
18 0.867323 0.035316 0.037080 0.068154
9 0.838644 0.035316 0.008691 0.068154
25 0.820394 0.035316 0.016222 0.068154
24 0.789108 0.035316 0.025492 0.068154
0 0.752028 0.035316 0.022016 0.068154
12 0.733488 0.035316 0.010429 0.068154
9 0.696698 0.034077 0.008691 0.068154
4 0.678737 0.034077 0.013326 0.068154
5 0.659907 0.034077 0.016222 0.068154
4 0.635284 0.034077 0.013326 0.068154
0 0.598494 0.034077 0.009270 0.068154
12 0.572711 0.034077 0.020278 0.068154
4 0.542584 0.034077 0.019119 0.068154
9 0.524334 0.034077 0.011587 0.068154
16 0.511008 0.034077 0.012746 0.068154
5 0.493627 0.034077 0.010429 0.068154
9 0.475956 0.034077 0.009849 0.068154
4 0.456257 0.034077 0.013326 0.068154
5 0.437428 0.034077 0.016222 0.068154
4 0.413384 0.034077 0.012167 0.068154
0 0.377173 0.034077 0.009270 0.068154
6 0.356895 0.034077 0.013905 0.068154
9 0.338065 0.034077 0.016802 0.068154
3 0.313731 0.034077 0.012167 0.068154
5 0.240151 0.033457 0.008691 0.066914
0 0.222480 0.033457 0.015064 0.066914
4 0.198146 0.033457 0.017381 0.066914
1 0.173233 0.033457 0.023175 0.066914
26 0.135574 0.033457 0.017381 0.066914
0 0.092121 0.033457 0.011587 0.066914
26 0.068366 0.033147 0.012746 0.066295
9 0.956257 0.078686 0.009849 0.068154
4 0.939455 0.077447 0.014484 0.068154
5 0.920626 0.077447 0.015064 0.068154
4 0.901506 0.077447 0.011587 0.068154
0 0.864426 0.076518 0.009270 0.068773
12 0.846466 0.076518 0.016222 0.068773
4 0.821553 0.076518 0.016222 0.068773
9 0.803013 0.076518 0.016222 0.068773
10 0.784473 0.075589 0.011587 0.068154
1 0.753187 0.075589 0.011587 0.068154
11 0.728563 0.075589 0.017961 0.068154
12 0.709733 0.075589 0.011587 0.068154
12 0.673233 0.074349 0.011587 0.068154
1 0.648320 0.074349 0.018540 0.068154
1 0.624276 0.073420 0.020278 0.068773
10 0.599652 0.073420 0.013905 0.068773
5 0.569815 0.073420 0.014484 0.068773
1 0.550406 0.073420 0.017381 0.068773
11 0.524913 0.072491 0.017381 0.068154
12 0.497683 0.072491 0.035921 0.068154
16 0.469873 0.072491 0.013905 0.068154
20 0.451912 0.071252 0.016222 0.068154
25 0.426709 0.071252 0.020278 0.068154
10 0.392526 0.071252 0.030707 0.068154
5 0.364716 0.070322 0.009849 0.068773
1 0.346756 0.070322 0.016802 0.068773
11 0.320394 0.070322 0.022016 0.068773
12 0.290556 0.069393 0.016802 0.068154
14 0.234067 0.069393 0.013905 0.068154
0 0.204229 0.068154 0.021437 0.068154
3 0.180475 0.068154 0.020278 0.068154
10 0.154403 0.068154 0.014484 0.068154
5 0.123986 0.067224 0.011587 0.068773
4 0.098783 0.067224 0.019119 0.068773
9 0.074160 0.067224 0.018540 0.068773
5 0.056199 0.067224 0.011587 0.068773
4 0.953940 0.122986 0.012167 0.063817
3 0.935689 0.122986 0.018540 0.063817
1 0.907010 0.122057 0.021437 0.064436
24 0.884415 0.122057 0.016802 0.064436
9 0.865875 0.122057 0.014484 0.064436
13 0.845886 0.121128 0.023175 0.063817
4 0.816049 0.121128 0.019119 0.063817
0 0.791425 0.121128 0.018540 0.063817
12 0.766802 0.121128 0.019119 0.063817
4 0.739282 0.119888 0.026651 0.063817
0 0.706837 0.119888 0.017381 0.063817
25 0.682213 0.119888 0.020278 0.063817
24 0.646002 0.118959 0.032445 0.064436
0 0.612688 0.118959 0.011008 0.064436
16 0.588355 0.118959 0.017961 0.064436
11 0.565469 0.118030 0.017381 0.063817
9 0.548667 0.118030 0.010429 0.063817
14 0.524044 0.118030 0.015643 0.063817
22 0.490440 0.116791 0.021437 0.063817
5 0.473349 0.116791 0.015064 0.063817
10 0.455968 0.116791 0.010429 0.063817
4 0.425550 0.116791 0.009849 0.063817
9 0.408749 0.116791 0.014484 0.063817
5 0.391947 0.115861 0.014484 0.064436
13 0.374855 0.115861 0.010429 0.064436
18 0.333140 0.115861 0.026651 0.064436
12 0.301275 0.114932 0.035921 0.063817
12 0.270857 0.114932 0.019119 0.063817
1 0.241309 0.114932 0.020278 0.063817
1 0.219003 0.113693 0.018540 0.063817
10 0.190614 0.113693 0.031286 0.063817
5 0.165701 0.113693 0.010429 0.063817
25 0.148320 0.113693 0.018540 0.063817
16 0.119930 0.112763 0.019699 0.064436
16 0.102839 0.112763 0.014484 0.064436
26 0.084299 0.112763 0.015643 0.064436
13 0.059965 0.112763 0.024913 0.064436
12 0.953940 0.161710 0.014484 0.060719
1 0.927289 0.161710 0.019119 0.060719
16 0.905562 0.161710 0.012746 0.060719
9 0.895713 0.161710 0.011587 0.060719
10 0.873407 0.160781 0.021437 0.061338
5 0.848494 0.160781 0.016802 0.061338
3 0.825319 0.160781 0.017961 0.061338
1 0.797219 0.160781 0.018540 0.061338
24 0.776072 0.160781 0.017961 0.061338
26 0.743627 0.159851 0.029548 0.060719
1 0.705678 0.159851 0.023175 0.060719
13 0.678737 0.159851 0.024913 0.060719
1 0.644554 0.158612 0.022596 0.060719
25 0.615006 0.158612 0.021437 0.060719
1 0.581692 0.158612 0.024334 0.060719
26 0.550116 0.158612 0.021437 0.060719
10 0.519699 0.157683 0.030127 0.061338
1 0.486674 0.157683 0.017381 0.061338
1 0.462630 0.157683 0.014484 0.061338
9 0.445829 0.157683 0.015643 0.061338
26 0.419757 0.157683 0.019119 0.061338
10 0.389050 0.156753 0.031866 0.060719
5 0.365585 0.156753 0.011587 0.060719
1 0.344148 0.156753 0.017381 0.060719
12 0.316338 0.156753 0.023175 0.060719
11 0.279548 0.155514 0.024913 0.060719
26 0.247393 0.155514 0.023175 0.060719
10 0.210603 0.155514 0.033024 0.060719
1 0.183662 0.155514 0.017381 0.060719
3 0.160487 0.154585 0.023175 0.061338
24 0.111240 0.154585 0.032445 0.061338
10 0.064890 0.154585 0.037080 0.061338
5 0.961761 0.211276 0.010429 0.063197
1 0.945249 0.211276 0.014484 0.063197
25 0.921784 0.211276 0.023175 0.063197
11 0.882966 0.210657 0.025492 0.063197
1 0.860371 0.210657 0.017381 0.063197
10 0.834878 0.209418 0.027810 0.063197
5 0.805041 0.209418 0.008691 0.063197
1 0.787949 0.209418 0.017381 0.063197
23 0.759560 0.209418 0.018540 0.063197
5 0.743337 0.208178 0.012746 0.063197
14 0.726825 0.208178 0.020278 0.063197
10 0.691194 0.208178 0.017381 0.063197
5 0.664832 0.207559 0.008691 0.063197
23 0.648320 0.207559 0.016222 0.063197
25 0.619930 0.206320 0.023175 0.063197
24 0.586037 0.206320 0.024913 0.063197
26 0.551275 0.206320 0.024913 0.063197
13 0.524044 0.205081 0.015643 0.063197
12 0.488413 0.205081 0.019699 0.063197
0 0.457416 0.204461 0.021437 0.063197
5 0.440035 0.204461 0.015643 0.063197
26 0.413963 0.204461 0.027231 0.063197
18 0.383835 0.203222 0.015643 0.063197
12 0.349942 0.203222 0.017381 0.063197
9 0.328216 0.201983 0.008691 0.063197
3 0.311703 0.201983 0.018540 0.063197
10 0.282445 0.201983 0.015643 0.063197
5 0.258111 0.201363 0.009849 0.063197
4 0.239282 0.201363 0.016222 0.063197
9 0.221900 0.201363 0.012746 0.063197
5 0.209444 0.201363 0.012167 0.063197
12 0.187428 0.200124 0.019119 0.063197
8 0.154693 0.200124 0.023175 0.063197
8 0.127173 0.198885 0.023754 0.063197
20 0.092700 0.198885 0.023175 0.063197
26 0.061414 0.198885 0.032445 0.063197
1 0.961761 0.249690 0.010429 0.063197
9 0.940035 0.249690 0.013326 0.063197
15 0.928447 0.249690 0.007532 0.063197
18 0.900927 0.248761 0.010429 0.062577
9 0.878042 0.248761 0.013326 0.062577
16 0.866744 0.248761 0.010429 0.062577
9 0.849942 0.248761 0.011587 0.062577
10 0.838355 0.248761 0.008111 0.062577
5 0.806489 0.248761 0.008111 0.062577
11 0.786501 0.248761 0.020278 0.062577
26 0.752028 0.248761 0.024334 0.062577
1 0.719293 0.247831 0.027231 0.063197
26 0.679316 0.247831 0.026072 0.063197
13 0.642526 0.247831 0.033604 0.063197
18 0.599942 0.247831 0.031866 0.063197
12 0.548667 0.246592 0.068366 0.063197
14 0.498262 0.246592 0.011587 0.063197
6 0.468714 0.246592 0.018540 0.063197
6 0.451622 0.246592 0.009849 0.063197
5 0.440324 0.246592 0.022016 0.063197
26 0.390498 0.245353 0.023175 0.063197
1 0.345017 0.245353 0.008691 0.063197
9 0.327636 0.245353 0.013326 0.063197
26 0.304461 0.245353 0.019119 0.063197
10 0.276072 0.245353 0.014484 0.063197
5 0.241599 0.245353 0.011587 0.063197
1 0.226246 0.244734 0.013326 0.063197
25 0.202491 0.244734 0.022596 0.063197
18 0.163094 0.244734 0.026072 0.063197
24 0.128621 0.244734 0.026651 0.063197
9 0.088644 0.244734 0.022016 0.063197
10 0.068656 0.244734 0.023754 0.063197
5 0.825319 0.289653 0.008691 0.057621
4 0.810255 0.289653 0.013326 0.057621
9 0.789397 0.289653 0.014484 0.057621
4 0.769409 0.289653 0.022016 0.057621
0 0.733778 0.289653 0.021437 0.057621
13 0.708864 0.289653 0.024913 0.057621
25 0.678447 0.289653 0.016222 0.057621
14 0.644554 0.289653 0.023754 0.057621
18 0.610371 0.289653 0.033024 0.057621
26 0.571553 0.288414 0.009849 0.057621
25 0.545191 0.288414 0.023175 0.057621
14 0.504345 0.288414 0.026072 0.057621
18 0.473349 0.288414 0.022016 0.057621
5 0.447277 0.288414 0.012746 0.057621
0 0.414832 0.288414 0.011587 0.057621
12 0.389340 0.288414 0.012746 0.057621
14 0.341831 0.288414 0.018540 0.057621
22 0.311414 0.287485 0.021437 0.058240
5 0.286211 0.287485 0.019699 0.058240
26 0.260139 0.287485 0.017381 0.058240
9 0.240440 0.287485 0.016222 0.058240
0 0.210313 0.287485 0.020857 0.058240
25 0.182213 0.287485 0.020278 0.058240
24 0.144554 0.287485 0.031866 0.058240
0 0.103418 0.287485 0.009849 0.058240
16 0.082271 0.287485 0.013905 0.058240
11 0.066628 0.287485 0.013905 0.058240
9 0.047798 0.287485 0.011008 0.058240
14 0.961761 0.332404 0.018540 0.055143
22 0.928737 0.332404 0.022016 0.055143
5 0.903824 0.332404 0.016222 0.055143
4 0.880070 0.332404 0.023175 0.055143
0 0.847914 0.331475 0.030707 0.054523
26 0.803013 0.331475 0.053302 0.054523
11 0.758980 0.331475 0.028969 0.054523
13 0.741889 0.331475 0.001738 0.054523
4 0.721321 0.331475 0.008111 0.054523
9 0.706257 0.331475 0.010429 0.054523
5 0.692352 0.330235 0.013905 0.054523
13 0.672654 0.330235 0.010429 0.054523
12 0.636153 0.330235 0.011587 0.054523
0 0.605156 0.330235 0.021437 0.054523
4 0.575608 0.330235 0.020278 0.054523
1 0.550116 0.330235 0.019119 0.054523
4 0.526651 0.329306 0.012746 0.055143
0 0.486385 0.329306 0.024913 0.055143
26 0.457416 0.329306 0.030707 0.055143
9 0.427289 0.329306 0.009849 0.055143
4 0.405852 0.329306 0.026072 0.055143
5 0.384705 0.329306 0.011587 0.055143
4 0.363557 0.328377 0.030707 0.054523
0 0.329954 0.328377 0.015643 0.054523
12 0.300116 0.328377 0.022016 0.054523
4 0.268830 0.328377 0.019699 0.054523
9 0.248841 0.328377 0.014484 0.054523
11 0.229143 0.328377 0.015643 0.054523
13 0.202491 0.327138 0.026072 0.054523
5 0.173812 0.327138 0.011587 0.054523
12 0.154693 0.327138 0.017381 0.054523
18 0.125145 0.327138 0.022016 0.054523
1 0.092990 0.327138 0.019119 0.054523
3 0.073291 0.327138 0.015643 0.054523
5 0.050985 0.327138 0.017381 0.054523
1 0.966976 0.372367 0.019699 0.045849
11 0.939455 0.372367 0.016802 0.045849
12 0.909618 0.372367 0.035921 0.045849
12 0.878042 0.372367 0.019119 0.045849
1 0.849363 0.372367 0.018540 0.045849
1 0.824450 0.372367 0.018540 0.045849
11 0.798957 0.372367 0.017381 0.045849
13 0.771437 0.372367 0.026072 0.045849
5 0.742758 0.372367 0.008111 0.045849
1 0.726535 0.372367 0.016222 0.045849
11 0.697277 0.372367 0.019119 0.045849
12 0.663963 0.372367 0.035921 0.045849
16 0.635284 0.372367 0.009849 0.045849
20 0.616165 0.372367 0.015643 0.045849
25 0.590382 0.372367 0.022016 0.045849
11 0.552144 0.372367 0.023175 0.045849
13 0.524044 0.372367 0.027231 0.045849
5 0.491889 0.372367 0.006952 0.045849
16 0.475666 0.372367 0.017381 0.045849
26 0.441194 0.372367 0.026072 0.045849
26 0.402665 0.372367 0.022016 0.045849
9 0.383835 0.372367 0.013326 0.045849
14 0.351970 0.372367 0.027231 0.045849
8 0.322132 0.372367 0.028969 0.045849
24 0.292005 0.372367 0.026651 0.045849
0 0.254345 0.372367 0.025492 0.045849
24 0.227404 0.372367 0.024913 0.045849
22 0.198146 0.372367 0.028969 0.045849
11 0.170336 0.372367 0.023175 0.045849
13 0.142236 0.372367 0.024913 0.045849
1 0.111240 0.372367 0.017381 0.045849
18 0.089224 0.372367 0.011587 0.045849
9 0.079954 0.372367 0.010429 0.045849
26 0.058806 0.372367 0.013326 0.045849
5 0.042874 0.372367 0.012746 0.045849
9 0.969293 0.421933 0.006952 0.065675
5 0.954519 0.421933 0.013326 0.065675
24 0.936269 0.421933 0.017381 0.065675
4 0.901796 0.421933 0.031866 0.065675
5 0.869641 0.421933 0.012746 0.065675
14 0.849942 0.421933 0.019699 0.065675
12 0.813152 0.421933 0.024913 0.065675
23 0.782445 0.421933 0.019119 0.065675
5 0.763905 0.421933 0.015643 0.065675
25 0.727115 0.421933 0.046350 0.065675
5 0.691483 0.421933 0.013326 0.065675
0 0.672074 0.421933 0.015064 0.065675
17 0.646292 0.421933 0.020278 0.065675
20 0.615875 0.421933 0.023175 0.065675
26 0.576767 0.421933 0.035342 0.065675
3 0.538528 0.421933 0.024913 0.065675
2 0.505794 0.421933 0.017381 0.065675
16 0.493048 0.421933 0.011587 0.065675
10 0.470452 0.421933 0.024334 0.065675
5 0.445249 0.421933 0.017961 0.065675
26 0.419177 0.421933 0.017961 0.065675
9 0.393975 0.421933 0.018540 0.065675
24 0.369930 0.421933 0.020278 0.065675
25 0.338934 0.421933 0.022016 0.065675
10 0.307358 0.421933 0.027231 0.065675
5 0.277810 0.421933 0.008691 0.065675
9 0.265933 0.421933 0.011587 0.065675
22 0.247683 0.421933 0.015643 0.065675
4 0.222480 0.421933 0.020857 0.065675
24 0.190904 0.421933 0.020278 0.065675
10 0.165411 0.421933 0.024913 0.065675
5 0.138760 0.421933 0.005214 0.065675
16 0.123696 0.421933 0.013326 0.065675
26 0.105446 0.421933 0.017381 0.065675
26 0.075029 0.421933 0.020278 0.065675
9 0.048667 0.421933 0.024334 0.065675
18 0.968424 0.466233 0.011008 0.066295
25 0.940904 0.466233 0.025492 0.066295
1 0.900058 0.466233 0.031866 0.066295
1 0.861530 0.466233 0.025492 0.066295
25 0.828216 0.466233 0.035342 0.066295
3 0.792584 0.466233 0.030127 0.066295
10 0.764195 0.466233 0.023175 0.066295
12 0.731460 0.466233 0.012167 0.066295
1 0.701043 0.466233 0.020857 0.066295
4 0.676130 0.466233 0.017381 0.066295
14 0.651796 0.466233 0.020857 0.066295
26 0.614716 0.466233 0.024334 0.066295
10 0.589803 0.466233 0.013905 0.066295
5 0.552433 0.466233 0.008691 0.066295
0 0.534183 0.466233 0.016222 0.066295
11 0.509270 0.466233 0.016222 0.066295
12 0.485516 0.466233 0.026651 0.066295
26 0.436269 0.466233 0.023175 0.066295
5 0.399479 0.466233 0.007532 0.066295
25 0.380359 0.466233 0.020278 0.066295
1 0.343279 0.466233 0.021437 0.066295
18 0.318946 0.466233 0.024913 0.066295
26 0.274913 0.466233 0.020278 0.066295
4 0.233198 0.466233 0.009849 0.066295
25 0.207706 0.466233 0.021437 0.066295
14 0.171205 0.466233 0.024913 0.066295
24 0.140209 0.466233 0.020857 0.066295
5 0.115585 0.466233 0.012167 0.066295
12 0.096176 0.466233 0.012746 0.066295
11 0.066628 0.466233 0.019699 0.066295
13 0.046929 0.466233 0.010429 0.066295
20 0.971031 0.507745 0.023175 0.047708
15 0.950463 0.507745 0.013326 0.047708
9 0.926419 0.507745 0.011587 0.047708
20 0.908169 0.507745 0.021437 0.047708
26 0.877173 0.507745 0.037080 0.047708
4 0.840382 0.507745 0.033024 0.047708
12 0.805910 0.507745 0.012746 0.047708
1 0.774623 0.507745 0.019699 0.047708
1 0.752317 0.507745 0.019119 0.047708
11 0.720452 0.507745 0.021437 0.047708
13 0.698146 0.507745 0.011587 0.047708
5 0.663384 0.507745 0.008111 0.047708
17 0.645423 0.507745 0.016222 0.047708
24 0.614137 0.507745 0.023175 0.047708
26 0.578795 0.507745 0.024334 0.047708
13 0.552723 0.507745 0.012746 0.047708
5 0.519988 0.507745 0.008691 0.047708
18 0.502897 0.507745 0.017381 0.047708
1 0.472480 0.507745 0.020278 0.047708
3 0.444670 0.507745 0.024913 0.047708
26 0.400637 0.507745 0.026072 0.047708
13 0.371958 0.507745 0.027810 0.047708
0 0.333720 0.507745 0.017381 0.047708
12 0.303013 0.507745 0.024334 0.047708
4 0.267381 0.507745 0.022596 0.047708
9 0.245075 0.507745 0.016222 0.047708
13 0.219583 0.507745 0.025492 0.047708
0 0.188876 0.507745 0.016222 0.047708
6 0.165411 0.507745 0.015643 0.047708
5 0.146871 0.507745 0.015643 0.047708
24 0.120800 0.507745 0.021437 0.047708
9 0.089513 0.507745 0.017961 0.047708
13 0.059096 0.507745 0.040556 0.047708
5 0.972190 0.545539 0.006952 0.055143
4 0.951912 0.545539 0.018540 0.055143
25 0.923233 0.545539 0.026072 0.055143
26 0.874855 0.545539 0.035921 0.055143
7 0.827346 0.546468 0.024334 0.054523
5 0.812862 0.546468 0.010429 0.054523
9 0.797798 0.546468 0.015064 0.054523
26 0.769119 0.546468 0.020278 0.054523
13 0.737543 0.546468 0.030127 0.054523
12 0.697856 0.546468 0.026072 0.054523
4 0.658169 0.546468 0.024334 0.054523
13 0.626883 0.546468 0.028969 0.054523
5 0.595017 0.546468 0.006952 0.054523
6 0.581692 0.547708 0.012746 0.054523
6 0.561703 0.547708 0.015643 0.054523
24 0.537949 0.547708 0.020278 0.054523
4 0.499131 0.547708 0.033024 0.054523
0 0.456257 0.547708 0.024913 0.054523
19 0.430475 0.547708 0.023175 0.054523
9 0.401796 0.547708 0.011008 0.054523
4 0.383835 0.547708 0.015643 0.054523
5 0.359791 0.547708 0.017381 0.054523
4 0.332271 0.547708 0.028389 0.054523
1 0.298088 0.548637 0.020278 0.055143
11 0.267961 0.548637 0.019119 0.055143
13 0.241889 0.548637 0.024913 0.055143
5 0.212341 0.548637 0.011008 0.055143
18 0.195829 0.548637 0.018540 0.055143
22 0.157010 0.548637 0.024334 0.055143
24 0.126304 0.548637 0.030127 0.055143
0 0.090093 0.548637 0.019119 0.055143
26 0.051854 0.549566 0.034183 0.054523
4 0.972769 0.594796 0.019699 0.055762
25 0.939166 0.594796 0.040556 0.055762
14 0.902086 0.594796 0.028969 0.055762
9 0.880070 0.594796 0.011587 0.055762
13 0.856605 0.594796 0.027231 0.055762
5 0.823870 0.594796 0.008111 0.055762
12 0.804751 0.594796 0.017381 0.055762
0 0.772885 0.594796 0.028969 0.055762
9 0.741309 0.594796 0.011008 0.055762
4 0.721321 0.594796 0.015064 0.055762
9 0.700174 0.594796 0.015643 0.055762
4 0.675840 0.594796 0.024913 0.055762
14 0.643105 0.594796 0.017381 0.055762
8 0.612109 0.594796 0.023754 0.055762
24 0.570973 0.594796 0.039977 0.055762
5 0.532445 0.594796 0.010429 0.055762
4 0.513036 0.594796 0.014484 0.055762
0 0.492758 0.594796 0.017961 0.055762
3 0.461761 0.594796 0.020857 0.055762
14 0.435110 0.594796 0.020857 0.055762
4 0.400348 0.594796 0.026651 0.055762
12 0.365875 0.594796 0.014484 0.055762
0 0.335168 0.594796 0.028389 0.055762
26 0.301564 0.594796 0.019119 0.055762
26 0.274044 0.594796 0.018540 0.055762
15 0.246524 0.594796 0.024913 0.055762
0 0.217555 0.594796 0.024913 0.055762
26 0.187717 0.594796 0.031286 0.055762
9 0.159618 0.594796 0.013326 0.055762
1 0.138181 0.594796 0.015643 0.055762
5 0.117323 0.594796 0.014484 0.055762
12 0.096466 0.594796 0.020278 0.055762
4 0.053302 0.594796 0.037080 0.055762
5 0.977694 0.640025 0.009849 0.055762
0 0.957416 0.640025 0.019119 0.055762
1 0.926419 0.640025 0.019699 0.055762
3 0.905562 0.640025 0.018540 0.055762
26 0.874565 0.640025 0.020278 0.055762
13 0.844728 0.640025 0.030127 0.055762
14 0.799537 0.640025 0.028969 0.055762
4 0.769699 0.640025 0.027231 0.055762
24 0.740730 0.640025 0.027231 0.055762
4 0.712630 0.640025 0.025492 0.055762
14 0.676419 0.640025 0.020278 0.055762
18 0.644554 0.640025 0.022596 0.055762
12 0.606315 0.640025 0.041136 0.055762
4 0.573870 0.640025 0.020278 0.055762
0 0.545481 0.640025 0.019119 0.055762
24 0.519699 0.640025 0.018540 0.055762
21 0.484357 0.640025 0.040556 0.055762
4 0.453940 0.640025 0.016802 0.055762
8 0.430765 0.640025 0.017961 0.055762
1 0.399768 0.640025 0.022016 0.055762
4 0.368482 0.640025 0.025492 0.055762
0 0.333140 0.640025 0.018540 0.055762
25 0.305620 0.640025 0.021437 0.055762
24 0.264195 0.640025 0.040556 0.055762
9 0.236385 0.640025 0.010429 0.055762
4 0.216686 0.640025 0.015064 0.055762
5 0.195539 0.640025 0.015643 0.055762
4 0.172074 0.640025 0.023175 0.055762
16 0.143105 0.640025 0.011587 0.055762
26 0.123117 0.640025 0.014484 0.055762
15 0.101970 0.640025 0.018540 0.055762
12 0.075608 0.640025 0.015643 0.055762
11 0.049247 0.640025 0.017381 0.055762
13 0.027520 0.640025 0.020278 0.055762
5 0.982039 0.680917 0.010429 0.063197
25 0.961182 0.680917 0.020857 0.063197
14 0.922943 0.680917 0.027810 0.063197
26 0.884705 0.680917 0.025492 0.063197
13 0.849652 0.680917 0.031866 0.063197
0 0.810255 0.682156 0.024913 0.063197
26 0.782155 0.682156 0.028969 0.063197
3 0.752317 0.682156 0.019119 0.063197
1 0.719293 0.682156 0.021437 0.063197
24 0.698146 0.682156 0.017381 0.063197
9 0.673523 0.682156 0.016802 0.063197
0 0.642526 0.682156 0.016222 0.063197
12 0.616165 0.682156 0.019119 0.063197
4 0.586037 0.682156 0.027231 0.063197
18 0.554461 0.682156 0.012746 0.063197
12 0.528100 0.683086 0.013326 0.062577
12 0.489571 0.683086 0.011587 0.062577
1 0.461761 0.683086 0.018540 0.062577
1 0.439745 0.683086 0.017381 0.062577
11 0.411935 0.683086 0.020857 0.062577
13 0.384994 0.683086 0.013326 0.062577
5 0.357184 0.683086 0.008691 0.062577
18 0.335747 0.683086 0.021437 0.062577
12 0.302144 0.683086 0.016802 0.062577
16 0.263905 0.684015 0.009849 0.063197
20 0.241889 0.684015 0.015643 0.063197
25 0.220452 0.684015 0.021437 0.063197
11 0.181344 0.684015 0.024334 0.063197
13 0.159328 0.684015 0.011587 0.063197
5 0.130070 0.684015 0.008691 0.063197
23 0.110081 0.684015 0.017381 0.063197
25 0.083140 0.684015 0.021437 0.063197
24 0.055041 0.684015 0.017381 0.063197
26 0.038528 0.684015 0.013326 0.063197
13 0.015643 0.685254 0.023175 0.063197
0 0.975666 0.729244 0.020857 0.055762
26 0.944090 0.729244 0.020278 0.055762
13 0.915411 0.729244 0.027810 0.055762
12 0.882677 0.729244 0.021437 0.055762
0 0.849942 0.729244 0.019699 0.055762
5 0.830243 0.729244 0.016222 0.055762
26 0.800116 0.729244 0.030127 0.055762
18 0.766222 0.729244 0.014484 0.055762
12 0.731750 0.729244 0.035921 0.055762
9 0.703940 0.729244 0.011587 0.055762
3 0.684241 0.729244 0.018540 0.055762
11 0.652665 0.729244 0.019119 0.055762
13 0.627173 0.729244 0.028389 0.055762
5 0.598494 0.729244 0.009270 0.055762
4 0.579664 0.729244 0.014484 0.055762
9 0.563731 0.729244 0.011587 0.055762
5 0.546350 0.729244 0.017381 0.055762
12 0.523175 0.729244 0.017381 0.055762
8 0.496234 0.729244 0.019119 0.055762
5 0.469873 0.729244 0.017381 0.055762
8 0.449015 0.729244 0.016222 0.055762
20 0.424102 0.729244 0.018540 0.055762
26 0.393105 0.729244 0.031866 0.055762
1 0.361819 0.729244 0.015643 0.055762
9 0.339803 0.729244 0.014484 0.055762
15 0.320104 0.729244 0.021437 0.055762
18 0.294902 0.729244 0.017381 0.055762
9 0.272016 0.729244 0.014484 0.055762
16 0.256083 0.729244 0.011587 0.055762
9 0.240730 0.729244 0.013326 0.055762
11 0.219583 0.729244 0.015064 0.055762
13 0.194959 0.729244 0.026072 0.055762
5 0.166280 0.729244 0.008111 0.055762
12 0.147451 0.729244 0.017961 0.055762
14 0.116454 0.729244 0.022016 0.055762
3 0.084589 0.729244 0.022016 0.055762
26 0.057937 0.729244 0.017381 0.055762
13 0.033893 0.729244 0.024913 0.055762
0 0.974218 0.770756 0.022596 0.063197
26 0.943511 0.770756 0.020278 0.063197
13 0.913094 0.770756 0.028969 0.063197
0 0.876304 0.770756 0.021437 0.063197
26 0.841251 0.771995 0.032445 0.063197
1 0.811414 0.771995 0.019119 0.063197
16 0.787080 0.771995 0.013326 0.063197
9 0.775203 0.771995 0.012746 0.063197
11 0.752607 0.771995 0.017381 0.063197
13 0.723638 0.771995 0.030127 0.063197
12 0.684531 0.771995 0.024913 0.063197
3 0.647451 0.773234 0.023754 0.063197
1 0.618482 0.773234 0.020278 0.063197
24 0.585168 0.773234 0.034762 0.063197
1 0.549247 0.773234 0.025492 0.063197
13 0.519409 0.773854 0.030707 0.063197
1 0.486385 0.773854 0.019119 0.063197
25 0.456257 0.773854 0.024913 0.063197
1 0.415411 0.773854 0.027810 0.063197
26 0.381228 0.773854 0.023175 0.063197
10 0.351970 0.775093 0.024913 0.063197
1 0.320394 0.775093 0.022016 0.063197
1 0.293743 0.775093 0.017381 0.063197
9 0.270568 0.775093 0.017381 0.063197
26 0.247103 0.775093 0.017961 0.063197
10 0.212630 0.775093 0.037080 0.063197
5 0.187138 0.776332 0.010429 0.063197
1 0.165701 0.776332 0.018540 0.063197
12 0.137312 0.776332 0.023175 0.063197
11 0.101970 0.776332 0.024334 0.063197
26 0.073001 0.776332 0.020857 0.063197
10 0.041425 0.776952 0.033024 0.063197
1 0.981170 0.825279 0.014484 0.065675
3 0.954809 0.825279 0.024334 0.065675
24 0.912804 0.825279 0.027231 0.065675
10 0.867034 0.825279 0.055041 0.065675
5 0.844438 0.825279 0.008691 0.065675
1 0.826188 0.825279 0.016222 0.065675
25 0.795191 0.825279 0.026072 0.065675
11 0.753476 0.825279 0.024913 0.065675
1 0.727984 0.825279 0.019119 0.065675
10 0.703360 0.825279 0.012746 0.065675
5 0.670626 0.825279 0.012167 0.065675
1 0.647451 0.825279 0.017961 0.065675
23 0.623696 0.825279 0.019119 0.065675
5 0.598204 0.825279 0.016802 0.065675
14 0.579664 0.825279 0.016802 0.065675
10 0.546350 0.825279 0.032445 0.065675
5 0.516802 0.825279 0.010429 0.065675
11 0.493917 0.825279 0.020278 0.065675
26 0.463210 0.825279 0.021437 0.065675
1 0.433082 0.825279 0.024913 0.065675
26 0.395713 0.825279 0.023175 0.065675
13 0.360081 0.825279 0.043453 0.065675
18 0.327926 0.825279 0.017381 0.065675
12 0.291715 0.825279 0.037659 0.065675
14 0.263326 0.825279 0.014484 0.065675
6 0.235805 0.825279 0.017381 0.065675
5 0.223638 0.825279 0.011587 0.065675
6 0.204519 0.825279 0.015064 0.065675
5 0.186559 0.825279 0.013905 0.065675
26 0.158749 0.825279 0.034762 0.065675
1 0.129490 0.825279 0.019119 0.065675
9 0.105736 0.825279 0.020278 0.065675
26 0.068946 0.825279 0.024334 0.065675
10 0.035052 0.825279 0.031866 0.065675
5 0.988702 0.869579 0.011008 0.060099
1 0.970452 0.869579 0.018540 0.060099
25 0.936559 0.869579 0.023754 0.060099
18 0.903534 0.869579 0.026072 0.060099
24 0.864137 0.869579 0.026072 0.060099
9 0.836037 0.869579 0.018540 0.060099
10 0.810255 0.869579 0.027231 0.060099
12 0.769119 0.869579 0.031866 0.060099
14 0.718424 0.869579 0.031286 0.060099
18 0.685110 0.869579 0.022596 0.060099
15 0.657590 0.869579 0.023175 0.060099
9 0.630939 0.869579 0.006952 0.060099
24 0.612109 0.869579 0.019119 0.060099
1 0.583430 0.869579 0.018540 0.060099
5 0.560255 0.869579 0.022016 0.060099
9 0.536211 0.869579 0.006373 0.060099
14 0.517381 0.869579 0.019699 0.060099
9 0.489571 0.869579 0.017381 0.060099
11 0.471900 0.869579 0.015643 0.060099
13 0.429896 0.869579 0.050985 0.060099
5 0.410197 0.869579 0.005794 0.060099
9 0.399189 0.869579 0.011587 0.060099
14 0.377173 0.869579 0.019699 0.060099
9 0.348494 0.869579 0.014484 0.060099
1 0.318076 0.869579 0.020857 0.060099
16 0.292874 0.869579 0.013326 0.060099
9 0.280997 0.869579 0.012746 0.060099
11 0.258980 0.869579 0.017381 0.060099
13 0.227694 0.869579 0.030127 0.060099
18 0.196698 0.869579 0.014484 0.060099
12 0.162804 0.869579 0.016222 0.060099
4 0.130649 0.869579 0.009849 0.060099
0 0.107184 0.869579 0.017381 0.060099
3 0.085168 0.869579 0.015064 0.060099
14 0.062862 0.869579 0.021437 0.060099
4 0.028389 0.869579 0.016222 0.060099
0 0.981750 0.907993 0.008691 0.053903
25 0.956837 0.907993 0.023754 0.053903
24 0.917149 0.907993 0.018540 0.053903
16 0.876014 0.907993 0.008111 0.053903
25 0.856025 0.907993 0.020278 0.053903
1 0.816628 0.907993 0.026072 0.053903
18 0.786501 0.907993 0.014484 0.053903
9 0.747683 0.907993 0.013326 0.053903
4 0.720452 0.907993 0.019119 0.053903
5 0.700174 0.907993 0.015643 0.053903
4 0.668308 0.907993 0.036501 0.053903
12 0.636153 0.907993 0.023175 0.053903
0 0.600521 0.907993 0.021437 0.053903
1 0.575898 0.907993 0.022016 0.053903
26 0.540267 0.907993 0.020278 0.053903
9 0.520857 0.907993 0.016222 0.053903
11 0.495655 0.907993 0.017961 0.053903
13 0.466686 0.907993 0.028389 0.053903
12 0.435110 0.907993 0.023175 0.053903
26 0.399189 0.907993 0.023175 0.053903
26 0.367034 0.907993 0.029548 0.053903
12 0.337486 0.907993 0.017961 0.053903
4 0.304171 0.907993 0.022016 0.053903
13 0.276941 0.907993 0.024334 0.053903
11 0.247972 0.907993 0.022016 0.053903
9 0.223928 0.907993 0.012167 0.053903
14 0.209444 0.907993 0.014484 0.053903
9 0.180765 0.907993 0.020857 0.053903
4 0.151796 0.907993 0.020857 0.053903
25 0.122827 0.907993 0.023175 0.053903
14 0.083720 0.907993 0.023754 0.053903
9 0.058517 0.907993 0.016222 0.053903
13 0.033893 0.907993 0.024913 0.053903
18 0.977694 0.951363 0.030707 0.068773
12 0.945829 0.954461 0.036501 0.068773
4 0.914253 0.956010 0.022016 0.066914
0 0.884705 0.958178 0.025492 0.067534
24 0.855446 0.960037 0.026072 0.067534
21 0.819815 0.962825 0.034762 0.068154
