5 0.982615 0.129482 0.001959 0.258964
9 0.979432 0.129482 0.002449 0.258964
3 0.974780 0.129482 0.005877 0.258964
1 0.962169 0.129482 0.008080 0.258964
24 0.954212 0.129482 0.003918 0.258964
9 0.942826 0.129482 0.002204 0.258964
4 0.938296 0.129482 0.003918 0.258964
5 0.931929 0.129482 0.004407 0.258964
4 0.927155 0.129482 0.002693 0.258964
0 0.915279 0.129482 0.006856 0.258964
12 0.907076 0.129482 0.008570 0.258964
14 0.898996 0.129482 0.005632 0.258964
25 0.890793 0.129482 0.005877 0.258964
4 0.880999 0.129482 0.008815 0.258964
12 0.871082 0.129482 0.004163 0.258964
0 0.863614 0.129482 0.005387 0.258964
14 0.857493 0.129482 0.004897 0.258964
24 0.848555 0.129482 0.008570 0.258964
23 0.838883 0.129482 0.004897 0.258964
3 0.832027 0.129482 0.004897 0.258964
25 0.821988 0.129482 0.010774 0.258964
12 0.811459 0.129482 0.003428 0.258964
9 0.805093 0.129482 0.005877 0.258964
11 0.795544 0.129482 0.002938 0.258964
12 0.789300 0.129482 0.003183 0.258964
1 0.778159 0.129482 0.003428 0.258964
11 0.770201 0.129482 0.004652 0.258964
5 0.765548 0.129482 0.004163 0.258964
24 0.760406 0.129482 0.002693 0.258964
20 0.750490 0.129482 0.004407 0.258964
8 0.744613 0.129482 0.004897 0.258964
24 0.735309 0.129482 0.007835 0.258964
11 0.724902 0.129482 0.005142 0.258964
12 0.716087 0.129482 0.009060 0.258964
24 0.706783 0.129482 0.004652 0.258964
6 0.700294 0.129482 0.004407 0.258964
6 0.695642 0.129482 0.003428 0.258964
13 0.690132 0.129482 0.005632 0.258964
1 0.681195 0.129482 0.003918 0.258964
1 0.675073 0.129482 0.004897 0.258964
16 0.668707 0.129482 0.003918 0.258964
9 0.665402 0.129482 0.003183 0.258964
9 0.659158 0.129482 0.002449 0.258964
25 0.654383 0.129482 0.005142 0.258964
24 0.644833 0.129482 0.006121 0.258964
0 0.638590 0.129482 0.004407 0.258964
12 0.630020 0.129482 0.009794 0.258964
1 0.618511 0.129482 0.006366 0.258964
0 0.611655 0.129482 0.006366 0.258964
3 0.604187 0.129482 0.007591 0.258964
13 0.595984 0.129482 0.006856 0.258964
5 0.587292 0.129482 0.002693 0.258964
1 0.581538 0.129482 0.005877 0.258964
1 0.574682 0.129482 0.005877 0.258964
4 0.568438 0.129482 0.005632 0.258964
14 0.561459 0.129482 0.006366 0.258964
4 0.554358 0.129482 0.005877 0.258964
12 0.545299 0.129482 0.004407 0.258964
9 0.539422 0.129482 0.003918 0.258964
4 0.531097 0.129482 0.005877 0.258964
5 0.525955 0.129482 0.001959 0.258964
0 0.521303 0.129482 0.006366 0.258964
5 0.512855 0.129482 0.001714 0.258964
9 0.510039 0.129482 0.002938 0.258964
0 0.505264 0.129482 0.004163 0.258964
14 0.499021 0.129482 0.004897 0.258964
24 0.490328 0.129482 0.008080 0.258964
14 0.479922 0.129482 0.006856 0.258964
25 0.471474 0.129482 0.009060 0.258964
4 0.462537 0.129482 0.006856 0.258964
0 0.452008 0.129482 0.006366 0.258964
12 0.444295 0.129482 0.008080 0.258964
4 0.435480 0.129482 0.003673 0.258964
18 0.429114 0.129482 0.005142 0.258964
13 0.420666 0.129482 0.007346 0.258964
6 0.412096 0.129482 0.003918 0.258964
11 0.406587 0.129482 0.006121 0.258964
5 0.401812 0.129482 0.002449 0.258964
24 0.396915 0.129482 0.006366 0.258964
0 0.387977 0.129482 0.004652 0.258964
26 0.379775 0.129482 0.006856 0.258964
4 0.368144 0.129482 0.006611 0.258964
9 0.363124 0.129482 0.002449 0.258964
5 0.359941 0.129482 0.001959 0.258964
13 0.354799 0.129482 0.006366 0.258964
4 0.344270 0.129482 0.006366 0.258964
6 0.338394 0.129482 0.004407 0.258964
4 0.332272 0.129482 0.006856 0.258964
0 0.323213 0.129482 0.005877 0.258964
25 0.314887 0.129482 0.005877 0.258964
24 0.305460 0.129482 0.008080 0.258964
9 0.297258 0.129482 0.002449 0.258964
22 0.292850 0.129482 0.004407 0.258964
0 0.284770 0.129482 0.005877 0.258964
26 0.276812 0.129482 0.005142 0.258964
13 0.269466 0.129482 0.007591 0.258964
14 0.259305 0.129482 0.004897 0.258964
14 0.251347 0.129482 0.006121 0.258964
22 0.243389 0.129482 0.005387 0.258964
24 0.237145 0.129482 0.004163 0.258964
9 0.232615 0.129482 0.003918 0.258964
13 0.225759 0.129482 0.006366 0.258964
14 0.216822 0.129482 0.005632 0.258964
1 0.208741 0.129482 0.005142 0.258964
9 0.203599 0.129482 0.003673 0.258964
26 0.197723 0.129482 0.006611 0.258964
18 0.188663 0.129482 0.004652 0.258964
1 0.179848 0.129482 0.006121 0.258964
3 0.173727 0.129482 0.004163 0.258964
9 0.169074 0.129482 0.004163 0.258964
13 0.161974 0.129482 0.006611 0.258964
11 0.152179 0.129482 0.004163 0.258964
9 0.146180 0.129482 0.004897 0.258964
1 0.138345 0.129482 0.004897 0.258964
6 0.132713 0.129482 0.003918 0.258964
6 0.127449 0.129482 0.003183 0.258964
6 0.124510 0.129482 0.003183 0.258964
23 0.117777 0.129482 0.006366 0.258964
9 0.111533 0.129482 0.002204 0.258964
3 0.105289 0.129482 0.007346 0.258964
4 0.096229 0.129482 0.004897 0.258964
5 0.089618 0.129482 0.004407 0.258964
22 0.084843 0.129482 0.003673 0.258964
9 0.080069 0.129482 0.003918 0.258964
0 0.073580 0.129482 0.006121 0.258964
9 0.066724 0.129482 0.002204 0.258964
4 0.062684 0.129482 0.003428 0.258964
5 0.058031 0.129482 0.003918 0.258964
4 0.051420 0.129482 0.005877 0.258964
0 0.042605 0.129482 0.004897 0.258964
26 0.035749 0.129482 0.005387 0.258964
11 0.027669 0.129482 0.005387 0.258964
13 0.020568 0.129482 0.007346 0.258964
14 0.982125 0.352590 0.002938 0.298805
6 0.975147 0.352590 0.005632 0.298805
4 0.967679 0.352590 0.003918 0.298805
5 0.958497 0.352590 0.002204 0.298805
12 0.953110 0.352590 0.006121 0.298805
0 0.941724 0.352590 0.005387 0.298805
9 0.934256 0.352590 0.002693 0.298805
0 0.929358 0.352590 0.004652 0.298805
11 0.921645 0.352590 0.005387 0.298805
12 0.911729 0.352590 0.011508 0.298805
6 0.901445 0.352590 0.003673 0.298805
6 0.895935 0.352590 0.003428 0.298805
14 0.892630 0.352590 0.004163 0.298805
24 0.883203 0.352590 0.008325 0.298805
4 0.875122 0.352590 0.005877 0.298805
9 0.868634 0.352590 0.003673 0.298805
5 0.864961 0.352590 0.003183 0.298805
13 0.859329 0.352590 0.007101 0.298805
0 0.849780 0.352590 0.007101 0.298805
26 0.840965 0.352590 0.005142 0.298805
13 0.832027 0.352590 0.009794 0.298805
9 0.823825 0.352590 0.002204 0.298805
22 0.819172 0.352590 0.004652 0.298805
0 0.811827 0.352590 0.005632 0.298805
9 0.804236 0.352590 0.004652 0.298805
13 0.799094 0.352590 0.006611 0.298805
1 0.789912 0.352590 0.003918 0.298805
7 0.784280 0.352590 0.004407 0.298805
5 0.778771 0.352590 0.004163 0.298805
3 0.773262 0.352590 0.004897 0.298805
25 0.765793 0.352590 0.005142 0.298805
9 0.760406 0.352590 0.004652 0.298805
4 0.751347 0.352590 0.003183 0.298805
0 0.743756 0.352590 0.005632 0.298805
1 0.736533 0.352590 0.004897 0.298805
9 0.730901 0.352590 0.004407 0.298805
1 0.725514 0.352590 0.003428 0.298805
5 0.715965 0.352590 0.002938 0.298805
4 0.710945 0.352590 0.004163 0.298805
9 0.705436 0.352590 0.004407 0.298805
4 0.698702 0.352590 0.007101 0.298805
11 0.689643 0.352590 0.005142 0.298805
9 0.683643 0.352590 0.003918 0.298805
9 0.675808 0.352590 0.002938 0.298805
1 0.670421 0.352590 0.006856 0.298805
9 0.665157 0.352590 0.002693 0.298805
0 0.659403 0.352590 0.006856 0.298805
10 0.652791 0.352590 0.005387 0.298805
9 0.644221 0.352590 0.002449 0.298805
4 0.638345 0.352590 0.007346 0.298805
5 0.632958 0.352590 0.002449 0.298805
4 0.625979 0.352590 0.009549 0.298805
0 0.614594 0.352590 0.007346 0.298805
12 0.606636 0.352590 0.006611 0.298805
0 0.596229 0.352590 0.006366 0.298805
24 0.588516 0.352590 0.007101 0.298805
21 0.580803 0.352590 0.007346 0.298805
4 0.571131 0.352590 0.004163 0.298805
11 0.563908 0.352590 0.004897 0.298805
16 0.558643 0.352590 0.004163 0.298805
18 0.553134 0.352590 0.004407 0.298805
16 0.547502 0.352590 0.003918 0.298805
9 0.543462 0.352590 0.004163 0.298805
5 0.536606 0.352590 0.002693 0.298805
4 0.532933 0.352590 0.003183 0.298805
3 0.527424 0.352590 0.005387 0.298805
26 0.518242 0.352590 0.006121 0.298805
9 0.511876 0.352590 0.004163 0.298805
5 0.504530 0.352590 0.002204 0.298805
4 0.499878 0.352590 0.004652 0.298805
0 0.492409 0.352590 0.005387 0.298805
14 0.485309 0.352590 0.005877 0.298805
24 0.477718 0.352590 0.004897 0.298805
9 0.471964 0.352590 0.005632 0.298805
5 0.465230 0.352590 0.000490 0.298805
4 0.463271 0.352590 0.002449 0.298805
6 0.454089 0.352590 0.014936 0.298805
5 0.444662 0.352590 0.002938 0.298805
9 0.441479 0.352590 0.002449 0.298805
5 0.435357 0.352590 0.002938 0.298805
4 0.430338 0.352590 0.004163 0.298805
9 0.424706 0.352590 0.003673 0.298805
1 0.420911 0.352590 0.003428 0.298805
5 0.415646 0.352590 0.004163 0.298805
17 0.410015 0.352590 0.004163 0.298805
9 0.404628 0.352590 0.004163 0.298805
0 0.395568 0.352590 0.005142 0.298805
25 0.388100 0.352590 0.005877 0.298805
24 0.378550 0.352590 0.008325 0.298805
16 0.369368 0.352590 0.003183 0.298805
25 0.363859 0.352590 0.005387 0.298805
1 0.354799 0.352590 0.005877 0.298805
18 0.346719 0.352590 0.008325 0.298805
12 0.336190 0.352590 0.004897 0.298805
0 0.327375 0.352590 0.006366 0.298805
1 0.320152 0.352590 0.005632 0.298805
26 0.312684 0.352590 0.004897 0.298805
9 0.307297 0.352590 0.004407 0.298805
10 0.300808 0.352590 0.006611 0.298805
12 0.292116 0.352590 0.007835 0.298805
26 0.283423 0.352590 0.005632 0.298805
26 0.273996 0.352590 0.008325 0.298805
12 0.262855 0.352590 0.003673 0.298805
10 0.255264 0.352590 0.007591 0.298805
0 0.244858 0.352590 0.004897 0.298805
24 0.237635 0.352590 0.005632 0.298805
21 0.228452 0.352590 0.007835 0.298805
6 0.219515 0.352590 0.004163 0.298805
1 0.213883 0.352590 0.004652 0.298805
26 0.205436 0.352590 0.008325 0.298805
7 0.197723 0.352590 0.004163 0.298805
12 0.188051 0.352590 0.007346 0.298805
1 0.177644 0.352590 0.010039 0.298805
5 0.168707 0.352590 0.003918 0.298805
3 0.164177 0.352590 0.004652 0.298805
1 0.155118 0.352590 0.006121 0.298805
18 0.146058 0.352590 0.009549 0.298805
5 0.136508 0.352590 0.001714 0.298805
18 0.133080 0.352590 0.004652 0.298805
1 0.123776 0.352590 0.006121 0.298805
3 0.116430 0.352590 0.005142 0.298805
26 0.107982 0.352590 0.008815 0.298805
0 0.097943 0.352590 0.003428 0.298805
26 0.090842 0.352590 0.003918 0.298805
4 0.079579 0.352590 0.002449 0.298805
18 0.074314 0.352590 0.004652 0.298805
1 0.067091 0.352590 0.005387 0.298805
3 0.059623 0.352590 0.006121 0.298805
4 0.050441 0.352590 0.004897 0.298805
4 0.040402 0.352590 0.005387 0.298805
6 0.033913 0.352590 0.004163 0.298805
0 0.028281 0.352590 0.004652 0.298805
26 0.020323 0.352590 0.007835 0.298805
1 0.979187 0.563745 0.003918 0.274900
7 0.973800 0.563745 0.003918 0.274900
5 0.969025 0.563745 0.003673 0.274900
3 0.963639 0.563745 0.006121 0.274900
25 0.949927 0.563745 0.011998 0.274900
4 0.938296 0.563745 0.004407 0.274900
6 0.931685 0.563745 0.004897 0.274900
4 0.924829 0.563745 0.006366 0.274900
25 0.914667 0.563745 0.006121 0.274900
1 0.904750 0.563745 0.005877 0.274900
18 0.899731 0.563745 0.004652 0.274900
26 0.891038 0.563745 0.007835 0.274900
9 0.882591 0.563745 0.002693 0.274900
14 0.877816 0.563745 0.004407 0.274900
9 0.871205 0.563745 0.004407 0.274900
13 0.865083 0.563745 0.006856 0.274900
26 0.854677 0.563745 0.005142 0.274900
0 0.847453 0.563745 0.005387 0.274900
11 0.840597 0.563745 0.004897 0.274900
12 0.832027 0.563745 0.009794 0.274900
14 0.822111 0.563745 0.005632 0.274900
22 0.813786 0.563745 0.005632 0.274900
26 0.806562 0.563745 0.006856 0.274900
5 0.796401 0.563745 0.002693 0.274900
1 0.791871 0.563745 0.003918 0.274900
9 0.786851 0.563745 0.003673 0.274900
5 0.783423 0.563745 0.003183 0.274900
13 0.775343 0.563745 0.010529 0.274900
4 0.765793 0.563745 0.005632 0.274900
25 0.758203 0.563745 0.006121 0.274900
1 0.747919 0.563745 0.006121 0.274900
9 0.743022 0.563745 0.003673 0.274900
18 0.738124 0.563745 0.004163 0.274900
9 0.732003 0.563745 0.004163 0.274900
6 0.725881 0.563745 0.002204 0.274900
6 0.721107 0.563745 0.002449 0.274900
2 0.716454 0.563745 0.003918 0.274900
12 0.708252 0.563745 0.004652 0.274900
9 0.702498 0.563745 0.004407 0.274900
4 0.696009 0.563745 0.004652 0.274900
5 0.690744 0.563745 0.003918 0.274900
4 0.684623 0.563745 0.006856 0.274900
14 0.673115 0.563745 0.007346 0.274900
22 0.665646 0.563745 0.006611 0.274900
5 0.660137 0.563745 0.002449 0.274900
26 0.655240 0.563745 0.006366 0.274900
9 0.647282 0.563745 0.002693 0.274900
0 0.641773 0.563745 0.007346 0.274900
11 0.634182 0.563745 0.005877 0.274900
12 0.625979 0.563745 0.008570 0.274900
0 0.614838 0.563745 0.006856 0.274900
26 0.607125 0.563745 0.007591 0.274900
25 0.594515 0.563745 0.008815 0.274900
1 0.586068 0.563745 0.006121 0.274900
18 0.578599 0.563745 0.006856 0.274900
26 0.571254 0.563745 0.006856 0.274900
4 0.560725 0.563745 0.006856 0.274900
9 0.555583 0.563745 0.002449 0.274900
14 0.550318 0.563745 0.007101 0.274900
9 0.544564 0.563745 0.002449 0.274900
13 0.539177 0.563745 0.006366 0.274900
5 0.530852 0.563745 0.002449 0.274900
12 0.521670 0.563745 0.012977 0.274900
0 0.514202 0.563745 0.000979 0.274900
9 0.510039 0.563745 0.002449 0.274900
24 0.504530 0.563745 0.006611 0.274900
0 0.497307 0.563745 0.006856 0.274900
4 0.489349 0.563745 0.007101 0.274900
12 0.478697 0.563745 0.004407 0.274900
10 0.471352 0.563745 0.006366 0.274900
12 0.462414 0.563745 0.002204 0.274900
6 0.458252 0.563745 0.003673 0.274900
14 0.453355 0.563745 0.004652 0.274900
21 0.444662 0.563745 0.007835 0.274900
5 0.435480 0.563745 0.001714 0.274900
12 0.431317 0.563745 0.004163 0.274900
0 0.423604 0.563745 0.007346 0.274900
9 0.415769 0.563745 0.002449 0.274900
24 0.410015 0.563745 0.007101 0.274900
0 0.402302 0.563745 0.006366 0.274900
4 0.394956 0.563745 0.005387 0.274900
12 0.385406 0.563745 0.003428 0.274900
10 0.378183 0.563745 0.007591 0.274900
25 0.361043 0.563745 0.015916 0.274900
0 0.348555 0.563745 0.007101 0.274900
24 0.343291 0.563745 0.001469 0.274900
1 0.338149 0.563745 0.004897 0.274900
11 0.330069 0.563745 0.005877 0.274900
12 0.321009 0.563745 0.010284 0.274900
2 0.311949 0.563745 0.003918 0.274900
1 0.306440 0.563745 0.004652 0.274900
12 0.299829 0.563745 0.005142 0.274900
10 0.291259 0.563745 0.007591 0.274900
5 0.280975 0.563745 0.003183 0.274900
4 0.276200 0.563745 0.003918 0.274900
2 0.271058 0.563745 0.004407 0.274900
3 0.264202 0.563745 0.004897 0.274900
26 0.256489 0.563745 0.008080 0.274900
12 0.245715 0.563745 0.004163 0.274900
1 0.239104 0.563745 0.005142 0.274900
16 0.232370 0.563745 0.004407 0.274900
10 0.226616 0.563745 0.006121 0.274900
1 0.217311 0.563745 0.003673 0.274900
9 0.212292 0.563745 0.003428 0.274900
5 0.208864 0.563745 0.003428 0.274900
13 0.202130 0.563745 0.007591 0.274900
4 0.190377 0.563745 0.005142 0.274900
4 0.183521 0.563745 0.004652 0.274900
5 0.178624 0.563745 0.003673 0.274900
0 0.172135 0.563745 0.007346 0.274900
12 0.161239 0.563745 0.004652 0.274900
0 0.153404 0.563745 0.005632 0.274900
14 0.146180 0.563745 0.005387 0.274900
24 0.137733 0.563745 0.007591 0.274900
1 0.127938 0.563745 0.004163 0.274900
18 0.121082 0.563745 0.005632 0.274900
1 0.112635 0.563745 0.005387 0.274900
5 0.107493 0.563745 0.003428 0.274900
24 0.102228 0.563745 0.007101 0.274900
6 0.094270 0.563745 0.002938 0.274900
4 0.087904 0.563745 0.007346 0.274900
18 0.078599 0.563745 0.004407 0.274900
25 0.070642 0.563745 0.006121 0.274900
4 0.061704 0.563745 0.008325 0.274900
9 0.052889 0.563745 0.002449 0.274900
4 0.046890 0.563745 0.004652 0.274900
5 0.041993 0.563745 0.003673 0.274900
4 0.035994 0.563745 0.006366 0.274900
12 0.026690 0.563745 0.003918 0.274900
9 0.020935 0.563745 0.004163 0.274900
1 0.978697 0.758964 0.004897 0.274900
22 0.970739 0.758964 0.005632 0.274900
0 0.963761 0.758964 0.006366 0.274900
26 0.953844 0.758964 0.006121 0.274900
9 0.947478 0.758964 0.004652 0.274900
14 0.936949 0.758964 0.005142 0.274900
14 0.928624 0.758964 0.006121 0.274900
22 0.919931 0.758964 0.005877 0.274900
24 0.913198 0.758964 0.004652 0.274900
9 0.908301 0.758964 0.003673 0.274900
13 0.901690 0.758964 0.007591 0.274900
5 0.894956 0.758964 0.003918 0.274900
4 0.889569 0.758964 0.003918 0.274900
9 0.884672 0.758964 0.003918 0.274900
4 0.877938 0.758964 0.007591 0.274900
12 0.868511 0.758964 0.005387 0.274900
10 0.860553 0.758964 0.006611 0.274900
12 0.850759 0.758964 0.005142 0.274900
0 0.842311 0.758964 0.005387 0.274900
5 0.837169 0.758964 0.003918 0.274900
26 0.830558 0.758964 0.007835 0.274900
18 0.821621 0.758964 0.003673 0.274900
12 0.812316 0.758964 0.010039 0.274900
9 0.803257 0.758964 0.002693 0.274900
3 0.798604 0.758964 0.004652 0.274900
10 0.789912 0.758964 0.007835 0.274900
5 0.780730 0.758964 0.002204 0.274900
12 0.775098 0.758964 0.005142 0.274900
6 0.768487 0.758964 0.004652 0.274900
11 0.762977 0.758964 0.004407 0.274900
24 0.756489 0.758964 0.005142 0.274900
5 0.749878 0.758964 0.004163 0.274900
15 0.746082 0.758964 0.003918 0.274900
1 0.738614 0.758964 0.005142 0.274900
9 0.732982 0.758964 0.003673 0.274900
15 0.727963 0.758964 0.004407 0.274900
18 0.721229 0.758964 0.005142 0.274900
9 0.714373 0.758964 0.004163 0.274900
16 0.711190 0.758964 0.002693 0.274900
9 0.707640 0.758964 0.003428 0.274900
10 0.701885 0.758964 0.005632 0.274900
12 0.692826 0.758964 0.004652 0.274900
14 0.685847 0.758964 0.005877 0.274900
18 0.677400 0.758964 0.005632 0.274900
15 0.671156 0.758964 0.004407 0.274900
26 0.663932 0.758964 0.008080 0.274900
4 0.655362 0.758964 0.005142 0.274900
9 0.648506 0.758964 0.004652 0.274900
4 0.642630 0.758964 0.006121 0.274900
26 0.633692 0.758964 0.004897 0.274900
5 0.626714 0.758964 0.004652 0.274900
24 0.621572 0.758964 0.004652 0.274900
26 0.612880 0.758964 0.007835 0.274900
9 0.604065 0.758964 0.002449 0.274900
4 0.598923 0.758964 0.005877 0.274900
5 0.594270 0.758964 0.002449 0.274900
4 0.588271 0.758964 0.007591 0.274900
1 0.576641 0.758964 0.006856 0.274900
20 0.569785 0.758964 0.004897 0.274900
9 0.564887 0.758964 0.002449 0.274900
10 0.560480 0.758964 0.005387 0.274900
11 0.551175 0.758964 0.003428 0.274900
9 0.545788 0.758964 0.004897 0.274900
1 0.535749 0.758964 0.006366 0.274900
9 0.530852 0.758964 0.002449 0.274900
3 0.525343 0.758964 0.007591 0.274900
7 0.516283 0.758964 0.003673 0.274900
6 0.508815 0.758964 0.005387 0.274900
23 0.503550 0.758964 0.004163 0.274900
4 0.496082 0.758964 0.007346 0.274900
4 0.485553 0.758964 0.004897 0.274900
5 0.480044 0.758964 0.003673 0.274900
22 0.475024 0.758964 0.004407 0.274900
0 0.468046 0.758964 0.005142 0.274900
10 0.461190 0.758964 0.006121 0.274900
9 0.451518 0.758964 0.002449 0.274900
4 0.445764 0.758964 0.007101 0.274900
5 0.440500 0.758964 0.002449 0.274900
4 0.435113 0.758964 0.007346 0.274900
14 0.425686 0.758964 0.004652 0.274900
14 0.417483 0.758964 0.006366 0.274900
22 0.409158 0.758964 0.005387 0.274900
24 0.404016 0.758964 0.003918 0.274900
9 0.399241 0.758964 0.003673 0.274900
13 0.392875 0.758964 0.007101 0.274900
5 0.383203 0.758964 0.001959 0.274900
25 0.377326 0.758964 0.008815 0.274900
14 0.369123 0.758964 0.006611 0.274900
24 0.361900 0.758964 0.006856 0.274900
26 0.354065 0.758964 0.007835 0.274900
0 0.343903 0.758964 0.005142 0.274900
26 0.335455 0.758964 0.008325 0.274900
4 0.324682 0.758964 0.003918 0.274900
6 0.318193 0.758964 0.004163 0.274900
6 0.315010 0.758964 0.003183 0.274900
23 0.309745 0.758964 0.004407 0.274900
4 0.301175 0.758964 0.009305 0.274900
4 0.291626 0.758964 0.004897 0.274900
6 0.284403 0.758964 0.004652 0.274900
0 0.279505 0.758964 0.004163 0.274900
26 0.271915 0.758964 0.007591 0.274900
12 0.262120 0.758964 0.003183 0.274900
14 0.255999 0.758964 0.005142 0.274900
5 0.249143 0.758964 0.004652 0.274900
18 0.243879 0.758964 0.004897 0.274900
3 0.235553 0.758964 0.005877 0.274900
4 0.226494 0.758964 0.008815 0.274900
14 0.217434 0.758964 0.005387 0.274900
9 0.210333 0.758964 0.003918 0.274900
14 0.207150 0.758964 0.004407 0.274900
9 0.198702 0.758964 0.005142 0.274900
13 0.192336 0.758964 0.007101 0.274900
9 0.184623 0.758964 0.002449 0.274900
14 0.180093 0.758964 0.004652 0.274900
9 0.173359 0.758964 0.003918 0.274900
14 0.169809 0.758964 0.004652 0.274900
4 0.159647 0.758964 0.008815 0.274900
