5 0.869155 0.101974 0.003597 0.164474
4 0.862972 0.101974 0.005171 0.164474
9 0.856677 0.101974 0.005171 0.164474
4 0.847347 0.101974 0.008993 0.164474
0 0.832959 0.101974 0.009442 0.164474
13 0.822954 0.101974 0.008768 0.164474
25 0.809802 0.098684 0.008543 0.164474
14 0.796763 0.098684 0.009442 0.164474
18 0.781025 0.098684 0.013489 0.164474
26 0.766862 0.098684 0.004496 0.164474
25 0.755508 0.098684 0.008318 0.164474
14 0.742581 0.098684 0.009442 0.164474
18 0.729654 0.098684 0.009218 0.164474
5 0.719312 0.096217 0.005621 0.166118
0 0.706722 0.096217 0.004272 0.166118
12 0.698404 0.096217 0.004272 0.166118
14 0.681992 0.096217 0.006969 0.166118
22 0.668053 0.096217 0.008768 0.166118
5 0.659622 0.096217 0.006745 0.166118
26 0.650854 0.096217 0.006295 0.166118
9 0.642199 0.096217 0.008318 0.166118
0 0.629834 0.093750 0.007869 0.164474
25 0.617019 0.093750 0.009667 0.164474
24 0.601731 0.093750 0.012815 0.164474
0 0.588017 0.093750 0.006969 0.164474
16 0.578237 0.093750 0.007194 0.164474
11 0.567334 0.093750 0.006969 0.164474
9 0.558228 0.093750 0.008993 0.164474
14 0.543615 0.090461 0.008543 0.164474
22 0.528889 0.090461 0.009218 0.164474
5 0.520571 0.090461 0.006070 0.164474
4 0.512028 0.090461 0.009667 0.164474
0 0.494267 0.090461 0.011016 0.164474
26 0.482014 0.090461 0.010342 0.164474
11 0.470998 0.090461 0.010342 0.164474
13 0.458746 0.087993 0.011016 0.166118
4 0.441097 0.087993 0.011241 0.166118
9 0.431542 0.087993 0.005171 0.166118
5 0.424798 0.087993 0.005171 0.166118
13 0.415468 0.087993 0.010342 0.166118
12 0.400292 0.087993 0.006969 0.166118
0 0.387815 0.087993 0.008993 0.166118
4 0.376911 0.087993 0.008318 0.166118
1 0.364433 0.085526 0.008543 0.164474
4 0.352968 0.085526 0.010791 0.164474
0 0.333521 0.085526 0.011915 0.164474
26 0.320144 0.085526 0.011691 0.164474
9 0.306542 0.085526 0.005171 0.164474
4 0.297999 0.085526 0.006520 0.164474
5 0.289344 0.085526 0.006295 0.164474
4 0.279451 0.082237 0.010342 0.164474
0 0.262365 0.082237 0.007644 0.164474
12 0.251012 0.082237 0.008768 0.164474
4 0.238085 0.082237 0.008094 0.164474
9 0.228979 0.082237 0.006969 0.164474
11 0.218300 0.082237 0.007644 0.164474
13 0.205710 0.082237 0.013040 0.164474
5 0.189636 0.082237 0.002923 0.164474
12 0.182217 0.082237 0.007419 0.164474
18 0.169514 0.082237 0.009892 0.164474
1 0.154564 0.082237 0.009667 0.164474
3 0.143885 0.082237 0.008094 0.164474
5 0.131745 0.082237 0.008543 0.164474
1 0.116120 0.082237 0.011915 0.164474
11 0.104317 0.082237 0.010342 0.164474
12 0.090153 0.081414 0.016187 0.162829
12 0.071043 0.081414 0.010342 0.162829
1 0.053620 0.081414 0.011016 0.162829
1 0.040580 0.081414 0.009218 0.162829
11 0.028103 0.081414 0.009442 0.162829
13 0.013152 0.079770 0.012815 0.159539
5 0.990782 0.218750 0.003597 0.177632
1 0.983588 0.218750 0.006295 0.177632
11 0.974033 0.218750 0.007869 0.177632
12 0.964029 0.218750 0.005396 0.177632
16 0.946942 0.218750 0.004047 0.177632
20 0.937388 0.218750 0.007869 0.177632
25 0.925022 0.218750 0.009667 0.177632
11 0.910297 0.218750 0.010342 0.177632
13 0.898156 0.218750 0.006295 0.177632
5 0.883656 0.218750 0.002923 0.177632
16 0.878485 0.218750 0.005171 0.177632
26 0.868817 0.218750 0.008768 0.177632
26 0.854429 0.218750 0.008768 0.177632
9 0.847010 0.218750 0.004272 0.177632
14 0.832397 0.218750 0.004721 0.177632
8 0.820256 0.218750 0.009218 0.177632
24 0.808004 0.218750 0.006295 0.177632
0 0.792828 0.218750 0.010117 0.177632
24 0.781362 0.218750 0.007869 0.177632
22 0.769222 0.218750 0.009218 0.177632
11 0.756857 0.218750 0.008768 0.177632
13 0.742356 0.218750 0.014838 0.177632
1 0.729766 0.218750 0.003597 0.177632
18 0.720211 0.218750 0.010567 0.177632
26 0.700877 0.218750 0.011466 0.177632
5 0.690985 0.218750 0.005171 0.177632
9 0.678957 0.218750 0.004047 0.177632
5 0.671425 0.218750 0.005171 0.177632
24 0.664006 0.218750 0.008318 0.177632
4 0.649843 0.218750 0.006969 0.177632
5 0.632419 0.218750 0.003147 0.177632
14 0.625337 0.218750 0.007869 0.177632
12 0.610387 0.218750 0.010342 0.177632
23 0.598134 0.218750 0.007419 0.177632
5 0.590827 0.218750 0.006745 0.177632
25 0.581272 0.218750 0.005171 0.177632
5 0.561601 0.218750 0.005396 0.177632
0 0.549348 0.218750 0.008768 0.177632
17 0.537320 0.218750 0.008543 0.177632
20 0.525180 0.218750 0.009892 0.177632
26 0.510791 0.218750 0.007194 0.177632
3 0.491344 0.218750 0.006520 0.177632
2 0.481565 0.218750 0.007644 0.177632
16 0.471448 0.218750 0.006745 0.177632
10 0.461106 0.218750 0.012590 0.177632
5 0.446156 0.218750 0.005171 0.177632
26 0.437500 0.218750 0.006295 0.177632
9 0.430193 0.218750 0.006969 0.177632
24 0.417828 0.218750 0.009667 0.177632
25 0.403327 0.218750 0.010342 0.177632
10 0.388152 0.218750 0.013264 0.177632
5 0.371403 0.218750 0.004047 0.177632
9 0.364321 0.218750 0.006969 0.177632
22 0.351956 0.218750 0.008768 0.177632
4 0.340040 0.218750 0.009218 0.177632
24 0.327563 0.218750 0.008993 0.177632
10 0.314861 0.218750 0.011466 0.177632
5 0.298786 0.218750 0.005845 0.177632
16 0.291254 0.218750 0.007419 0.177632
26 0.278777 0.218750 0.014838 0.177632
26 0.263264 0.218750 0.014838 0.177632
9 0.252136 0.218750 0.006070 0.177632
18 0.237298 0.218750 0.005171 0.177632
25 0.223022 0.218750 0.012590 0.177632
1 0.203575 0.218750 0.009218 0.177632
1 0.183341 0.218750 0.007419 0.177632
25 0.169177 0.218750 0.011466 0.177632
3 0.152203 0.218750 0.012140 0.177632
10 0.132644 0.218750 0.016637 0.177632
12 0.106565 0.218750 0.010342 0.177632
1 0.091165 0.218750 0.010567 0.177632
4 0.076551 0.218750 0.009667 0.177632
14 0.061713 0.218750 0.016412 0.177632
26 0.030351 0.218750 0.017086 0.177632
15 0.015288 0.218750 0.013040 0.177632
5 0.991232 0.351974 0.004496 0.184211
0 0.981228 0.351974 0.007419 0.184211
11 0.971448 0.351974 0.007194 0.184211
12 0.961219 0.351974 0.009667 0.184211
26 0.946156 0.351974 0.007419 0.184211
5 0.931205 0.351974 0.004047 0.184211
25 0.921201 0.351974 0.009218 0.184211
1 0.905913 0.351974 0.009218 0.184211
18 0.895796 0.351974 0.009667 0.184211
26 0.880733 0.351974 0.007419 0.184211
4 0.860949 0.351974 0.011466 0.184211
25 0.848134 0.351974 0.008768 0.184211
14 0.833071 0.351974 0.011466 0.184211
24 0.818008 0.351974 0.009218 0.184211
5 0.808790 0.351974 0.006969 0.184211
12 0.795189 0.351974 0.005845 0.184211
11 0.780351 0.351974 0.010791 0.184211
13 0.767761 0.351974 0.006295 0.184211
20 0.750337 0.351974 0.004721 0.184211
15 0.740333 0.351974 0.005396 0.184211
9 0.725045 0.351974 0.003597 0.184211
20 0.717513 0.351974 0.006969 0.184211
26 0.704586 0.351974 0.010342 0.184211
4 0.689861 0.351974 0.007419 0.184211
12 0.668503 0.351974 0.011915 0.184211
1 0.652428 0.351974 0.009892 0.184211
1 0.639726 0.351974 0.009218 0.184211
11 0.627248 0.351974 0.008543 0.184211
13 0.614658 0.351974 0.013489 0.184211
5 0.598808 0.351974 0.004721 0.184211
17 0.589254 0.351974 0.008094 0.184211
24 0.576664 0.351974 0.010342 0.184211
26 0.561713 0.351974 0.009218 0.184211
13 0.549011 0.351974 0.013939 0.184211
5 0.535072 0.351974 0.008094 0.184211
18 0.524056 0.351974 0.008543 0.184211
1 0.511466 0.351974 0.007644 0.184211
3 0.501461 0.351974 0.011466 0.184211
26 0.478979 0.351974 0.012815 0.184211
13 0.464703 0.351974 0.013939 0.184211
0 0.444020 0.351974 0.008094 0.184211
12 0.430980 0.351974 0.010791 0.184211
4 0.413557 0.351974 0.011466 0.184211
9 0.400967 0.351974 0.008318 0.184211
13 0.389164 0.351974 0.012140 0.184211
0 0.369155 0.351974 0.008543 0.184211
6 0.358026 0.351974 0.006969 0.184211
5 0.350719 0.351974 0.006295 0.184211
24 0.340603 0.351974 0.008543 0.184211
9 0.328125 0.351974 0.008318 0.184211
13 0.316884 0.351974 0.011016 0.184211
5 0.303058 0.351974 0.004047 0.184211
4 0.292941 0.351974 0.008543 0.184211
25 0.277653 0.351974 0.011691 0.184211
26 0.260117 0.351974 0.010791 0.184211
7 0.247415 0.351974 0.011016 0.184211
5 0.229991 0.351974 0.009442 0.184211
9 0.222460 0.351974 0.006969 0.184211
26 0.209757 0.351974 0.010791 0.184211
13 0.194469 0.351974 0.007194 0.184211
12 0.171987 0.351974 0.010342 0.184211
4 0.142199 0.351974 0.017311 0.184211
13 0.126911 0.351974 0.007419 0.184211
5 0.106790 0.351974 0.004496 0.184211
6 0.096673 0.351974 0.007644 0.184211
5 0.086668 0.351974 0.006969 0.184211
24 0.074078 0.351974 0.015063 0.184211
4 0.043952 0.351974 0.013264 0.184211
0 0.022145 0.351974 0.011915 0.184211
19 0.008880 0.351974 0.011915 0.184211
9 0.993255 0.476151 0.004946 0.195724
4 0.982464 0.476151 0.006295 0.195724
5 0.977181 0.476151 0.005171 0.195724
4 0.969200 0.476151 0.004946 0.195724
1 0.953125 0.476151 0.004272 0.195724
11 0.942671 0.476151 0.008543 0.195724
13 0.931879 0.476151 0.005396 0.195724
5 0.915917 0.476151 0.002698 0.195724
18 0.910746 0.476151 0.006295 0.195724
22 0.897482 0.476151 0.009442 0.195724
24 0.886803 0.476151 0.005621 0.195724
0 0.868031 0.476151 0.005845 0.195724
26 0.854766 0.476151 0.006745 0.195724
4 0.836106 0.476151 0.005396 0.195724
25 0.822617 0.476151 0.009442 0.195724
14 0.809465 0.476151 0.010117 0.195724
9 0.796201 0.476151 0.008318 0.195724
13 0.788219 0.476151 0.004496 0.195724
5 0.771246 0.476151 0.002923 0.195724
12 0.764276 0.476151 0.007419 0.195724
0 0.751012 0.476151 0.011466 0.195724
9 0.735162 0.476151 0.004047 0.195724
4 0.726844 0.476151 0.006745 0.195724
9 0.716502 0.476151 0.008094 0.195724
4 0.706048 0.476151 0.005621 0.195724
14 0.689861 0.476151 0.005171 0.195724
8 0.676484 0.476151 0.010342 0.195724
24 0.663219 0.476151 0.006745 0.195724
5 0.647594 0.476151 0.004721 0.195724
4 0.636803 0.476151 0.007869 0.195724
0 0.626124 0.476151 0.008543 0.195724
3 0.612747 0.476151 0.009218 0.195724
14 0.599258 0.476151 0.011016 0.195724
4 0.583633 0.476151 0.007644 0.195724
12 0.564186 0.476151 0.007419 0.195724
0 0.548561 0.476151 0.014388 0.195724
26 0.527091 0.476151 0.013714 0.195724
26 0.509105 0.476151 0.010567 0.195724
15 0.493031 0.476151 0.017536 0.195724
0 0.477743 0.476151 0.010342 0.195724
26 0.460094 0.476151 0.015063 0.195724
9 0.443345 0.476151 0.008094 0.195724
1 0.431767 0.476151 0.007419 0.195724
5 0.423674 0.476151 0.006520 0.195724
12 0.413332 0.476151 0.008768 0.195724
4 0.394222 0.476151 0.019559 0.195724
5 0.377248 0.476151 0.004047 0.195724
0 0.367918 0.476151 0.008768 0.195724
1 0.354654 0.476151 0.009218 0.195724
3 0.341502 0.476151 0.012140 0.195724
26 0.320144 0.476151 0.012590 0.195724
13 0.305755 0.476151 0.013939 0.195724
14 0.285184 0.476151 0.009218 0.195724
4 0.269784 0.476151 0.010791 0.195724
24 0.256407 0.476151 0.009218 0.195724
4 0.242693 0.476151 0.012365 0.195724
14 0.224371 0.476151 0.005845 0.195724
18 0.208746 0.476151 0.011466 0.195724
12 0.195144 0.476151 0.006745 0.195724
4 0.166142 0.476151 0.006295 0.195724
0 0.150292 0.476151 0.010117 0.195724
24 0.136915 0.476151 0.012140 0.195724
21 0.117918 0.476151 0.008768 0.195724
4 0.090715 0.476151 0.013714 0.195724
8 0.072842 0.476151 0.011691 0.195724
1 0.056879 0.476151 0.010342 0.195724
4 0.042154 0.476151 0.014613 0.195724
0 0.989546 0.591283 0.004721 0.185855
25 0.977293 0.591283 0.009892 0.185855
24 0.962905 0.591283 0.007194 0.185855
9 0.945931 0.591283 0.004721 0.185855
4 0.935926 0.591283 0.006295 0.185855
5 0.928732 0.593750 0.006745 0.187500
4 0.918952 0.593750 0.005621 0.187500
16 0.906362 0.593750 0.010117 0.187500
26 0.894559 0.593750 0.007644 0.187500
15 0.882307 0.593750 0.010117 0.187500
12 0.867918 0.593750 0.010117 0.187500
11 0.853080 0.596217 0.009218 0.185855
13 0.842289 0.596217 0.011016 0.185855
5 0.827788 0.596217 0.007194 0.185855
25 0.809240 0.599507 0.028103 0.185855
14 0.786758 0.599507 0.014164 0.185855
26 0.772370 0.599507 0.011915 0.185855
13 0.762365 0.599507 0.003597 0.185855
0 0.754047 0.599507 0.008543 0.185855
26 0.740782 0.599507 0.010791 0.185855
3 0.724033 0.601974 0.005621 0.187500
1 0.709645 0.601974 0.010117 0.187500
24 0.697392 0.601974 0.008543 0.187500
9 0.687500 0.601974 0.005396 0.187500
0 0.670414 0.601974 0.004047 0.187500
12 0.660859 0.604441 0.009218 0.185855
4 0.645796 0.604441 0.007419 0.185855
18 0.629047 0.604441 0.006295 0.185855
12 0.614658 0.604441 0.007194 0.185855
12 0.592513 0.606908 0.005621 0.187500
1 0.577788 0.606908 0.010342 0.187500
1 0.563287 0.606908 0.010567 0.187500
11 0.548561 0.606908 0.010342 0.187500
13 0.536646 0.606908 0.006295 0.187500
5 0.518323 0.610197 0.006520 0.187500
18 0.506520 0.610197 0.012590 0.187500
12 0.489546 0.610197 0.020009 0.187500
16 0.473022 0.610197 0.005396 0.187500
20 0.463354 0.612664 0.008543 0.185855
25 0.448966 0.612664 0.012140 0.185855
11 0.429294 0.612664 0.011915 0.185855
13 0.416142 0.612664 0.012140 0.185855
5 0.400067 0.615132 0.005171 0.187500
23 0.390625 0.615132 0.008318 0.187500
25 0.375787 0.615132 0.011466 0.187500
24 0.358588 0.615132 0.011691 0.187500
26 0.343750 0.615132 0.010342 0.187500
13 0.329249 0.618421 0.012815 0.187500
0 0.303507 0.618421 0.026529 0.187500
26 0.282824 0.618421 0.011691 0.187500
13 0.273943 0.618421 0.001574 0.187500
12 0.261016 0.620888 0.006745 0.185855
0 0.244155 0.620888 0.010791 0.185855
5 0.232014 0.620888 0.008543 0.185855
26 0.222235 0.620888 0.005171 0.185855
18 0.205373 0.623355 0.005621 0.187500
12 0.193121 0.623355 0.006295 0.187500
9 0.176259 0.623355 0.004047 0.187500
3 0.166142 0.623355 0.008543 0.187500
11 0.151529 0.623355 0.010342 0.187500
13 0.139613 0.625822 0.006295 0.185855
5 0.122415 0.625822 0.003822 0.185855
4 0.115108 0.625822 0.006295 0.185855
9 0.105553 0.625822 0.006969 0.185855
5 0.098022 0.625822 0.004496 0.185855
12 0.081385 0.625822 0.008094 0.185855
8 0.068907 0.629112 0.009218 0.185855
5 0.056767 0.629112 0.007869 0.185855
8 0.046875 0.629112 0.009667 0.185855
20 0.029564 0.629112 0.011915 0.185855
26 0.013040 0.631579 0.014388 0.187500
1 0.991569 0.721217 0.004272 0.208882
9 0.983476 0.721217 0.006520 0.208882
15 0.975382 0.721217 0.005171 0.208882
18 0.964141 0.721217 0.005171 0.208882
9 0.953350 0.723684 0.006969 0.207237
16 0.947729 0.723684 0.004721 0.207237
9 0.942334 0.723684 0.005171 0.207237
11 0.934128 0.723684 0.007644 0.207237
13 0.923561 0.723684 0.005845 0.207237
5 0.906924 0.726151 0.004496 0.208882
12 0.898606 0.726151 0.006295 0.208882
14 0.890737 0.726151 0.008094 0.208882
3 0.877023 0.726151 0.010342 0.208882
26 0.863085 0.729441 0.010791 0.208882
13 0.849708 0.729441 0.007419 0.208882
0 0.833183 0.729441 0.004946 0.208882
26 0.822280 0.729441 0.009667 0.208882
13 0.808566 0.731908 0.007419 0.207237
0 0.792154 0.731908 0.005621 0.207237
26 0.781587 0.731908 0.006070 0.207237
1 0.764951 0.734375 0.004272 0.208882
16 0.756745 0.734375 0.006745 0.208882
9 0.748426 0.734375 0.006295 0.208882
11 0.740333 0.734375 0.008543 0.208882
13 0.726956 0.734375 0.007419 0.208882
12 0.710994 0.736842 0.009667 0.207237
3 0.696942 0.736842 0.010342 0.207237
1 0.683228 0.736842 0.009442 0.207237
24 0.670976 0.739309 0.011915 0.208882
1 0.656475 0.739309 0.015288 0.208882
13 0.643098 0.739309 0.010567 0.208882
1 0.625787 0.742599 0.004721 0.208882
25 0.614658 0.742599 0.009892 0.208882
1 0.598359 0.742599 0.011466 0.208882
26 0.584757 0.742599 0.009892 0.208882
10 0.573516 0.745066 0.006295 0.207237
1 0.557329 0.745066 0.006295 0.207237
1 0.543615 0.745066 0.008543 0.207237
9 0.535746 0.745066 0.008094 0.207237
26 0.521808 0.747533 0.009892 0.208882
10 0.511353 0.747533 0.006070 0.208882
5 0.494604 0.747533 0.004496 0.208882
1 0.486398 0.750822 0.006969 0.208882
12 0.475832 0.750822 0.008768 0.208882
11 0.462230 0.750822 0.010342 0.208882
26 0.448291 0.750822 0.009892 0.208882
10 0.437275 0.753289 0.006295 0.207237
1 0.417941 0.753289 0.004946 0.207237
3 0.407262 0.753289 0.009218 0.207237
24 0.393548 0.755757 0.010117 0.208882
10 0.382419 0.755757 0.006295 0.208882
5 0.366232 0.755757 0.004946 0.208882
1 0.355665 0.755757 0.008993 0.208882
25 0.341951 0.759046 0.011241 0.208882
11 0.325202 0.759046 0.011466 0.208882
1 0.311488 0.759046 0.010567 0.208882
10 0.298224 0.761513 0.006969 0.207237
5 0.283049 0.761513 0.010791 0.207237
1 0.271133 0.761513 0.010791 0.207237
23 0.259667 0.761513 0.009892 0.207237
5 0.250787 0.763980 0.005621 0.208882
14 0.240108 0.763980 0.015288 0.208882
10 0.224258 0.763980 0.015962 0.208882
5 0.210544 0.763980 0.004721 0.208882
11 0.199753 0.767270 0.009218 0.208882
26 0.186263 0.767270 0.009667 0.208882
1 0.175022 0.767270 0.009218 0.208882
26 0.161421 0.767270 0.010791 0.208882
13 0.147819 0.769737 0.007419 0.207237
18 0.131632 0.769737 0.008318 0.207237
12 0.112410 0.769737 0.009442 0.207237
14 0.074303 0.772204 0.006070 0.208882
6 0.060589 0.774671 0.008768 0.207237
5 0.052496 0.774671 0.006520 0.207237
6 0.044177 0.774671 0.006969 0.207237
5 0.033049 0.774671 0.010791 0.207237
26 0.017311 0.777138 0.008094 0.208882
1 0.990108 0.845395 0.005845 0.190789
9 0.982352 0.845395 0.006520 0.190789
26 0.972684 0.847862 0.007419 0.192434
10 0.961668 0.847862 0.011915 0.192434
5 0.947504 0.847862 0.005171 0.192434
1 0.938624 0.851151 0.008094 0.192434
25 0.926259 0.851151 0.009892 0.192434
18 0.911758 0.851151 0.011016 0.192434
24 0.897370 0.852796 0.009667 0.192434
9 0.887478 0.852796 0.006969 0.192434
10 0.878260 0.852796 0.010567 0.192434
12 0.860724 0.852796 0.004272 0.192434
14 0.851169 0.856086 0.008094 0.192434
18 0.838692 0.856086 0.010567 0.192434
15 0.823966 0.856086 0.007644 0.192434
9 0.811938 0.856086 0.003822 0.192434
24 0.804969 0.859375 0.007419 0.192434
1 0.792716 0.859375 0.008993 0.192434
5 0.782711 0.859375 0.006070 0.192434
9 0.773156 0.859375 0.004496 0.192434
14 0.763264 0.861020 0.008543 0.192434
9 0.751124 0.861020 0.007644 0.192434
11 0.743705 0.861020 0.007644 0.192434
13 0.731677 0.861020 0.006520 0.192434
5 0.714478 0.864309 0.004047 0.192434
9 0.707284 0.864309 0.005845 0.192434
14 0.699640 0.864309 0.007644 0.192434
9 0.687725 0.864309 0.006745 0.192434
1 0.670751 0.866776 0.005171 0.190789
16 0.661084 0.866776 0.006070 0.190789
9 0.656025 0.866776 0.006295 0.190789
11 0.643997 0.869243 0.008768 0.192434
13 0.633993 0.869243 0.005845 0.192434
18 0.617131 0.869243 0.005845 0.192434
12 0.604879 0.869243 0.006520 0.192434
4 0.585432 0.872533 0.005396 0.192434
0 0.573291 0.872533 0.008543 0.192434
3 0.563399 0.872533 0.008094 0.192434
14 0.551147 0.875000 0.011466 0.190789
4 0.534060 0.875000 0.008318 0.190789
0 0.519784 0.875000 0.005845 0.190789
25 0.504834 0.877467 0.011466 0.192434
24 0.490670 0.877467 0.007419 0.192434
16 0.475832 0.877467 0.004272 0.192434
25 0.466165 0.880757 0.009667 0.192434
1 0.449191 0.880757 0.011691 0.192434
18 0.437050 0.880757 0.006745 0.192434
9 0.420863 0.883224 0.004047 0.190789
4 0.412545 0.883224 0.008094 0.190789
5 0.402428 0.883224 0.007194 0.190789
4 0.393660 0.883224 0.010342 0.190789
12 0.376349 0.885691 0.008993 0.192434
0 0.363647 0.885691 0.009218 0.192434
1 0.351619 0.885691 0.009442 0.192434
26 0.339366 0.888980 0.008768 0.192434
9 0.329586 0.888980 0.007644 0.192434
11 0.319807 0.888980 0.008318 0.192434
13 0.306542 0.890625 0.013264 0.192434
12 0.288219 0.890625 0.007644 0.192434
26 0.275967 0.890625 0.009218 0.192434
26 0.262253 0.893914 0.013714 0.192434
12 0.247415 0.893914 0.009667 0.192434
4 0.234600 0.893914 0.008318 0.192434
13 0.222909 0.897204 0.013264 0.192434
11 0.205935 0.897204 0.008094 0.192434
9 0.195369 0.897204 0.007194 0.192434
14 0.188287 0.897204 0.006969 0.192434
9 0.174460 0.898849 0.013939 0.192434
4 0.161983 0.898849 0.008768 0.192434
25 0.149168 0.898849 0.010117 0.192434
14 0.134892 0.902138 0.010342 0.192434
9 0.122527 0.902138 0.008543 0.192434
13 0.111286 0.902138 0.011691 0.192434
18 0.093300 0.903783 0.013040 0.189145
12 0.078575 0.903783 0.014613 0.189145
4 0.059465 0.903783 0.009667 0.189145
0 0.044739 0.904605 0.010342 0.187500
24 0.032599 0.904605 0.010342 0.187500
21 0.014276 0.906250 0.018210 0.184211
