5 0.976944 0.321023 0.002456 0.142045
9 0.972851 0.321023 0.003001 0.142045
3 0.967121 0.321023 0.006821 0.142045
1 0.959482 0.324811 0.005184 0.142045
24 0.952660 0.324811 0.005184 0.142045
9 0.943793 0.324811 0.003274 0.142045
4 0.938199 0.324811 0.004638 0.142045
5 0.932606 0.324811 0.003820 0.142045
4 0.927831 0.324811 0.005730 0.142045
0 0.916371 0.324811 0.006821 0.142045
12 0.907231 0.326705 0.009823 0.142045
14 0.895362 0.326705 0.006276 0.142045
25 0.886630 0.326705 0.010095 0.142045
4 0.877626 0.326705 0.006821 0.142045
12 0.868076 0.326705 0.004638 0.142045
0 0.861119 0.326705 0.004911 0.142045
14 0.855389 0.328598 0.004911 0.142045
24 0.847067 0.328598 0.007913 0.142045
23 0.835471 0.328598 0.006003 0.142045
3 0.828649 0.328598 0.006003 0.142045
25 0.819509 0.328598 0.009004 0.142045
12 0.809686 0.328598 0.003001 0.142045
9 0.804229 0.332386 0.004638 0.142045
11 0.794816 0.332386 0.005457 0.142045
12 0.786903 0.332386 0.007640 0.142045
1 0.777763 0.332386 0.004638 0.142045
11 0.771623 0.332386 0.004366 0.142045
5 0.766166 0.332386 0.004366 0.142045
24 0.760027 0.332386 0.005730 0.142045
20 0.750750 0.334280 0.006821 0.142045
8 0.742019 0.334280 0.007367 0.142045
24 0.734516 0.334280 0.006003 0.142045
11 0.722237 0.334280 0.006003 0.142045
12 0.714734 0.334280 0.007367 0.142045
24 0.703683 0.334280 0.005457 0.142045
5 0.696589 0.337121 0.007640 0.143939
13 0.688950 0.337121 0.006003 0.143939
1 0.678990 0.337121 0.004638 0.143939
1 0.672988 0.337121 0.004638 0.143939
16 0.667258 0.337121 0.003547 0.143939
9 0.663847 0.337121 0.003274 0.143939
9 0.656617 0.337121 0.002456 0.143939
25 0.649795 0.339962 0.010095 0.142045
24 0.641473 0.339962 0.005457 0.142045
0 0.634243 0.339962 0.006276 0.142045
12 0.627149 0.339962 0.006821 0.142045
1 0.619100 0.339962 0.004366 0.142045
0 0.612824 0.339962 0.004911 0.142045
3 0.605184 0.339962 0.004911 0.142045
13 0.597954 0.341856 0.007913 0.142045
5 0.589359 0.341856 0.004911 0.142045
1 0.584311 0.341856 0.004093 0.142045
1 0.576671 0.341856 0.005730 0.142045
4 0.569168 0.341856 0.004911 0.142045
14 0.563438 0.341856 0.004911 0.142045
4 0.555252 0.341856 0.007640 0.142045
12 0.544884 0.345644 0.004366 0.142045
9 0.539154 0.345644 0.004366 0.142045
4 0.529468 0.345644 0.004638 0.142045
5 0.523329 0.345644 0.003820 0.142045
0 0.518554 0.345644 0.005730 0.142045
5 0.509959 0.345644 0.002729 0.142045
9 0.506276 0.345644 0.003001 0.142045
0 0.502729 0.345644 0.003547 0.142045
14 0.497135 0.345644 0.004911 0.142045
24 0.489086 0.347538 0.007367 0.142045
14 0.478854 0.347538 0.004366 0.142045
25 0.470396 0.347538 0.006548 0.142045
4 0.462074 0.347538 0.007913 0.142045
0 0.453206 0.347538 0.003274 0.142045
12 0.447749 0.347538 0.003274 0.142045
4 0.436289 0.350379 0.002729 0.143939
18 0.430559 0.350379 0.004911 0.143939
13 0.423056 0.350379 0.004093 0.143939
6 0.412824 0.350379 0.002729 0.143939
11 0.407640 0.350379 0.003820 0.143939
5 0.404093 0.350379 0.003274 0.143939
24 0.397954 0.350379 0.005730 0.143939
0 0.388677 0.353220 0.006821 0.142045
26 0.381446 0.353220 0.006003 0.142045
4 0.372306 0.353220 0.004638 0.142045
9 0.366439 0.353220 0.004366 0.142045
5 0.362483 0.353220 0.003001 0.142045
13 0.358117 0.353220 0.005184 0.142045
4 0.349250 0.353220 0.003820 0.142045
6 0.343656 0.353220 0.004093 0.142045
4 0.337108 0.353220 0.006821 0.142045
0 0.327422 0.355114 0.004911 0.142045
25 0.320737 0.355114 0.005184 0.142045
24 0.311187 0.355114 0.008458 0.142045
9 0.302729 0.355114 0.002456 0.142045
22 0.296180 0.355114 0.005730 0.142045
0 0.288540 0.355114 0.005730 0.142045
26 0.281037 0.358902 0.004911 0.142045
13 0.274216 0.358902 0.007094 0.142045
14 0.263029 0.358902 0.003274 0.142045
14 0.256480 0.358902 0.006548 0.142045
22 0.246930 0.358902 0.006548 0.142045
24 0.239154 0.358902 0.005184 0.142045
9 0.233697 0.358902 0.004093 0.142045
13 0.226876 0.360795 0.006821 0.142045
14 0.218417 0.360795 0.003547 0.142045
1 0.210914 0.360795 0.004911 0.142045
9 0.205048 0.360795 0.004638 0.142045
26 0.199454 0.360795 0.003274 0.142045
18 0.188131 0.360795 0.003547 0.142045
1 0.180491 0.360795 0.005184 0.142045
3 0.174898 0.363636 0.004911 0.143939
9 0.166985 0.363636 0.004366 0.143939
13 0.163438 0.363636 0.002729 0.143939
11 0.151432 0.363636 0.006003 0.143939
9 0.146112 0.363636 0.003001 0.143939
1 0.138745 0.363636 0.004093 0.143939
7 0.133151 0.363636 0.003820 0.143939
5 0.129332 0.363636 0.003820 0.143939
6 0.124011 0.366477 0.004093 0.142045
23 0.117735 0.366477 0.005730 0.142045
9 0.110368 0.366477 0.001910 0.142045
3 0.105321 0.366477 0.006548 0.142045
4 0.097544 0.366477 0.004638 0.142045
5 0.091542 0.366477 0.004638 0.142045
22 0.085675 0.366477 0.003820 0.142045
9 0.082128 0.366477 0.003274 0.142045
0 0.075716 0.366477 0.006276 0.142045
9 0.067804 0.368371 0.001910 0.142045
4 0.063029 0.368371 0.004366 0.142045
5 0.057299 0.368371 0.003820 0.142045
4 0.052115 0.368371 0.006548 0.142045
0 0.043247 0.368371 0.005184 0.142045
26 0.036562 0.368371 0.004911 0.142045
11 0.028922 0.368371 0.004911 0.142045
13 0.022647 0.372159 0.007094 0.142045
14 0.974761 0.420455 0.006821 0.140152
6 0.968213 0.420455 0.004638 0.140152
4 0.961528 0.420455 0.007640 0.140152
5 0.951569 0.420455 0.001364 0.140152
12 0.947067 0.420455 0.004911 0.140152
0 0.938472 0.420455 0.007367 0.140152
9 0.928513 0.420455 0.003820 0.140152
0 0.922783 0.420455 0.004911 0.140152
11 0.915553 0.422348 0.005184 0.140152
12 0.906958 0.422348 0.009277 0.140152
5 0.896589 0.422348 0.002183 0.140152
6 0.893315 0.422348 0.003274 0.140152
14 0.887722 0.422348 0.005184 0.140152
15 0.877080 0.422348 0.009004 0.140152
4 0.864256 0.422348 0.007367 0.140152
9 0.858254 0.422348 0.003001 0.140152
5 0.854434 0.426136 0.003001 0.140152
13 0.849113 0.426136 0.006003 0.140152
0 0.838881 0.426136 0.006821 0.140152
26 0.827831 0.426136 0.013643 0.140152
13 0.817872 0.426136 0.003001 0.140152
9 0.813643 0.426136 0.002729 0.140152
22 0.807367 0.426136 0.006003 0.140152
0 0.798772 0.426136 0.005730 0.140152
9 0.793724 0.428030 0.003820 0.140152
13 0.787722 0.428030 0.006548 0.140152
1 0.775034 0.428030 0.006821 0.140152
7 0.766985 0.428030 0.007640 0.140152
3 0.759482 0.428030 0.006276 0.140152
25 0.750477 0.428030 0.010641 0.140152
4 0.737653 0.430871 0.005730 0.138258
0 0.728786 0.430871 0.006003 0.138258
1 0.722101 0.430871 0.005184 0.138258
9 0.716780 0.430871 0.004366 0.138258
1 0.710641 0.430871 0.006821 0.138258
5 0.701228 0.430871 0.002729 0.138258
4 0.695907 0.430871 0.004093 0.138258
9 0.690587 0.430871 0.004366 0.138258
4 0.685539 0.430871 0.003001 0.138258
11 0.674898 0.433712 0.003001 0.140152
9 0.669441 0.433712 0.003001 0.140152
9 0.660982 0.433712 0.002456 0.140152
1 0.655662 0.433712 0.004366 0.140152
9 0.650477 0.433712 0.003820 0.140152
0 0.645430 0.433712 0.005184 0.140152
10 0.637926 0.433712 0.003820 0.140152
9 0.629468 0.433712 0.003274 0.140152
4 0.622510 0.433712 0.004638 0.140152
5 0.617326 0.435606 0.004093 0.140152
4 0.611869 0.435606 0.003001 0.140152
0 0.601501 0.435606 0.003001 0.140152
12 0.596317 0.435606 0.003001 0.140152
0 0.584038 0.435606 0.003001 0.140152
24 0.577490 0.435606 0.005730 0.140152
21 0.569986 0.435606 0.003820 0.140152
4 0.558254 0.438447 0.004911 0.138258
11 0.551160 0.438447 0.004366 0.138258
16 0.545975 0.438447 0.004911 0.138258
18 0.538881 0.438447 0.004911 0.138258
16 0.533697 0.438447 0.003820 0.138258
9 0.528649 0.438447 0.004638 0.138258
5 0.520737 0.438447 0.002456 0.138258
4 0.516235 0.438447 0.003820 0.138258
5 0.510914 0.438447 0.005184 0.138258
26 0.502456 0.438447 0.005730 0.138258
9 0.495225 0.441288 0.006003 0.140152
5 0.488404 0.441288 0.002729 0.140152
4 0.482810 0.441288 0.004638 0.140152
0 0.476126 0.441288 0.004911 0.140152
14 0.469168 0.441288 0.005184 0.140152
24 0.462210 0.441288 0.004911 0.140152
9 0.456617 0.441288 0.003001 0.140152
5 0.448158 0.441288 0.001910 0.140152
4 0.444475 0.441288 0.003820 0.140152
5 0.437653 0.444129 0.005457 0.138258
5 0.430423 0.444129 0.004638 0.138258
9 0.427012 0.444129 0.002183 0.138258
5 0.420327 0.444129 0.002456 0.138258
4 0.415143 0.444129 0.004093 0.138258
9 0.409686 0.444129 0.004093 0.138258
1 0.404366 0.444129 0.003274 0.138258
5 0.400955 0.444129 0.003547 0.138258
17 0.395771 0.444129 0.004093 0.138258
9 0.390587 0.444129 0.003001 0.138258
0 0.381855 0.444129 0.003001 0.138258
25 0.374625 0.446970 0.006003 0.140152
24 0.365894 0.446970 0.004366 0.140152
16 0.357162 0.446970 0.002183 0.140152
25 0.352387 0.446970 0.005730 0.140152
1 0.341746 0.446970 0.006276 0.140152
18 0.336289 0.446970 0.003001 0.140152
12 0.324420 0.446970 0.002729 0.140152
0 0.318827 0.448864 0.004638 0.140152
1 0.312005 0.448864 0.005184 0.140152
26 0.304775 0.448864 0.005457 0.140152
9 0.298090 0.448864 0.004093 0.140152
10 0.294543 0.448864 0.002456 0.140152
12 0.285812 0.448864 0.004638 0.140152
26 0.279127 0.448864 0.004911 0.140152
26 0.271487 0.448864 0.007640 0.140152
12 0.259754 0.451705 0.003274 0.138258
10 0.252797 0.451705 0.003547 0.138258
0 0.242156 0.451705 0.003001 0.138258
24 0.235334 0.451705 0.006276 0.138258
21 0.226603 0.451705 0.004638 0.138258
6 0.215962 0.451705 0.003001 0.138258
1 0.210778 0.451705 0.004093 0.138258
26 0.204366 0.451705 0.007094 0.138258
7 0.194679 0.454545 0.004638 0.140152
12 0.186494 0.454545 0.005730 0.140152
1 0.179127 0.454545 0.006821 0.140152
5 0.169304 0.454545 0.002456 0.140152
3 0.165757 0.454545 0.004093 0.140152
1 0.158254 0.454545 0.005457 0.140152
25 0.149113 0.454545 0.010641 0.140152
5 0.138881 0.456439 0.002183 0.140152
18 0.133970 0.456439 0.004366 0.140152
1 0.127149 0.456439 0.005457 0.140152
3 0.119918 0.456439 0.005184 0.140152
26 0.112551 0.456439 0.007367 0.140152
0 0.102865 0.456439 0.004366 0.140152
26 0.095089 0.456439 0.007367 0.140152
4 0.084175 0.456439 0.005730 0.140152
18 0.076262 0.460227 0.005184 0.140152
1 0.069441 0.460227 0.005184 0.140152
3 0.062756 0.460227 0.004911 0.140152
4 0.055116 0.460227 0.007640 0.140152
4 0.045839 0.460227 0.006003 0.140152
6 0.037926 0.460227 0.005457 0.140152
0 0.031378 0.460227 0.004911 0.140152
26 0.024557 0.462121 0.006548 0.140152
1 0.976535 0.497159 0.004911 0.142045
5 0.970668 0.497159 0.003547 0.142045
5 0.967258 0.497159 0.003274 0.142045
3 0.961801 0.497159 0.005457 0.142045
25 0.950205 0.497159 0.011187 0.142045
4 0.936016 0.497159 0.006821 0.142045
6 0.929059 0.497159 0.003820 0.142045
4 0.923192 0.497159 0.006821 0.142045
25 0.909004 0.500947 0.010641 0.142045
1 0.899864 0.500947 0.006003 0.142045
18 0.892360 0.500947 0.007367 0.142045
4 0.883629 0.500947 0.008458 0.142045
9 0.874761 0.500947 0.002729 0.142045
14 0.869168 0.500947 0.004638 0.142045
9 0.862483 0.500947 0.004911 0.142045
13 0.857162 0.500947 0.003001 0.142045
26 0.845975 0.502841 0.004638 0.142045
0 0.837653 0.502841 0.006003 0.142045
11 0.831105 0.502841 0.004911 0.142045
12 0.821692 0.502841 0.010641 0.142045
14 0.811323 0.502841 0.005730 0.142045
22 0.801364 0.502841 0.006548 0.142045
5 0.796044 0.502841 0.004093 0.142045
26 0.789632 0.502841 0.007094 0.142045
5 0.779809 0.506629 0.001637 0.142045
1 0.775307 0.506629 0.004093 0.142045
9 0.769714 0.506629 0.003820 0.142045
5 0.766439 0.506629 0.002729 0.142045
13 0.761801 0.506629 0.006003 0.142045
4 0.752524 0.506629 0.003274 0.142045
25 0.743793 0.506629 0.007094 0.142045
1 0.733288 0.506629 0.006276 0.142045
9 0.727967 0.506629 0.004366 0.142045
18 0.720873 0.508523 0.004911 0.142045
9 0.715825 0.508523 0.003001 0.142045
5 0.707367 0.508523 0.004093 0.142045
2 0.698363 0.508523 0.004638 0.142045
12 0.689222 0.508523 0.003820 0.142045
9 0.682674 0.508523 0.004911 0.142045
4 0.677626 0.508523 0.004093 0.142045
5 0.672442 0.508523 0.004093 0.142045
3 0.666712 0.508523 0.005730 0.142045
14 0.657026 0.510417 0.004366 0.142045
22 0.647749 0.510417 0.006548 0.142045
5 0.642565 0.510417 0.003820 0.142045
26 0.636698 0.510417 0.006276 0.142045
9 0.628649 0.510417 0.002729 0.142045
0 0.623329 0.510417 0.004638 0.142045
11 0.616644 0.510417 0.004911 0.142045
12 0.611050 0.510417 0.003001 0.142045
0 0.599181 0.510417 0.003274 0.142045
26 0.591814 0.514205 0.003820 0.142045
25 0.579536 0.514205 0.003820 0.142045
1 0.570941 0.514205 0.005730 0.142045
18 0.564120 0.514205 0.005730 0.142045
26 0.556889 0.514205 0.003820 0.142045
4 0.544884 0.514205 0.002729 0.142045
9 0.539563 0.514205 0.003547 0.142045
14 0.535880 0.514205 0.003820 0.142045
9 0.529332 0.516098 0.004366 0.142045
13 0.525648 0.516098 0.002456 0.142045
5 0.515007 0.516098 0.001364 0.142045
12 0.511869 0.516098 0.004366 0.142045
0 0.502456 0.516098 0.008458 0.142045
9 0.493724 0.516098 0.001910 0.142045
24 0.488813 0.516098 0.004638 0.142045
0 0.482265 0.516098 0.005730 0.142045
4 0.472988 0.516098 0.008458 0.142045
12 0.461664 0.518939 0.004911 0.143939
10 0.453206 0.518939 0.008186 0.143939
7 0.441337 0.518939 0.004638 0.143939
14 0.433151 0.518939 0.006821 0.143939
21 0.421282 0.518939 0.011460 0.143939
5 0.413233 0.518939 0.001910 0.143939
12 0.409004 0.518939 0.004366 0.143939
0 0.399318 0.521780 0.011187 0.142045
9 0.390996 0.521780 0.002183 0.142045
24 0.385948 0.521780 0.004638 0.142045
0 0.379400 0.521780 0.005730 0.142045
4 0.370259 0.521780 0.008186 0.142045
12 0.358254 0.521780 0.003820 0.142045
10 0.351296 0.521780 0.007913 0.142045
25 0.341883 0.523674 0.006003 0.142045
0 0.331787 0.523674 0.006003 0.142045
24 0.324557 0.523674 0.009004 0.142045
1 0.316098 0.523674 0.003001 0.142045
11 0.309413 0.523674 0.004911 0.142045
12 0.304093 0.523674 0.003001 0.142045
2 0.295498 0.523674 0.002729 0.142045
1 0.290177 0.523674 0.004093 0.142045
12 0.283356 0.523674 0.005730 0.142045
10 0.275853 0.527462 0.003820 0.142045
5 0.268622 0.527462 0.005730 0.142045
4 0.262483 0.527462 0.004366 0.142045
2 0.257162 0.527462 0.004093 0.142045
3 0.251705 0.527462 0.004638 0.142045
26 0.243656 0.527462 0.008186 0.142045
12 0.234652 0.527462 0.003820 0.142045
1 0.229059 0.527462 0.004093 0.142045
16 0.223738 0.527462 0.004366 0.142045
10 0.218145 0.527462 0.005730 0.142045
1 0.210095 0.529356 0.004366 0.142045
9 0.204638 0.529356 0.003820 0.142045
5 0.201228 0.529356 0.003001 0.142045
13 0.196180 0.529356 0.006003 0.142045
4 0.186630 0.529356 0.003820 0.142045
4 0.180218 0.529356 0.005730 0.142045
5 0.173124 0.529356 0.004638 0.142045
0 0.167121 0.529356 0.006821 0.142045
12 0.157572 0.529356 0.004638 0.142045
0 0.150341 0.532197 0.005457 0.143939
14 0.143656 0.532197 0.005730 0.143939
24 0.134379 0.532197 0.008458 0.143939
1 0.125784 0.532197 0.004366 0.143939
18 0.119372 0.532197 0.005184 0.143939
1 0.114052 0.532197 0.004366 0.143939
5 0.108731 0.532197 0.003547 0.143939
24 0.103411 0.532197 0.007094 0.143939
6 0.094952 0.532197 0.003820 0.143939
4 0.089222 0.532197 0.006003 0.143939
18 0.079127 0.535038 0.004911 0.142045
25 0.071896 0.535038 0.005730 0.142045
4 0.063302 0.535038 0.007640 0.142045
9 0.054570 0.535038 0.002183 0.142045
4 0.051023 0.535038 0.003274 0.142045
5 0.045839 0.535038 0.003820 0.142045
4 0.039700 0.535038 0.007367 0.142045
12 0.030286 0.535038 0.003820 0.142045
9 0.024966 0.536932 0.005730 0.142045
1 0.977080 0.591856 0.004911 0.134470
22 0.970123 0.591856 0.005184 0.134470
0 0.961528 0.591856 0.006548 0.134470
26 0.953342 0.591856 0.004911 0.134470
9 0.948158 0.591856 0.005457 0.134470
14 0.938063 0.591856 0.004366 0.134470
14 0.930014 0.593750 0.006821 0.134470
22 0.920055 0.593750 0.006003 0.134470
24 0.913506 0.593750 0.004911 0.134470
9 0.906821 0.593750 0.004638 0.134470
13 0.900546 0.593750 0.007367 0.134470
5 0.891132 0.593750 0.003820 0.134470
4 0.885130 0.593750 0.004366 0.134470
9 0.880218 0.593750 0.003820 0.134470
4 0.874352 0.593750 0.006276 0.134470
12 0.863438 0.597538 0.003001 0.134470
10 0.856480 0.597538 0.003274 0.134470
12 0.844611 0.597538 0.004638 0.134470
0 0.836698 0.597538 0.005730 0.134470
5 0.830150 0.597538 0.004638 0.134470
26 0.823874 0.597538 0.007367 0.134470
18 0.812551 0.599432 0.007640 0.134470
12 0.803547 0.599432 0.009277 0.134470
9 0.795225 0.599432 0.003001 0.134470
3 0.790041 0.599432 0.004093 0.134470
10 0.783220 0.599432 0.006276 0.134470
5 0.773261 0.599432 0.002729 0.134470
12 0.768213 0.599432 0.004638 0.134470
6 0.761528 0.599432 0.004911 0.134470
11 0.754980 0.599432 0.004366 0.134470
24 0.749932 0.601326 0.004638 0.134470
5 0.743520 0.601326 0.003820 0.134470
15 0.739563 0.601326 0.004093 0.134470
1 0.730286 0.601326 0.005184 0.134470
9 0.725375 0.601326 0.003001 0.134470
15 0.719645 0.601326 0.005184 0.134470
18 0.711733 0.601326 0.004638 0.134470
9 0.705184 0.601326 0.004638 0.134470
16 0.699727 0.601326 0.003547 0.134470
9 0.696589 0.601326 0.002729 0.134470
10 0.692360 0.605114 0.005184 0.134470
12 0.682810 0.605114 0.003001 0.134470
14 0.676808 0.605114 0.005184 0.134470
18 0.668349 0.605114 0.005184 0.134470
15 0.661664 0.605114 0.006003 0.134470
26 0.651978 0.605114 0.005730 0.134470
4 0.643383 0.605114 0.005457 0.134470
9 0.638472 0.605114 0.003820 0.134470
4 0.632333 0.607008 0.006821 0.134470
26 0.623465 0.607008 0.004911 0.134470
5 0.616780 0.607008 0.003547 0.134470
24 0.613370 0.607008 0.003820 0.134470
26 0.605048 0.607008 0.006821 0.134470
9 0.597271 0.607008 0.004366 0.134470
4 0.591814 0.607008 0.003820 0.134470
5 0.586903 0.607008 0.003820 0.134470
4 0.579945 0.607008 0.008458 0.134470
1 0.570668 0.610795 0.005730 0.134470
20 0.563029 0.610795 0.004093 0.134470
9 0.559754 0.610795 0.003001 0.134470
10 0.554297 0.610795 0.005730 0.134470
11 0.542838 0.610795 0.005184 0.134470
9 0.537517 0.610795 0.003820 0.134470
1 0.529604 0.610795 0.002729 0.134470
9 0.523465 0.610795 0.004638 0.134470
3 0.518281 0.610795 0.002456 0.134470
7 0.507503 0.612689 0.007640 0.134470
6 0.500546 0.612689 0.003001 0.134470
23 0.494816 0.612689 0.006821 0.134470
4 0.487040 0.612689 0.007640 0.134470
4 0.478445 0.612689 0.003547 0.134470
5 0.473124 0.612689 0.004366 0.134470
22 0.466439 0.612689 0.005184 0.134470
0 0.459891 0.612689 0.004093 0.134470
19 0.453888 0.614583 0.006821 0.134470
9 0.443793 0.614583 0.003001 0.134470
4 0.438745 0.614583 0.005457 0.134470
5 0.430832 0.614583 0.009277 0.134470
4 0.424284 0.614583 0.002183 0.134470
14 0.419509 0.614583 0.003001 0.134470
14 0.411869 0.614583 0.006821 0.134470
22 0.401501 0.614583 0.005730 0.134470
24 0.396589 0.614583 0.004638 0.134470
9 0.389905 0.618371 0.003820 0.134470
13 0.384447 0.618371 0.007640 0.134470
5 0.373533 0.618371 0.002183 0.134470
25 0.368213 0.618371 0.005184 0.134470
14 0.358254 0.618371 0.006003 0.134470
24 0.351432 0.618371 0.005457 0.134470
26 0.344884 0.618371 0.003274 0.134470
0 0.333424 0.620265 0.004911 0.134470
26 0.325239 0.620265 0.006003 0.134470
4 0.316235 0.620265 0.006003 0.134470
5 0.309004 0.620265 0.006821 0.134470
23 0.301774 0.620265 0.006003 0.134470
4 0.294952 0.620265 0.006003 0.134470
4 0.284311 0.620265 0.006003 0.134470
6 0.273670 0.623106 0.012005 0.132576
0 0.263847 0.623106 0.006003 0.132576
26 0.258799 0.623106 0.000819 0.132576
12 0.254843 0.623106 0.002729 0.132576
14 0.250068 0.623106 0.004638 0.132576
5 0.243111 0.623106 0.004366 0.132576
18 0.239700 0.623106 0.003547 0.132576
3 0.233424 0.623106 0.005184 0.132576
4 0.224011 0.623106 0.008731 0.132576
14 0.213915 0.625947 0.004366 0.134470
9 0.206412 0.625947 0.004638 0.134470
14 0.203547 0.625947 0.003820 0.134470
9 0.196453 0.625947 0.004366 0.134470
13 0.191678 0.625947 0.006276 0.134470
9 0.182265 0.625947 0.002183 0.134470
14 0.176535 0.625947 0.007640 0.134470
9 0.170805 0.625947 0.002183 0.134470
14 0.164666 0.625947 0.008458 0.134470
4 0.157162 0.627841 0.006003 0.134470
