5 0.969241 0.210191 0.002618 0.267516
4 0.963024 0.210191 0.007199 0.267516
9 0.956479 0.210191 0.001963 0.267516
4 0.949280 0.210191 0.008508 0.267516
11 0.936518 0.210191 0.005236 0.267516
9 0.929483 0.210191 0.006872 0.267516
9 0.918848 0.210191 0.002618 0.267516
1 0.913940 0.210191 0.005236 0.267516
0 0.905596 0.210191 0.006217 0.267516
10 0.896597 0.210191 0.009162 0.267516
9 0.883835 0.210191 0.003272 0.267516
4 0.876636 0.210191 0.009817 0.267516
5 0.869110 0.210191 0.003927 0.267516
4 0.862565 0.210191 0.007853 0.267516
0 0.848495 0.210191 0.008508 0.267516
12 0.837696 0.210191 0.010471 0.267516
0 0.824607 0.210191 0.009162 0.267516
24 0.814791 0.210191 0.009162 0.267516
21 0.804974 0.210191 0.009162 0.267516
4 0.792866 0.210191 0.005890 0.267516
11 0.784522 0.210191 0.005563 0.267516
16 0.779450 0.210191 0.005236 0.267516
18 0.770942 0.210191 0.005890 0.267516
16 0.765543 0.210191 0.004254 0.267516
9 0.760308 0.210191 0.004908 0.267516
11 0.748855 0.210191 0.004908 0.267516
0 0.740838 0.210191 0.007199 0.267516
25 0.729712 0.210191 0.008508 0.267516
24 0.716296 0.210191 0.011126 0.267516
16 0.702062 0.210191 0.002945 0.267516
25 0.696826 0.210191 0.006872 0.267516
1 0.683246 0.210191 0.008508 0.267516
18 0.673593 0.210191 0.009490 0.267516
12 0.662795 0.210191 0.002945 0.267516
10 0.654287 0.210191 0.010144 0.267516
5 0.642997 0.210191 0.001963 0.267516
12 0.636453 0.210191 0.006545 0.267516
0 0.628109 0.210191 0.006217 0.267516
1 0.619601 0.210191 0.007526 0.267516
26 0.608966 0.210191 0.006545 0.267516
9 0.603403 0.210191 0.004581 0.267516
10 0.596041 0.210191 0.008835 0.267516
5 0.584097 0.210191 0.003272 0.267516
16 0.579516 0.210191 0.004581 0.267516
4 0.572644 0.210191 0.007853 0.267516
16 0.565445 0.210191 0.005236 0.267516
4 0.558246 0.210191 0.007853 0.267516
12 0.547120 0.210191 0.003927 0.267516
10 0.536976 0.210191 0.009817 0.267516
5 0.525687 0.210191 0.002291 0.267516
4 0.520779 0.210191 0.006217 0.267516
18 0.509653 0.210191 0.007526 0.267516
1 0.501473 0.210191 0.006217 0.267516
24 0.493292 0.210191 0.006872 0.267516
26 0.482330 0.210191 0.009162 0.267516
11 0.467932 0.210191 0.007853 0.267516
12 0.458115 0.210191 0.010471 0.267516
20 0.447480 0.210191 0.005563 0.267516
8 0.441099 0.210191 0.005890 0.267516
24 0.429810 0.210191 0.010144 0.267516
24 0.416394 0.210191 0.004254 0.267516
5 0.408377 0.210191 0.005236 0.267516
6 0.402651 0.210191 0.005563 0.267516
13 0.394634 0.210191 0.004581 0.267516
12 0.382363 0.210191 0.003599 0.267516
9 0.375164 0.210191 0.005563 0.267516
4 0.369601 0.210191 0.005563 0.267516
5 0.361420 0.210191 0.005563 0.267516
4 0.353730 0.210191 0.009817 0.267516
5 0.342277 0.210191 0.003272 0.267516
11 0.336551 0.210191 0.005563 0.267516
12 0.328534 0.210191 0.004581 0.267516
20 0.314791 0.210191 0.003927 0.267516
8 0.306446 0.210191 0.007526 0.267516
24 0.295484 0.210191 0.005890 0.267516
25 0.281414 0.210191 0.006545 0.267516
2 0.270942 0.210191 0.007199 0.267516
24 0.261616 0.210191 0.008835 0.267516
1 0.248527 0.210191 0.004908 0.267516
4 0.237893 0.210191 0.007199 0.267516
14 0.229548 0.210191 0.007526 0.267516
4 0.218586 0.210191 0.005890 0.267516
0 0.202225 0.210191 0.009162 0.267516
25 0.190118 0.210191 0.012435 0.267516
24 0.178992 0.210191 0.008508 0.267516
9 0.166230 0.210191 0.003927 0.267516
4 0.160831 0.210191 0.004254 0.267516
9 0.155432 0.210191 0.005236 0.267516
4 0.145779 0.210191 0.010144 0.267516
12 0.128272 0.210191 0.017016 0.267516
10 0.117801 0.210191 0.002618 0.267516
4 0.109784 0.210191 0.008181 0.267516
6 0.100295 0.210191 0.005563 0.267516
11 0.094895 0.210191 0.005236 0.267516
24 0.086715 0.210191 0.006545 0.267516
9 0.078370 0.210191 0.005563 0.267516
13 0.071499 0.210191 0.008181 0.267516
12 0.059719 0.210191 0.004908 0.267516
9 0.053665 0.210191 0.004581 0.267516
4 0.047938 0.210191 0.005563 0.267516
5 0.039758 0.210191 0.005563 0.267516
4 0.033213 0.210191 0.007526 0.267516
5 0.969568 0.382166 0.003272 0.229299
11 0.964005 0.382166 0.006545 0.229299
12 0.954516 0.382166 0.011126 0.229299
20 0.944863 0.382166 0.005563 0.229299
8 0.937336 0.382166 0.006217 0.229299
24 0.924411 0.382166 0.012435 0.229299
5 0.911322 0.382166 0.003272 0.229299
6 0.906577 0.382166 0.004254 0.229299
14 0.899705 0.382166 0.006217 0.229299
24 0.887598 0.382166 0.010798 0.229299
26 0.872873 0.382166 0.006872 0.229299
20 0.861584 0.382166 0.007199 0.229299
3 0.854876 0.382166 0.006217 0.229299
4 0.842605 0.382166 0.011126 0.229299
1 0.828534 0.382166 0.007853 0.229299
25 0.817408 0.382166 0.011780 0.229299
4 0.806610 0.382166 0.008508 0.229299
5 0.797120 0.382166 0.002618 0.229299
0 0.791230 0.382166 0.005890 0.229299
13 0.782068 0.382166 0.007853 0.229299
12 0.769470 0.382166 0.005563 0.229299
0 0.758671 0.382166 0.009490 0.229299
4 0.745092 0.382166 0.007199 0.229299
20 0.736257 0.382166 0.007853 0.229299
3 0.727094 0.382166 0.009162 0.229299
4 0.717605 0.382166 0.008508 0.229299
5 0.706152 0.382166 0.002618 0.229299
18 0.701571 0.382166 0.005236 0.229299
24 0.692081 0.382166 0.007199 0.229299
20 0.682592 0.382166 0.007199 0.229299
26 0.673593 0.382166 0.006217 0.229299
5 0.666885 0.382166 0.005236 0.229299
5 0.656904 0.382166 0.002291 0.229299
11 0.652323 0.382166 0.005563 0.229299
12 0.642834 0.382166 0.004908 0.229299
1 0.630399 0.382166 0.004908 0.229299
11 0.621401 0.382166 0.006545 0.229299
5 0.614529 0.382166 0.005236 0.229299
24 0.607003 0.382166 0.007199 0.229299
0 0.593259 0.382166 0.003927 0.229299
3 0.583933 0.382166 0.007526 0.229299
13 0.574444 0.382166 0.004908 0.229299
1 0.563482 0.382166 0.007853 0.229299
1 0.553338 0.382166 0.006545 0.229299
16 0.546302 0.382166 0.004908 0.229299
9 0.541721 0.382166 0.004254 0.229299
10 0.533868 0.382166 0.007526 0.229299
26 0.520452 0.382166 0.006217 0.229299
20 0.510798 0.382166 0.007199 0.229299
3 0.501473 0.382166 0.006872 0.229299
4 0.490510 0.382166 0.011126 0.229299
5 0.479058 0.382166 0.002618 0.229299
4 0.473331 0.382166 0.005563 0.229299
9 0.465969 0.382166 0.005236 0.229299
4 0.458606 0.382166 0.007526 0.229299
11 0.446008 0.382166 0.007199 0.229299
9 0.438482 0.382166 0.005236 0.229299
9 0.432264 0.382166 0.001963 0.229299
25 0.426211 0.382166 0.007526 0.229299
0 0.412140 0.382166 0.008835 0.229299
12 0.402651 0.382166 0.006872 0.229299
10 0.392670 0.382166 0.009162 0.229299
1 0.379745 0.382166 0.006217 0.229299
16 0.371891 0.382166 0.004908 0.229299
10 0.365020 0.382166 0.008835 0.229299
14 0.353240 0.382166 0.004254 0.229299
5 0.343750 0.382166 0.005563 0.229299
6 0.339005 0.382166 0.004581 0.229299
24 0.331970 0.382166 0.004254 0.229299
12 0.315936 0.382166 0.008181 0.229299
0 0.303665 0.382166 0.007853 0.229299
14 0.294339 0.382166 0.007526 0.229299
24 0.282232 0.382166 0.010798 0.229299
14 0.267016 0.382166 0.010471 0.229299
4 0.256872 0.382166 0.008508 0.229299
6 0.244437 0.382166 0.004581 0.229299
0 0.236584 0.382166 0.009817 0.229299
4 0.226113 0.382166 0.009817 0.229299
5 0.214660 0.382166 0.003927 0.229299
0 0.207134 0.382166 0.009817 0.229299
14 0.195353 0.382166 0.011126 0.229299
24 0.184555 0.382166 0.009162 0.229299
4 0.174411 0.382166 0.009817 0.229299
0 0.162467 0.382166 0.011453 0.229299
12 0.150524 0.382166 0.006545 0.229299
9 0.143488 0.382166 0.004908 0.229299
5 0.138253 0.382166 0.005563 0.229299
1 0.127454 0.382166 0.005563 0.229299
5 0.119928 0.382166 0.004908 0.229299
6 0.115183 0.382166 0.003927 0.229299
6 0.110438 0.382166 0.004254 0.229299
23 0.101767 0.382166 0.009817 0.229299
9 0.089660 0.382166 0.003927 0.229299
3 0.082461 0.382166 0.009162 0.229299
4 0.070844 0.382166 0.007526 0.229299
5 0.061027 0.382166 0.005563 0.229299
22 0.056283 0.382166 0.004581 0.229299
9 0.049247 0.382166 0.005563 0.229299
0 0.042376 0.382166 0.005563 0.229299
16 0.035177 0.382166 0.005563 0.229299
5 0.027978 0.382166 0.006217 0.229299
9 0.971041 0.544586 0.003599 0.222930
4 0.964005 0.544586 0.004581 0.222930
5 0.959424 0.544586 0.004581 0.222930
4 0.952552 0.544586 0.003927 0.222930
14 0.938809 0.544586 0.003927 0.222930
14 0.929810 0.544586 0.007526 0.222930
22 0.918194 0.544586 0.007853 0.222930
24 0.909195 0.544586 0.006217 0.222930
9 0.902323 0.544586 0.005563 0.222930
13 0.895615 0.544586 0.003927 0.222930
14 0.881872 0.544586 0.005890 0.222930
1 0.872873 0.544586 0.006217 0.222930
9 0.865838 0.544586 0.005236 0.222930
26 0.857166 0.544586 0.010144 0.222930
18 0.842441 0.544586 0.006217 0.222930
1 0.831479 0.544586 0.007853 0.222930
3 0.822480 0.544586 0.006872 0.222930
9 0.813318 0.544586 0.006217 0.222930
13 0.805628 0.544586 0.007853 0.222930
5 0.794830 0.544586 0.003272 0.222930
9 0.789921 0.544586 0.002618 0.222930
4 0.782723 0.544586 0.009162 0.222930
9 0.775851 0.544586 0.003272 0.222930
11 0.764725 0.544586 0.007199 0.222930
9 0.758181 0.544586 0.003272 0.222930
4 0.747219 0.544586 0.006872 0.222930
23 0.737565 0.544586 0.006545 0.222930
25 0.728894 0.544586 0.007526 0.222930
4 0.714823 0.544586 0.012107 0.222930
20 0.699935 0.544586 0.005890 0.222930
24 0.692245 0.544586 0.006872 0.222930
18 0.680792 0.544586 0.007526 0.222930
4 0.670484 0.544586 0.009817 0.222930
12 0.657559 0.544586 0.005563 0.222930
18 0.648724 0.544586 0.006217 0.222930
9 0.641852 0.544586 0.005563 0.222930
12 0.634980 0.544586 0.004908 0.222930
5 0.628109 0.544586 0.006872 0.222930
16 0.616492 0.544586 0.006545 0.222930
5 0.612075 0.544586 0.004254 0.222930
5 0.602912 0.544586 0.003599 0.222930
9 0.598331 0.544586 0.004254 0.222930
4 0.591459 0.544586 0.005563 0.222930
24 0.584424 0.544586 0.005236 0.222930
2 0.575753 0.544586 0.010144 0.222930
9 0.565772 0.544586 0.003272 0.222930
4 0.559719 0.544586 0.005563 0.222930
5 0.552683 0.544586 0.005236 0.222930
4 0.542866 0.544586 0.012435 0.222930
11 0.532232 0.544586 0.004254 0.222930
12 0.523069 0.544586 0.004908 0.222930
1 0.509326 0.544586 0.004254 0.222930
11 0.500164 0.544586 0.006217 0.222930
5 0.493292 0.544586 0.005563 0.222930
24 0.486257 0.544586 0.003927 0.222930
1 0.470877 0.544586 0.007199 0.222930
0 0.461224 0.544586 0.006872 0.222930
24 0.452062 0.544586 0.006872 0.222930
21 0.441263 0.544586 0.010798 0.222930
14 0.426538 0.544586 0.006872 0.222930
22 0.415740 0.544586 0.007526 0.222930
24 0.406577 0.544586 0.006872 0.222930
9 0.397415 0.544586 0.006217 0.222930
13 0.389562 0.544586 0.008181 0.222930
14 0.377945 0.544586 0.009817 0.222930
1 0.365183 0.544586 0.007853 0.222930
11 0.356185 0.544586 0.006217 0.222930
24 0.347349 0.544586 0.010144 0.222930
0 0.333115 0.544586 0.004581 0.222930
3 0.321826 0.544586 0.008181 0.222930
13 0.312664 0.544586 0.004908 0.222930
5 0.299738 0.544586 0.005236 0.222930
18 0.291230 0.544586 0.010471 0.222930
3 0.280432 0.544586 0.009817 0.222930
1 0.266361 0.544586 0.010471 0.222930
11 0.256545 0.544586 0.007853 0.222930
5 0.249346 0.544586 0.003927 0.222930
24 0.241492 0.544586 0.009162 0.222930
1 0.227421 0.544586 0.008508 0.222930
4 0.212696 0.544586 0.019634 0.222930
14 0.196990 0.544586 0.009162 0.222930
4 0.191427 0.544586 0.000654 0.222930
18 0.181937 0.544586 0.009162 0.222930
12 0.170157 0.544586 0.011780 0.222930
11 0.156741 0.544586 0.007199 0.222930
15 0.148560 0.544586 0.005236 0.222930
0 0.135471 0.544586 0.009162 0.222930
16 0.127291 0.544586 0.004581 0.222930
9 0.122709 0.544586 0.003272 0.222930
6 0.112893 0.544586 0.004581 0.222930
1 0.104548 0.544586 0.006217 0.222930
5 0.098004 0.544586 0.004908 0.222930
6 0.091296 0.544586 0.005890 0.222930
12 0.079188 0.544586 0.005236 0.222930
9 0.070517 0.544586 0.006217 0.222930
4 0.063645 0.544586 0.005563 0.222930
5 0.056610 0.544586 0.005236 0.222930
4 0.049084 0.544586 0.007853 0.222930
11 0.036976 0.544586 0.005890 0.222930
12 0.027323 0.544586 0.010144 0.222930
20 0.971859 0.722930 0.003927 0.248408
18 0.964987 0.722930 0.006545 0.248408
24 0.953370 0.722930 0.011453 0.248408
24 0.939136 0.722930 0.006545 0.248408
5 0.929156 0.722930 0.006217 0.248408
6 0.924247 0.722930 0.004254 0.248408
13 0.917212 0.722930 0.008508 0.248408
4 0.905759 0.722930 0.003927 0.248408
6 0.898887 0.722930 0.005890 0.248408
11 0.891034 0.722930 0.005890 0.248408
24 0.883508 0.722930 0.005890 0.248408
9 0.875982 0.722930 0.005236 0.248408
13 0.867801 0.722930 0.010471 0.248408
5 0.856021 0.722930 0.003927 0.248408
11 0.849804 0.722930 0.007199 0.248408
12 0.839332 0.722930 0.012435 0.248408
1 0.828043 0.722930 0.006217 0.248408
11 0.820026 0.722930 0.005890 0.248408
5 0.812173 0.722930 0.005890 0.248408
24 0.803829 0.722930 0.008181 0.248408
1 0.791558 0.722930 0.004581 0.248408
16 0.784359 0.722930 0.005236 0.248408
9 0.778796 0.722930 0.005236 0.248408
0 0.768488 0.722930 0.006217 0.248408
20 0.758671 0.722930 0.006872 0.248408
3 0.750982 0.722930 0.007199 0.248408
4 0.738384 0.722930 0.010798 0.248408
5 0.728076 0.722930 0.003927 0.248408
4 0.720550 0.722930 0.005890 0.248408
9 0.713024 0.722930 0.005236 0.248408
4 0.707624 0.722930 0.003599 0.248408
12 0.695026 0.722930 0.004581 0.248408
0 0.684719 0.722930 0.006872 0.248408
5 0.677192 0.722930 0.006217 0.248408
26 0.669503 0.722930 0.004581 0.248408
18 0.657068 0.722930 0.005236 0.248408
12 0.646433 0.722930 0.005563 0.248408
9 0.633835 0.722930 0.003927 0.248408
3 0.626145 0.722930 0.005563 0.248408
11 0.618619 0.722930 0.006872 0.248408
4 0.608475 0.722930 0.005563 0.248408
5 0.597677 0.722930 0.002291 0.248408
12 0.593259 0.722930 0.004581 0.248408
8 0.585733 0.722930 0.007199 0.248408
5 0.575262 0.722930 0.005890 0.248408
8 0.570353 0.722930 0.006545 0.248408
20 0.557592 0.722930 0.007853 0.248408
26 0.547938 0.722930 0.010798 0.248408
1 0.536813 0.722930 0.004908 0.248408
9 0.529450 0.722930 0.005236 0.248408
15 0.523887 0.722930 0.005890 0.248408
18 0.514234 0.722930 0.005563 0.248408
9 0.506545 0.722930 0.005236 0.248408
16 0.501636 0.722930 0.005236 0.248408
9 0.493783 0.722930 0.004581 0.248408
10 0.488874 0.722930 0.007853 0.248408
11 0.478240 0.722930 0.004254 0.248408
9 0.470386 0.722930 0.007526 0.248408
1 0.460733 0.722930 0.003927 0.248408
5 0.453207 0.722930 0.005236 0.248408
6 0.447971 0.722930 0.003927 0.248408
6 0.443063 0.722930 0.005236 0.248408
23 0.435209 0.722930 0.004581 0.248408
9 0.425065 0.722930 0.003927 0.248408
3 0.417539 0.722930 0.004581 0.248408
4 0.400360 0.722930 0.006872 0.248408
5 0.391852 0.722930 0.004908 0.248408
22 0.387107 0.722930 0.005890 0.248408
9 0.376963 0.722930 0.005890 0.248408
0 0.371728 0.722930 0.005890 0.248408
16 0.361420 0.722930 0.006217 0.248408
5 0.355694 0.722930 0.005890 0.248408
9 0.345877 0.722930 0.004581 0.248408
4 0.338514 0.722930 0.006217 0.248408
5 0.330825 0.722930 0.005236 0.248408
4 0.323789 0.722930 0.008835 0.248408
14 0.311355 0.722930 0.008181 0.248408
14 0.300393 0.722930 0.008508 0.248408
22 0.287467 0.722930 0.008835 0.248408
24 0.277323 0.722930 0.006872 0.248408
9 0.269961 0.722930 0.005890 0.248408
13 0.260635 0.722930 0.009490 0.248408
