5 0.983693 0.332474 0.004043 0.081443
9 0.979650 0.332474 0.002965 0.081443
3 0.974124 0.332474 0.007008 0.081443
1 0.966712 0.332474 0.006739 0.081443
24 0.959704 0.334536 0.006199 0.081443
9 0.950539 0.334536 0.002965 0.081443
4 0.946765 0.334536 0.004582 0.081443
5 0.940836 0.334536 0.005121 0.081443
4 0.933962 0.334536 0.007547 0.081443
0 0.923720 0.334536 0.007547 0.081443
12 0.915768 0.336082 0.007278 0.082474
14 0.907143 0.336082 0.007278 0.082474
25 0.897170 0.336082 0.007817 0.082474
4 0.887197 0.336082 0.008356 0.082474
12 0.875876 0.338144 0.004043 0.082474
0 0.869003 0.338144 0.005391 0.082474
14 0.863477 0.338144 0.005660 0.082474
24 0.854717 0.338144 0.008625 0.082474
23 0.842453 0.338144 0.006739 0.082474
3 0.835175 0.340206 0.006739 0.082474
25 0.826146 0.340206 0.010782 0.082474
12 0.814960 0.340206 0.004043 0.082474
9 0.809434 0.340206 0.004852 0.082474
11 0.799461 0.340206 0.006469 0.082474
12 0.791509 0.342268 0.008356 0.082474
1 0.783693 0.342268 0.004582 0.082474
11 0.777493 0.342268 0.004582 0.082474
5 0.773450 0.342268 0.003504 0.082474
24 0.768059 0.342268 0.007278 0.082474
20 0.758625 0.342268 0.006739 0.082474
8 0.751078 0.344330 0.007278 0.082474
24 0.744070 0.344330 0.006199 0.082474
11 0.734367 0.344330 0.006199 0.082474
12 0.726415 0.344330 0.008625 0.082474
24 0.717116 0.344330 0.003504 0.082474
5 0.711995 0.346392 0.004582 0.082474
6 0.707951 0.346392 0.003504 0.082474
13 0.702561 0.346392 0.007278 0.082474
1 0.692049 0.346392 0.006739 0.082474
1 0.685445 0.346392 0.006469 0.082474
16 0.679111 0.346392 0.004043 0.082474
9 0.674933 0.346392 0.003235 0.082474
9 0.668329 0.348454 0.002965 0.082474
25 0.661456 0.348454 0.009704 0.082474
24 0.652965 0.348454 0.006199 0.082474
0 0.645013 0.348454 0.008625 0.082474
12 0.636388 0.348454 0.007547 0.082474
1 0.627628 0.350000 0.006739 0.081443
0 0.619946 0.350000 0.008625 0.081443
3 0.611995 0.350000 0.007278 0.081443
13 0.604852 0.350000 0.007008 0.081443
5 0.595687 0.350000 0.003235 0.081443
1 0.590162 0.352062 0.005121 0.081443
1 0.584232 0.352062 0.005660 0.081443
4 0.577763 0.352062 0.005121 0.081443
14 0.572372 0.352062 0.005660 0.081443
4 0.564286 0.352062 0.007817 0.081443
12 0.555795 0.352062 0.003235 0.081443
9 0.550539 0.352062 0.005660 0.081443
4 0.541240 0.354124 0.006469 0.081443
5 0.536119 0.354124 0.003774 0.081443
0 0.530458 0.354124 0.007547 0.081443
5 0.519946 0.354124 0.002156 0.081443
9 0.516577 0.354124 0.004582 0.081443
0 0.510377 0.354124 0.005121 0.081443
14 0.504447 0.355670 0.005660 0.082474
24 0.496496 0.355670 0.007008 0.082474
14 0.487062 0.355670 0.003774 0.082474
25 0.478841 0.355670 0.007817 0.082474
4 0.469137 0.357732 0.007817 0.082474
0 0.461051 0.357732 0.003504 0.082474
12 0.454582 0.357732 0.004043 0.082474
4 0.442992 0.357732 0.003504 0.082474
18 0.436658 0.357732 0.005930 0.082474
13 0.428706 0.357732 0.004582 0.082474
6 0.420081 0.359794 0.002426 0.082474
11 0.414960 0.359794 0.004582 0.082474
5 0.410916 0.359794 0.003504 0.082474
24 0.405526 0.359794 0.007278 0.082474
0 0.394744 0.359794 0.007278 0.082474
26 0.387871 0.359794 0.006469 0.082474
4 0.377358 0.361856 0.005930 0.082474
9 0.372237 0.361856 0.003235 0.082474
5 0.369137 0.361856 0.002965 0.082474
13 0.364555 0.361856 0.006199 0.082474
4 0.355660 0.361856 0.004582 0.082474
6 0.350809 0.361856 0.004043 0.082474
4 0.344340 0.363918 0.007817 0.082474
0 0.333558 0.363918 0.006739 0.082474
25 0.325472 0.363918 0.006739 0.082474
24 0.315499 0.363918 0.008356 0.082474
9 0.306873 0.363918 0.002965 0.082474
22 0.301482 0.365979 0.005660 0.082474
0 0.293261 0.365979 0.006469 0.082474
26 0.285580 0.365979 0.005660 0.082474
13 0.278167 0.365979 0.008086 0.082474
14 0.268733 0.365979 0.003774 0.082474
14 0.261590 0.367526 0.007817 0.081443
22 0.251348 0.367526 0.006739 0.081443
24 0.245418 0.367526 0.005121 0.081443
9 0.239218 0.367526 0.005121 0.081443
13 0.233154 0.367526 0.005930 0.081443
14 0.223046 0.367526 0.005121 0.081443
1 0.215229 0.369588 0.006199 0.081443
9 0.209569 0.369588 0.005121 0.081443
26 0.202965 0.369588 0.007008 0.081443
18 0.193396 0.369588 0.005121 0.081443
1 0.185849 0.369588 0.005660 0.081443
3 0.179380 0.371649 0.006199 0.081443
9 0.171833 0.371649 0.005121 0.081443
13 0.166442 0.371649 0.007817 0.081443
11 0.156199 0.371649 0.005660 0.081443
9 0.151078 0.371649 0.003504 0.081443
1 0.143935 0.371649 0.004852 0.081443
5 0.137871 0.373196 0.004582 0.082474
6 0.134232 0.373196 0.003774 0.082474
6 0.130054 0.373196 0.004582 0.082474
23 0.123181 0.373196 0.007008 0.082474
9 0.114016 0.373196 0.003235 0.082474
3 0.108356 0.373196 0.007008 0.082474
4 0.098518 0.375258 0.005660 0.082474
5 0.092318 0.375258 0.004582 0.082474
22 0.088275 0.375258 0.004582 0.082474
9 0.081806 0.375258 0.005121 0.082474
0 0.074933 0.375258 0.008625 0.082474
9 0.064960 0.375258 0.002156 0.082474
4 0.059973 0.375258 0.004582 0.082474
5 0.056199 0.377320 0.004043 0.082474
4 0.049596 0.377320 0.007008 0.082474
0 0.039623 0.377320 0.006469 0.082474
26 0.031941 0.377320 0.006739 0.082474
11 0.024933 0.377320 0.005121 0.082474
13 0.018464 0.379381 0.006199 0.082474
14 0.981806 0.387113 0.007278 0.071134
6 0.973989 0.387113 0.004043 0.071134
4 0.967385 0.387113 0.007008 0.071134
5 0.957008 0.387113 0.003504 0.071134
12 0.951617 0.389175 0.004043 0.071134
0 0.943666 0.389175 0.008625 0.071134
9 0.933693 0.389175 0.003235 0.071134
0 0.927628 0.389175 0.005121 0.071134
11 0.920350 0.389175 0.005121 0.071134
12 0.912129 0.391237 0.009164 0.071134
7 0.900404 0.391237 0.004043 0.071134
14 0.890701 0.391237 0.007278 0.071134
21 0.880997 0.391237 0.008356 0.071134
4 0.869003 0.392784 0.005391 0.070103
9 0.861590 0.392784 0.004043 0.070103
5 0.858086 0.392784 0.002965 0.070103
13 0.852426 0.392784 0.006199 0.070103
0 0.842992 0.392784 0.006739 0.070103
26 0.833827 0.392784 0.005660 0.070103
13 0.826280 0.394845 0.007278 0.070103
9 0.814555 0.394845 0.003235 0.070103
22 0.807412 0.394845 0.005121 0.070103
0 0.800674 0.394845 0.005121 0.070103
9 0.793935 0.394845 0.004582 0.070103
13 0.790027 0.394845 0.002156 0.070103
1 0.778437 0.396907 0.002695 0.070103
7 0.772911 0.396907 0.004582 0.070103
3 0.764151 0.396907 0.006469 0.070103
25 0.755121 0.396907 0.004043 0.070103
4 0.741914 0.398969 0.006199 0.070103
0 0.733019 0.398969 0.005660 0.070103
1 0.726280 0.398969 0.004582 0.070103
9 0.720350 0.398969 0.004043 0.070103
1 0.714555 0.398969 0.006469 0.070103
5 0.704852 0.398969 0.002695 0.070103
4 0.700000 0.398969 0.004313 0.070103
9 0.694474 0.401031 0.004043 0.070103
4 0.687332 0.401031 0.009164 0.070103
11 0.678571 0.401031 0.004043 0.070103
9 0.674259 0.401031 0.003504 0.070103
9 0.665768 0.401031 0.003235 0.070103
1 0.661590 0.401031 0.004043 0.070103
9 0.654852 0.403093 0.004582 0.070103
0 0.649461 0.403093 0.004043 0.070103
10 0.642722 0.403093 0.006199 0.070103
9 0.634097 0.403093 0.002965 0.070103
4 0.628437 0.403093 0.004043 0.070103
5 0.623585 0.403093 0.003504 0.070103
4 0.617385 0.403093 0.006739 0.070103
0 0.605930 0.405155 0.003235 0.070103
12 0.599596 0.405155 0.003504 0.070103
0 0.588814 0.405155 0.002426 0.070103
24 0.582075 0.405155 0.005660 0.070103
21 0.573181 0.405155 0.004043 0.070103
4 0.563208 0.406701 0.005660 0.071134
11 0.555930 0.406701 0.005121 0.071134
16 0.548922 0.406701 0.004582 0.071134
18 0.543801 0.406701 0.004582 0.071134
16 0.536388 0.406701 0.004313 0.071134
9 0.530997 0.406701 0.007547 0.071134
5 0.524124 0.408763 0.001887 0.071134
4 0.519272 0.408763 0.004582 0.071134
7 0.512534 0.408763 0.005660 0.071134
26 0.503908 0.408763 0.005660 0.071134
9 0.497439 0.408763 0.004043 0.071134
5 0.489353 0.408763 0.001887 0.071134
4 0.484501 0.410825 0.004582 0.071134
0 0.477493 0.410825 0.005121 0.071134
14 0.470755 0.410825 0.005660 0.071134
24 0.461995 0.410825 0.005391 0.071134
9 0.456334 0.410825 0.003774 0.071134
5 0.448113 0.410825 0.002426 0.071134
4 0.442992 0.410825 0.003504 0.071134
7 0.437871 0.412371 0.005660 0.070103
5 0.427224 0.412371 0.005391 0.070103
9 0.423854 0.412371 0.001887 0.070103
5 0.416981 0.412371 0.002695 0.070103
4 0.411860 0.412371 0.003774 0.070103
9 0.406604 0.412371 0.004043 0.070103
1 0.401213 0.412371 0.003504 0.070103
5 0.397844 0.414433 0.003235 0.070103
17 0.392453 0.414433 0.004852 0.070103
9 0.385849 0.414433 0.003504 0.070103
0 0.377898 0.414433 0.005930 0.070103
25 0.369946 0.414433 0.005660 0.070103
24 0.360647 0.414433 0.008625 0.070103
16 0.352830 0.416495 0.003235 0.070103
25 0.347439 0.416495 0.005391 0.070103
1 0.337062 0.416495 0.006199 0.070103
18 0.330863 0.416495 0.006199 0.070103
12 0.321429 0.416495 0.002426 0.070103
0 0.314420 0.418557 0.005121 0.070103
1 0.307682 0.418557 0.004582 0.070103
26 0.302426 0.418557 0.003774 0.070103
9 0.297170 0.418557 0.004043 0.070103
10 0.291509 0.418557 0.002965 0.070103
12 0.283019 0.418557 0.003774 0.070103
26 0.274259 0.418557 0.005660 0.070103
26 0.267655 0.420619 0.003774 0.070103
12 0.258221 0.420619 0.005930 0.070103
10 0.251078 0.420619 0.006199 0.070103
0 0.239757 0.420619 0.006199 0.070103
24 0.230593 0.422680 0.006199 0.070103
21 0.222642 0.422680 0.006469 0.070103
6 0.213747 0.422680 0.007008 0.070103
1 0.206873 0.422680 0.004582 0.070103
26 0.199596 0.422680 0.005660 0.070103
7 0.190970 0.422680 0.005660 0.070103
12 0.182345 0.424742 0.005660 0.070103
1 0.175337 0.424742 0.006199 0.070103
5 0.166173 0.424742 0.006199 0.070103
3 0.159704 0.424742 0.004582 0.070103
1 0.152965 0.424742 0.005121 0.070103
25 0.144205 0.426289 0.009164 0.071134
5 0.133019 0.426289 0.002965 0.071134
18 0.127358 0.426289 0.006199 0.071134
1 0.120081 0.426289 0.006199 0.071134
3 0.113073 0.426289 0.006199 0.071134
26 0.105391 0.426289 0.007008 0.071134
0 0.096631 0.428351 0.006199 0.071134
26 0.088005 0.428351 0.007278 0.071134
4 0.077224 0.428351 0.006199 0.071134
18 0.069542 0.428351 0.004852 0.071134
1 0.062399 0.428351 0.005121 0.071134
3 0.055391 0.429897 0.005660 0.070103
4 0.047035 0.429897 0.007278 0.070103
4 0.036253 0.429897 0.006199 0.070103
6 0.030728 0.429897 0.003235 0.070103
0 0.024663 0.429897 0.005121 0.070103
26 0.017925 0.431959 0.005121 0.070103
1 0.983019 0.431959 0.004852 0.065979
7 0.975876 0.431959 0.005660 0.065979
3 0.966173 0.431959 0.006739 0.065979
25 0.956334 0.434021 0.009704 0.065979
4 0.942857 0.434021 0.007008 0.065979
6 0.936253 0.434021 0.004043 0.065979
4 0.929111 0.434021 0.008086 0.065979
25 0.917385 0.434021 0.007278 0.065979
1 0.907143 0.436082 0.006199 0.065979
18 0.900404 0.436082 0.005121 0.065979
26 0.892588 0.436082 0.006739 0.065979
9 0.882615 0.436082 0.002965 0.065979
14 0.878032 0.436082 0.004043 0.065979
9 0.871563 0.436082 0.004582 0.065979
13 0.865633 0.438144 0.006199 0.065979
26 0.854987 0.438144 0.003235 0.065979
0 0.847035 0.438144 0.005660 0.065979
11 0.838949 0.438144 0.005660 0.065979
12 0.832210 0.438144 0.003504 0.065979
14 0.820889 0.440206 0.003504 0.065979
22 0.812534 0.440206 0.005121 0.065979
26 0.804582 0.440206 0.009704 0.065979
9 0.784636 0.441753 0.010782 0.067010
13 0.776146 0.441753 0.004043 0.067010
12 0.705660 0.443814 0.003235 0.067010
9 0.699865 0.445876 0.004582 0.067010
4 0.694744 0.445876 0.004582 0.067010
5 0.688275 0.445876 0.004043 0.067010
4 0.683154 0.445876 0.005121 0.067010
14 0.672372 0.445876 0.006199 0.067010
22 0.665229 0.445876 0.005930 0.067010
4 0.657547 0.447938 0.007278 0.067010
9 0.649191 0.447938 0.002426 0.067010
0 0.642453 0.447938 0.004582 0.067010
11 0.635580 0.447938 0.004852 0.067010
12 0.629515 0.447938 0.002965 0.067010
0 0.617925 0.447938 0.003504 0.067010
26 0.609569 0.450000 0.004043 0.067010
25 0.596631 0.450000 0.006199 0.067010
1 0.586523 0.450000 0.005930 0.067010
18 0.580458 0.450000 0.005121 0.067010
26 0.571968 0.451546 0.007547 0.065979
4 0.561321 0.451546 0.005121 0.065979
9 0.556065 0.451546 0.003774 0.065979
14 0.551078 0.451546 0.004582 0.065979
9 0.544340 0.451546 0.004582 0.065979
13 0.538410 0.451546 0.006199 0.065979
5 0.529245 0.451546 0.001887 0.065979
12 0.524663 0.453608 0.005121 0.065979
0 0.515364 0.453608 0.007008 0.065979
9 0.505256 0.453608 0.002965 0.065979
24 0.500404 0.453608 0.004582 0.065979
0 0.492049 0.453608 0.005660 0.065979
4 0.484232 0.455670 0.006199 0.065979
12 0.474259 0.455670 0.003504 0.065979
10 0.467520 0.455670 0.005660 0.065979
7 0.457547 0.455670 0.004043 0.065979
14 0.449730 0.455670 0.006739 0.065979
21 0.439218 0.457732 0.008356 0.065979
5 0.428302 0.457732 0.001617 0.065979
12 0.424933 0.457732 0.004043 0.065979
0 0.416712 0.457732 0.004313 0.065979
9 0.408625 0.457732 0.002156 0.065979
24 0.403639 0.457732 0.004582 0.065979
0 0.395283 0.459794 0.006199 0.065979
4 0.387062 0.459794 0.004313 0.065979
12 0.377358 0.459794 0.003235 0.065979
10 0.370216 0.459794 0.007278 0.065979
25 0.359164 0.461340 0.006739 0.067010
0 0.348383 0.461340 0.006739 0.067010
24 0.341914 0.461340 0.005660 0.067010
1 0.330054 0.461340 0.002426 0.067010
11 0.323854 0.461340 0.004582 0.067010
12 0.317251 0.461340 0.003774 0.067010
2 0.307412 0.463402 0.015364 0.067010
2 0.262803 0.465464 0.018329 0.067010
1 0.213208 0.467526 0.005930 0.067010
9 0.208086 0.467526 0.002156 0.067010
5 0.204582 0.467526 0.003235 0.067010
13 0.199326 0.467526 0.005121 0.067010
4 0.189084 0.469588 0.005121 0.067010
4 0.182615 0.469588 0.006199 0.067010
5 0.177358 0.469588 0.002156 0.067010
0 0.171833 0.469588 0.007278 0.067010
12 0.160512 0.469588 0.005121 0.067010
0 0.153504 0.469588 0.005121 0.067010
14 0.146765 0.471134 0.005121 0.065979
24 0.138814 0.471134 0.006469 0.065979
1 0.127358 0.471134 0.006199 0.065979
18 0.120081 0.471134 0.006199 0.065979
1 0.113612 0.471134 0.005121 0.065979
5 0.107817 0.471134 0.002156 0.065979
24 0.103908 0.473196 0.004043 0.065979
6 0.095148 0.473196 0.003235 0.065979
4 0.089084 0.473196 0.005121 0.065979
18 0.077763 0.473196 0.007278 0.065979
25 0.067385 0.473196 0.009164 0.065979
4 0.059434 0.475258 0.005121 0.065979
9 0.051213 0.475258 0.001078 0.065979
4 0.045957 0.475258 0.005121 0.065979
9 0.039892 0.475258 0.001078 0.065979
4 0.034232 0.475258 0.005930 0.065979
12 0.022507 0.475258 0.005121 0.065979
9 0.018329 0.477320 0.002156 0.065979
1 0.983288 0.486082 0.004313 0.069072
22 0.976685 0.486082 0.005121 0.069072
0 0.968733 0.486082 0.006469 0.069072
26 0.958760 0.488144 0.005930 0.069072
9 0.953369 0.488144 0.003774 0.069072
14 0.943666 0.488144 0.003774 0.069072
14 0.935984 0.488144 0.006739 0.069072
22 0.926280 0.488144 0.006739 0.069072
24 0.918194 0.489691 0.005660 0.068041
9 0.911725 0.489691 0.004043 0.068041
13 0.906334 0.489691 0.005660 0.068041
5 0.897305 0.489691 0.008086 0.068041
9 0.883827 0.489691 0.015094 0.068041
12 0.851213 0.491753 0.018868 0.068041
5 0.834501 0.493814 0.008086 0.068041
26 0.828302 0.493814 0.007008 0.068041
18 0.817116 0.493814 0.005121 0.068041
12 0.807547 0.493814 0.008625 0.068041
9 0.797709 0.493814 0.002965 0.068041
3 0.792049 0.495876 0.006199 0.068041
10 0.784501 0.495876 0.005121 0.068041
5 0.775606 0.495876 0.006199 0.068041
12 0.769137 0.495876 0.004043 0.068041
6 0.763208 0.495876 0.004582 0.068041
11 0.756199 0.495876 0.005121 0.068041
24 0.749865 0.497938 0.004852 0.068041
5 0.744474 0.497938 0.004313 0.068041
6 0.737601 0.497938 0.007817 0.068041
1 0.728706 0.497938 0.006199 0.068041
9 0.723046 0.497938 0.002965 0.068041
6 0.718464 0.497938 0.004043 0.068041
18 0.708625 0.499485 0.011321 0.069072
12 0.676146 0.499485 0.013747 0.069072
26 0.643261 0.501546 0.005121 0.069072
4 0.635175 0.501546 0.005121 0.069072
9 0.630458 0.501546 0.004313 0.069072
4 0.624124 0.503608 0.005660 0.069072
26 0.614690 0.503608 0.005121 0.069072
5 0.607682 0.503608 0.004582 0.069072
24 0.602561 0.503608 0.004582 0.069072
26 0.594744 0.503608 0.006199 0.069072
9 0.585445 0.503608 0.002156 0.069072
4 0.580189 0.505670 0.004582 0.069072
5 0.575067 0.505670 0.003504 0.069072
4 0.569137 0.505670 0.006199 0.069072
1 0.558356 0.505670 0.005121 0.069072
20 0.550270 0.505670 0.005121 0.069072
9 0.545418 0.505670 0.003504 0.069072
10 0.540027 0.507216 0.005121 0.068041
11 0.528167 0.507216 0.006199 0.068041
9 0.522507 0.507216 0.002965 0.068041
1 0.512803 0.507216 0.006199 0.068041
9 0.506739 0.507216 0.002156 0.068041
3 0.501078 0.507216 0.007008 0.068041
7 0.489892 0.509278 0.005121 0.068041
6 0.481941 0.509278 0.005391 0.068041
23 0.475337 0.509278 0.004582 0.068041
4 0.468059 0.509278 0.006739 0.068041
4 0.457547 0.509278 0.006199 0.068041
5 0.452022 0.511340 0.003235 0.068041
22 0.446361 0.511340 0.005930 0.068041
0 0.438275 0.511340 0.008086 0.068041
19 0.430593 0.511340 0.005121 0.068041
9 0.420350 0.511340 0.002965 0.068041
4 0.414690 0.511340 0.006199 0.068041
5 0.409030 0.513402 0.002965 0.068041
4 0.402965 0.513402 0.007008 0.068041
14 0.392453 0.513402 0.005391 0.068041
14 0.383423 0.513402 0.007278 0.068041
22 0.372507 0.513402 0.006469 0.068041
24 0.365633 0.515464 0.005121 0.068041
9 0.359164 0.515464 0.004582 0.068041
13 0.352830 0.515464 0.007008 0.068041
5 0.342049 0.515464 0.002156 0.068041
25 0.335984 0.515464 0.006199 0.068041
14 0.326280 0.517526 0.006199 0.068041
24 0.319811 0.517526 0.004582 0.068041
26 0.312668 0.517526 0.006469 0.068041
0 0.302291 0.517526 0.006199 0.068041
26 0.295013 0.517526 0.006199 0.068041
4 0.285040 0.519072 0.005660 0.069072
7 0.278571 0.519072 0.005121 0.069072
23 0.269137 0.519072 0.006739 0.069072
4 0.261321 0.519072 0.006199 0.069072
4 0.245957 0.521134 0.018598 0.069072
6 0.232210 0.521134 0.007278 0.069072
0 0.226954 0.521134 0.001078 0.069072
26 0.225067 0.521134 0.001078 0.069072
12 0.220350 0.521134 0.004043 0.069072
14 0.213477 0.521134 0.005391 0.069072
5 0.205256 0.521134 0.004582 0.069072
18 0.202022 0.521134 0.004043 0.069072
3 0.193935 0.523196 0.005660 0.069072
4 0.187466 0.523196 0.005660 0.069072
14 0.176146 0.523196 0.004582 0.069072
9 0.169272 0.523196 0.004313 0.069072
14 0.164825 0.523196 0.004582 0.069072
9 0.158086 0.525258 0.004043 0.069072
13 0.153639 0.525258 0.005391 0.069072
9 0.144205 0.525258 0.003235 0.069072
14 0.138005 0.525258 0.007008 0.069072
9 0.131941 0.525258 0.002965 0.069072
14 0.126280 0.525258 0.006199 0.069072
4 0.119137 0.526804 0.007008 0.068041
