5 0.981100 0.256219 0.002025 0.273632
9 0.976544 0.256219 0.003712 0.273632
3 0.972663 0.256219 0.004050 0.273632
1 0.965238 0.256219 0.005400 0.273632
24 0.953763 0.256219 0.014850 0.273632
9 0.948363 0.256219 0.002700 0.273632
4 0.942963 0.256219 0.004050 0.273632
5 0.937395 0.256219 0.004387 0.273632
4 0.931995 0.256219 0.003037 0.273632
0 0.922376 0.256219 0.003375 0.273632
12 0.915120 0.256219 0.003712 0.273632
14 0.906007 0.256219 0.003712 0.273632
25 0.896558 0.256219 0.007087 0.273632
4 0.887445 0.256219 0.004387 0.273632
12 0.876308 0.256219 0.003712 0.273632
0 0.867027 0.256219 0.005400 0.273632
14 0.861458 0.256219 0.005737 0.273632
24 0.852346 0.256219 0.004387 0.273632
23 0.841208 0.256219 0.002362 0.273632
3 0.835471 0.256219 0.005737 0.273632
25 0.826358 0.256219 0.004387 0.273632
12 0.813027 0.256219 0.003375 0.273632
9 0.805771 0.256219 0.003712 0.273632
11 0.796659 0.256219 0.003037 0.273632
12 0.790921 0.256219 0.003037 0.273632
1 0.778097 0.256219 0.003037 0.273632
11 0.770672 0.256219 0.005062 0.273632
5 0.765272 0.256219 0.003712 0.273632
24 0.761559 0.256219 0.002362 0.273632
20 0.750422 0.256219 0.003037 0.273632
8 0.742997 0.256219 0.005737 0.273632
24 0.735572 0.256219 0.003712 0.273632
11 0.724435 0.256219 0.003037 0.273632
12 0.718697 0.256219 0.003037 0.273632
24 0.705872 0.256219 0.002362 0.273632
5 0.700135 0.256219 0.005737 0.273632
13 0.691023 0.256219 0.004387 0.273632
1 0.682754 0.256219 0.006750 0.273632
1 0.674485 0.256219 0.005062 0.273632
16 0.668748 0.256219 0.003712 0.273632
9 0.664360 0.256219 0.004387 0.273632
9 0.659636 0.256219 0.002362 0.273632
25 0.653729 0.256219 0.006075 0.273632
24 0.642592 0.256219 0.006750 0.273632
0 0.635336 0.256219 0.005737 0.273632
12 0.627911 0.256219 0.003712 0.273632
1 0.616605 0.256219 0.003375 0.273632
0 0.609180 0.256219 0.004725 0.273632
3 0.603949 0.256219 0.005062 0.273632
13 0.596524 0.256219 0.003712 0.273632
5 0.587243 0.256219 0.002700 0.273632
1 0.581505 0.256219 0.004050 0.273632
1 0.576105 0.256219 0.004725 0.273632
4 0.568680 0.256219 0.004725 0.273632
14 0.563112 0.256219 0.005737 0.273632
4 0.553999 0.256219 0.004387 0.273632
12 0.544549 0.256219 0.004387 0.273632
9 0.537125 0.256219 0.006412 0.273632
4 0.529700 0.256219 0.003712 0.273632
5 0.524131 0.256219 0.004050 0.273632
0 0.517550 0.256219 0.007087 0.273632
5 0.509281 0.256219 0.002025 0.273632
9 0.505737 0.256219 0.003712 0.273632
0 0.499831 0.256219 0.004050 0.273632
14 0.494600 0.256219 0.005062 0.273632
24 0.487175 0.256219 0.003712 0.273632
14 0.477894 0.256219 0.003375 0.273632
25 0.468613 0.256219 0.007762 0.273632
4 0.457307 0.256219 0.005400 0.273632
0 0.448532 0.256219 0.004725 0.273632
12 0.438576 0.256219 0.011137 0.273632
4 0.428451 0.256219 0.006412 0.273632
18 0.420182 0.256219 0.005400 0.273632
13 0.411407 0.256219 0.009450 0.273632
6 0.403645 0.256219 0.003375 0.273632
11 0.397570 0.256219 0.006750 0.273632
5 0.388289 0.256219 0.011137 0.273632
24 0.380526 0.256219 0.001012 0.273632
0 0.375802 0.256219 0.006412 0.273632
26 0.368039 0.256219 0.007762 0.273632
4 0.357746 0.256219 0.006750 0.273632
9 0.352346 0.256219 0.002700 0.273632
5 0.348296 0.256219 0.003375 0.273632
13 0.343064 0.256219 0.006412 0.273632
4 0.333783 0.256219 0.004725 0.273632
6 0.327708 0.256219 0.004050 0.273632
4 0.321802 0.256219 0.005737 0.273632
0 0.312521 0.256219 0.006075 0.273632
25 0.303746 0.256219 0.009450 0.273632
24 0.295140 0.256219 0.007087 0.273632
9 0.286703 0.256219 0.003037 0.273632
22 0.281471 0.256219 0.004725 0.273632
0 0.274215 0.256219 0.005737 0.273632
26 0.266622 0.256219 0.005400 0.273632
13 0.258353 0.256219 0.008437 0.273632
14 0.248734 0.256219 0.006750 0.273632
14 0.241647 0.256219 0.006750 0.273632
22 0.233547 0.256219 0.008100 0.273632
24 0.225110 0.256219 0.007425 0.273632
9 0.215154 0.256219 0.010462 0.273632
13 0.209079 0.256219 0.001012 0.273632
14 0.204691 0.256219 0.004387 0.273632
1 0.196254 0.256219 0.005737 0.273632
9 0.190685 0.256219 0.004050 0.273632
26 0.179210 0.256219 0.016875 0.273632
18 0.176004 0.256219 0.003037 0.273632
1 0.168410 0.256219 0.005400 0.273632
3 0.161154 0.256219 0.005062 0.273632
9 0.155417 0.256219 0.004387 0.273632
13 0.150017 0.256219 0.003037 0.273632
11 0.140567 0.256219 0.006412 0.273632
9 0.135336 0.256219 0.002700 0.273632
1 0.130273 0.256219 0.005400 0.273632
7 0.124030 0.256219 0.003712 0.273632
5 0.120317 0.256219 0.003712 0.273632
6 0.114580 0.256219 0.003712 0.273632
23 0.109011 0.256219 0.006750 0.273632
9 0.101586 0.256219 0.002700 0.273632
3 0.096355 0.256219 0.003037 0.273632
4 0.086736 0.256219 0.002700 0.273632
5 0.081336 0.256219 0.003375 0.273632
22 0.077624 0.256219 0.004050 0.273632
9 0.070368 0.256219 0.005062 0.273632
0 0.064630 0.256219 0.003037 0.273632
9 0.059062 0.256219 0.002700 0.273632
4 0.053324 0.256219 0.004050 0.273632
5 0.048093 0.256219 0.004387 0.273632
4 0.042356 0.256219 0.003037 0.273632
0 0.033075 0.256219 0.002700 0.273632
26 0.027337 0.256219 0.004725 0.273632
11 0.020081 0.256219 0.005062 0.273632
13 0.014681 0.256219 0.003037 0.273632
14 0.981606 0.430348 0.003037 0.263682
6 0.974350 0.430348 0.005400 0.263682
4 0.967432 0.430348 0.003712 0.263682
5 0.960344 0.430348 0.002362 0.263682
12 0.954776 0.430348 0.005400 0.263682
0 0.945832 0.430348 0.004387 0.263682
9 0.938745 0.430348 0.002362 0.263682
0 0.933345 0.430348 0.004387 0.263682
11 0.926088 0.430348 0.005400 0.263682
12 0.919170 0.430348 0.003712 0.263682
6 0.908370 0.430348 0.003712 0.263682
14 0.899089 0.430348 0.006750 0.263682
21 0.890483 0.430348 0.004387 0.263682
4 0.879514 0.430348 0.002700 0.263682
9 0.874114 0.430348 0.003375 0.263682
5 0.870739 0.430348 0.003375 0.263682
13 0.865508 0.430348 0.003037 0.263682
0 0.854708 0.430348 0.003037 0.263682
26 0.847452 0.430348 0.005400 0.263682
13 0.840533 0.430348 0.003712 0.263682
9 0.831421 0.430348 0.003037 0.263682
22 0.824333 0.430348 0.005737 0.263682
0 0.815390 0.430348 0.005400 0.263682
9 0.810159 0.430348 0.004387 0.263682
13 0.804759 0.430348 0.003037 0.263682
1 0.794803 0.430348 0.006075 0.263682
7 0.786871 0.430348 0.005737 0.263682
3 0.777759 0.430348 0.006412 0.263682
25 0.765103 0.430348 0.014850 0.263682
4 0.754472 0.430348 0.003712 0.263682
0 0.745528 0.430348 0.006075 0.263682
1 0.738441 0.430348 0.004725 0.263682
9 0.733210 0.430348 0.004387 0.263682
1 0.727810 0.430348 0.003037 0.263682
5 0.719035 0.430348 0.002362 0.263682
4 0.713635 0.430348 0.004387 0.263682
9 0.706547 0.430348 0.005062 0.263682
4 0.701147 0.430348 0.003037 0.263682
11 0.691191 0.430348 0.005400 0.263682
9 0.684610 0.430348 0.005062 0.263682
9 0.679379 0.430348 0.002700 0.263682
1 0.673979 0.430348 0.004050 0.263682
9 0.668748 0.430348 0.004387 0.263682
0 0.661660 0.430348 0.005062 0.263682
10 0.656261 0.430348 0.003037 0.263682
9 0.647486 0.430348 0.002362 0.263682
4 0.642086 0.430348 0.004387 0.263682
5 0.634998 0.430348 0.005062 0.263682
4 0.629598 0.430348 0.003037 0.263682
0 0.618630 0.430348 0.003375 0.263682
12 0.611711 0.430348 0.003712 0.263682
0 0.599224 0.430348 0.003037 0.263682
24 0.591968 0.430348 0.006075 0.263682
21 0.583024 0.430348 0.004387 0.263682
4 0.570537 0.430348 0.003037 0.263682
11 0.563280 0.430348 0.005400 0.263682
16 0.556193 0.430348 0.004050 0.263682
18 0.552481 0.430348 0.004050 0.263682
16 0.545562 0.430348 0.004387 0.263682
9 0.541849 0.430348 0.002362 0.263682
5 0.535775 0.430348 0.003712 0.263682
4 0.529362 0.430348 0.004387 0.263682
7 0.523962 0.430348 0.005737 0.263682
26 0.513331 0.430348 0.006075 0.263682
9 0.507594 0.430348 0.005400 0.263682
5 0.500675 0.430348 0.002362 0.263682
4 0.495613 0.430348 0.004387 0.263682
0 0.488188 0.430348 0.005062 0.263682
14 0.481100 0.430348 0.005737 0.263682
24 0.472325 0.430348 0.005737 0.263682
9 0.466925 0.430348 0.003037 0.263682
5 0.459838 0.430348 0.002362 0.263682
4 0.454438 0.430348 0.004387 0.263682
6 0.447182 0.430348 0.006075 0.263682
5 0.438238 0.430348 0.005062 0.263682
9 0.434526 0.430348 0.002362 0.263682
5 0.429632 0.430348 0.004050 0.263682
4 0.424063 0.430348 0.004387 0.263682
9 0.418495 0.430348 0.004050 0.263682
1 0.413264 0.430348 0.004387 0.263682
5 0.407864 0.430348 0.003712 0.263682
17 0.404151 0.430348 0.003712 0.263682
9 0.396051 0.430348 0.007762 0.263682
0 0.389808 0.430348 0.002700 0.263682
25 0.382720 0.430348 0.006750 0.263682
24 0.372089 0.430348 0.005062 0.263682
16 0.365002 0.430348 0.003037 0.263682
25 0.357914 0.430348 0.005737 0.263682
1 0.348802 0.430348 0.005737 0.263682
18 0.343402 0.430348 0.003037 0.263682
12 0.332940 0.430348 0.004387 0.263682
0 0.321971 0.430348 0.006075 0.263682
1 0.316740 0.430348 0.004387 0.263682
26 0.309652 0.430348 0.005062 0.263682
9 0.302565 0.430348 0.005062 0.263682
10 0.297165 0.430348 0.003037 0.263682
12 0.288053 0.430348 0.004387 0.263682
26 0.280965 0.430348 0.005737 0.263682
26 0.271515 0.430348 0.008437 0.263682
12 0.263247 0.430348 0.006075 0.263682
10 0.251434 0.430348 0.010800 0.263682
0 0.241816 0.430348 0.003037 0.263682
24 0.234222 0.430348 0.006075 0.263682
21 0.225616 0.430348 0.004387 0.263682
6 0.216504 0.430348 0.002362 0.263682
1 0.210935 0.430348 0.004725 0.263682
26 0.204016 0.430348 0.003712 0.263682
7 0.195916 0.430348 0.007087 0.263682
12 0.186129 0.430348 0.006412 0.263682
1 0.176004 0.430348 0.009787 0.263682
5 0.168242 0.430348 0.002362 0.263682
3 0.162842 0.430348 0.004387 0.263682
1 0.155586 0.430348 0.006075 0.263682
25 0.146979 0.430348 0.004387 0.263682
5 0.136180 0.430348 0.001687 0.263682
18 0.132467 0.430348 0.004387 0.263682
1 0.123692 0.430348 0.005737 0.263682
3 0.116436 0.430348 0.005400 0.263682
26 0.109517 0.430348 0.003712 0.263682
0 0.098380 0.430348 0.006412 0.263682
26 0.089605 0.430348 0.009787 0.263682
4 0.082180 0.430348 0.003712 0.263682
18 0.075430 0.430348 0.005062 0.263682
1 0.068343 0.430348 0.005737 0.263682
3 0.059231 0.430348 0.007087 0.263682
4 0.047418 0.430348 0.009112 0.263682
4 0.037631 0.430348 0.006412 0.263682
6 0.030881 0.430348 0.004387 0.263682
0 0.023456 0.430348 0.005737 0.263682
26 0.014681 0.430348 0.007087 0.263682
5 0.795815 0.574627 0.002700 0.223881
1 0.790415 0.574627 0.004050 0.223881
9 0.785690 0.574627 0.003375 0.223881
5 0.781134 0.574627 0.003712 0.223881
13 0.774890 0.574627 0.006075 0.223881
4 0.766115 0.574627 0.003375 0.223881
25 0.757003 0.574627 0.006750 0.223881
1 0.747722 0.574627 0.005737 0.223881
9 0.741647 0.574627 0.003712 0.223881
18 0.737091 0.574627 0.004725 0.223881
9 0.729497 0.574627 0.003712 0.223881
6 0.721903 0.574627 0.002025 0.223881
5 0.717516 0.574627 0.003375 0.223881
2 0.712791 0.574627 0.002700 0.223881
12 0.703510 0.574627 0.003037 0.223881
9 0.696085 0.574627 0.005062 0.223881
4 0.690010 0.574627 0.004387 0.223881
5 0.684104 0.574627 0.004725 0.223881
4 0.677860 0.574627 0.003037 0.223881
14 0.670267 0.574627 0.003375 0.223881
22 0.661154 0.574627 0.005400 0.223881
5 0.654911 0.574627 0.005062 0.223881
26 0.647486 0.574627 0.003712 0.223881
9 0.638205 0.574627 0.003375 0.223881
0 0.632298 0.574627 0.004387 0.223881
11 0.626392 0.574627 0.004725 0.223881
12 0.616774 0.574627 0.010462 0.223881
0 0.607830 0.574627 0.004725 0.223881
26 0.598549 0.574627 0.008437 0.223881
25 0.588255 0.574627 0.006075 0.223881
1 0.578974 0.574627 0.005737 0.223881
18 0.572899 0.574627 0.005062 0.223881
26 0.563618 0.574627 0.008100 0.223881
4 0.553999 0.574627 0.005062 0.223881
9 0.547418 0.574627 0.004050 0.223881
14 0.542693 0.574627 0.004050 0.223881
9 0.536450 0.574627 0.004387 0.223881
13 0.529700 0.574627 0.007087 0.223881
5 0.522275 0.574627 0.002362 0.223881
12 0.517044 0.574627 0.004725 0.223881
0 0.508775 0.574627 0.007762 0.223881
9 0.500337 0.574627 0.003037 0.223881
24 0.494769 0.574627 0.006750 0.223881
0 0.487513 0.574627 0.006412 0.223881
4 0.480088 0.574627 0.007087 0.223881
12 0.464900 0.574627 0.017887 0.223881
10 0.455113 0.574627 0.001012 0.223881
7 0.448532 0.574627 0.007425 0.223881
14 0.440601 0.574627 0.006412 0.223881
21 0.432332 0.574627 0.008100 0.223881
5 0.424063 0.574627 0.001687 0.223881
12 0.419676 0.574627 0.005062 0.223881
0 0.410564 0.574627 0.004387 0.223881
9 0.402126 0.574627 0.003037 0.223881
24 0.396051 0.574627 0.007087 0.223881
0 0.388289 0.574627 0.006412 0.223881
4 0.381033 0.574627 0.006750 0.223881
12 0.372427 0.574627 0.003712 0.223881
10 0.363314 0.574627 0.004387 0.223881
25 0.353021 0.574627 0.004050 0.223881
0 0.342221 0.574627 0.006750 0.223881
24 0.335977 0.574627 0.003037 0.223881
1 0.324333 0.574627 0.005400 0.223881
11 0.316571 0.574627 0.005400 0.223881
12 0.307121 0.574627 0.010125 0.223881
2 0.298684 0.574627 0.003375 0.223881
1 0.293453 0.574627 0.004387 0.223881
12 0.286196 0.574627 0.005400 0.223881
10 0.277422 0.574627 0.008775 0.223881
5 0.268647 0.574627 0.002700 0.223881
4 0.262740 0.574627 0.007087 0.223881
2 0.251941 0.574627 0.012487 0.223881
3 0.240634 0.574627 0.008100 0.223881
26 0.235741 0.574627 0.001012 0.223881
12 0.229666 0.574627 0.005062 0.223881
1 0.216335 0.574627 0.006750 0.223881
16 0.211610 0.574627 0.004050 0.223881
10 0.205366 0.574627 0.003037 0.223881
1 0.196423 0.574627 0.002025 0.223881
9 0.192035 0.574627 0.002700 0.223881
5 0.188998 0.574627 0.003375 0.223881
13 0.182754 0.574627 0.003037 0.223881
4 0.174992 0.574627 0.003037 0.223881
4 0.167567 0.574627 0.004387 0.223881
5 0.163010 0.574627 0.004050 0.223881
0 0.156767 0.574627 0.003037 0.223881
12 0.147823 0.574627 0.004050 0.223881
0 0.137361 0.574627 0.006075 0.223881
14 0.131286 0.574627 0.005400 0.223881
24 0.123355 0.574627 0.003712 0.223881
1 0.113399 0.574627 0.004725 0.223881
18 0.106817 0.574627 0.005062 0.223881
1 0.099224 0.574627 0.005400 0.223881
5 0.093149 0.574627 0.004050 0.223881
24 0.087749 0.574627 0.006075 0.223881
6 0.079987 0.574627 0.003375 0.223881
4 0.073574 0.574627 0.007425 0.223881
18 0.065474 0.574627 0.004725 0.223881
25 0.056531 0.574627 0.006412 0.223881
4 0.047418 0.574627 0.007762 0.223881
9 0.039318 0.574627 0.002362 0.223881
4 0.034256 0.574627 0.005737 0.223881
5 0.029531 0.574627 0.002362 0.223881
4 0.024131 0.574627 0.006412 0.223881
1 0.978738 0.584577 0.002700 0.164179
7 0.973169 0.584577 0.003712 0.164179
5 0.968782 0.584577 0.003037 0.164179
3 0.964394 0.589552 0.005062 0.164179
25 0.955113 0.589552 0.003375 0.164179
4 0.940601 0.589552 0.002700 0.164179
6 0.935201 0.589552 0.004050 0.164179
4 0.929463 0.589552 0.002025 0.164179
25 0.919339 0.594527 0.004725 0.164179
1 0.908707 0.594527 0.006412 0.164179
18 0.901957 0.594527 0.005737 0.164179
26 0.892001 0.594527 0.003375 0.164179
9 0.884070 0.594527 0.002362 0.164179
14 0.879177 0.592040 0.005400 0.169154
9 0.871414 0.587065 0.004725 0.169154
13 0.867195 0.579602 0.002362 0.164179
26 0.854877 0.574627 0.003375 0.164179
0 0.848127 0.572139 0.006075 0.169154
11 0.839521 0.582090 0.006412 0.169154
12 0.831590 0.587065 0.003375 0.169154
18 0.818259 0.689055 0.010462 0.114428
12 0.809652 0.773632 0.002700 0.164179
9 0.800540 0.763682 0.002700 0.164179
3 0.796153 0.763682 0.004725 0.164179
10 0.788896 0.758706 0.003037 0.164179
5 0.778940 0.758706 0.002700 0.164179
12 0.773709 0.758706 0.004387 0.164179
6 0.766959 0.753731 0.004387 0.164179
11 0.761053 0.753731 0.004725 0.164179
24 0.753797 0.751244 0.005737 0.169154
5 0.746541 0.761194 0.004050 0.169154
15 0.743166 0.763682 0.002025 0.164179
1 0.735910 0.766169 0.003712 0.169154
9 0.728991 0.773632 0.004050 0.164179
15 0.725278 0.773632 0.001350 0.164179
18 0.717685 0.773632 0.003037 0.164179
9 0.710766 0.773632 0.004050 0.164179
16 0.706547 0.773632 0.003037 0.164179
9 0.702160 0.773632 0.003037 0.164179
10 0.697773 0.773632 0.001687 0.164179
12 0.687985 0.773632 0.003037 0.164179
14 0.681066 0.768657 0.006075 0.164179
18 0.671785 0.766169 0.005737 0.169154
15 0.665373 0.763682 0.003037 0.164179
26 0.656092 0.756219 0.004725 0.169154
4 0.647486 0.751244 0.006412 0.169154
9 0.641073 0.748756 0.004387 0.164179
4 0.634998 0.748756 0.002362 0.164179
26 0.623692 0.748756 0.002700 0.164179
5 0.618124 0.753731 0.003712 0.164179
24 0.613736 0.748756 0.004387 0.164179
26 0.606142 0.748756 0.002700 0.164179
9 0.599393 0.748756 0.002700 0.164179
4 0.593655 0.748756 0.004725 0.164179
5 0.587074 0.748756 0.003712 0.164179
4 0.582349 0.748756 0.001687 0.164179
1 0.572730 0.751244 0.004050 0.169154
20 0.565643 0.756219 0.004725 0.169154
9 0.561255 0.761194 0.004050 0.169154
10 0.555856 0.768657 0.002700 0.164179
11 0.544381 0.763682 0.003375 0.164179
9 0.538812 0.758706 0.003037 0.164179
1 0.530881 0.753731 0.003375 0.164179
9 0.525143 0.751244 0.004725 0.169154
3 0.519744 0.748756 0.002700 0.164179
7 0.505906 0.748756 0.002700 0.164179
6 0.501181 0.748756 0.004725 0.164179
23 0.494263 0.753731 0.005737 0.164179
4 0.486163 0.753731 0.003037 0.164179
4 0.476713 0.758706 0.003037 0.164179
5 0.471988 0.761194 0.005062 0.169154
22 0.465575 0.766169 0.005062 0.169154
0 0.458319 0.771144 0.005400 0.169154
10 0.451738 0.763682 0.003037 0.164179
9 0.442963 0.753731 0.003712 0.164179
4 0.436045 0.751244 0.005400 0.169154
5 0.430307 0.743781 0.004050 0.164179
4 0.426426 0.743781 0.001687 0.164179
14 0.416301 0.743781 0.003712 0.164179
14 0.408370 0.743781 0.006750 0.164179
22 0.398245 0.743781 0.006075 0.164179
24 0.390651 0.743781 0.004387 0.164179
9 0.384745 0.743781 0.004050 0.164179
13 0.379008 0.743781 0.002025 0.164179
5 0.372764 0.743781 0.003037 0.164179
25 0.365845 0.743781 0.006075 0.164179
14 0.356902 0.748756 0.005737 0.164179
24 0.348971 0.743781 0.005400 0.164179
26 0.341208 0.743781 0.002700 0.164179
0 0.330915 0.748756 0.003712 0.164179
26 0.323658 0.753731 0.003375 0.164179
4 0.313196 0.753731 0.002700 0.164179
6 0.307459 0.753731 0.003375 0.164179
6 0.304084 0.753731 0.003375 0.164179
23 0.297671 0.753731 0.004725 0.164179
4 0.291090 0.753731 0.002362 0.164179
4 0.280796 0.748756 0.002700 0.164179
6 0.274890 0.748756 0.004387 0.164179
0 0.269997 0.748756 0.004725 0.164179
26 0.262234 0.743781 0.003375 0.164179
12 0.253797 0.738806 0.003375 0.164179
14 0.247384 0.738806 0.005400 0.164179
5 0.240803 0.743781 0.004387 0.164179
18 0.235066 0.743781 0.005062 0.164179
3 0.227303 0.748756 0.005737 0.164179
4 0.219541 0.748756 0.003037 0.164179
14 0.210260 0.748756 0.003375 0.164179
9 0.203510 0.743781 0.004725 0.164179
14 0.198110 0.743781 0.004050 0.164179
9 0.192373 0.743781 0.004050 0.164179
13 0.187141 0.738806 0.002362 0.164179
9 0.178873 0.738806 0.002700 0.164179
14 0.174654 0.733831 0.004387 0.164179
9 0.168073 0.738806 0.004050 0.164179
14 0.163517 0.738806 0.005062 0.164179
4 0.154911 0.743781 0.003375 0.164179
