10 0.911429 0.038945 0.048571 0.027638
26 0.857857 0.035176 0.052857 0.020101
24 0.802500 0.035176 0.052143 0.020101
22 0.746429 0.035176 0.054286 0.020101
7 0.697500 0.035176 0.037857 0.020101
10 0.621786 0.038945 0.045000 0.027638
8 0.579643 0.035176 0.033571 0.020101
10 0.536429 0.038945 0.047143 0.027638
18 0.460714 0.035176 0.035714 0.020101
17 0.414286 0.035176 0.051429 0.020101
1 0.365000 0.035176 0.041429 0.020101
1 0.321429 0.035176 0.040000 0.020101
25 0.263571 0.035176 0.070000 0.020101
9 0.920357 0.070352 0.030714 0.020101
10 0.877857 0.074121 0.048571 0.027638
25 0.832500 0.070352 0.036429 0.020101
15 0.765357 0.074121 0.029286 0.027638
1 0.726786 0.070352 0.042143 0.020101
5 0.692143 0.070352 0.021429 0.020101
7 0.658214 0.070352 0.040714 0.020101
25 0.619643 0.070352 0.030714 0.020101
16 0.555000 0.070352 0.030000 0.020101
9 0.518571 0.070352 0.037143 0.020101
6 0.480714 0.070352 0.032857 0.020101
8 0.407857 0.070352 0.044286 0.020101
18 0.364286 0.070352 0.037143 0.020101
12 0.322143 0.067141 0.041429 0.026521
26 0.277143 0.070352 0.042857 0.020101
4 0.204286 0.070352 0.034286 0.020101
16 0.169286 0.070352 0.030000 0.020101
4 0.916071 0.105528 0.039286 0.020101
3 0.865714 0.105528 0.055714 0.020101
4 0.814643 0.105528 0.040714 0.020101
23 0.776786 0.109296 0.029286 0.027638
17 0.734286 0.105528 0.050000 0.020101
23 0.654643 0.109296 0.040714 0.027638
10 0.611071 0.109296 0.040714 0.027638
11 0.570000 0.105528 0.035714 0.020101
10 0.532857 0.109296 0.032857 0.027638
6 0.501071 0.105528 0.025000 0.020101
10 0.431071 0.109296 0.046429 0.027638
19 0.391071 0.105528 0.027857 0.020101
19 0.356786 0.105528 0.035000 0.020101
23 0.316071 0.109296 0.040714 0.027638
9 0.279643 0.105528 0.026429 0.020101
26 0.911786 0.140704 0.047857 0.020101
25 0.862143 0.140704 0.045714 0.020101
15 0.821786 0.144472 0.029286 0.027638
20 0.758571 0.140704 0.028571 0.020101
18 0.726071 0.140704 0.030714 0.020101
22 0.687143 0.140704 0.041429 0.020101
4 0.638929 0.140704 0.049286 0.020101
11 0.558214 0.140704 0.043571 0.020101
13 0.508929 0.140704 0.049286 0.020101
10 0.459643 0.144472 0.043571 0.027638
26 0.408571 0.140704 0.052857 0.020101
22 0.322857 0.140704 0.050000 0.020101
5 0.280357 0.140704 0.029286 0.020101
13 0.234286 0.140704 0.057143 0.020101
18 0.184643 0.140704 0.036429 0.020101
21 0.914286 0.179648 0.042857 0.027638
4 0.869643 0.175879 0.040714 0.020101
1 0.826429 0.175879 0.040000 0.020101
24 0.783571 0.175879 0.040000 0.020101
0 0.738571 0.175879 0.044286 0.020101
10 0.662857 0.179648 0.038571 0.027638
18 0.622500 0.175879 0.036429 0.020101
6 0.585357 0.175879 0.032143 0.020101
4 0.545714 0.175879 0.041429 0.020101
15 0.483571 0.179648 0.014286 0.027638
20 0.458571 0.175879 0.030000 0.020101
22 0.423929 0.175879 0.033571 0.020101
23 0.383929 0.179648 0.040714 0.027638
22 0.343929 0.175879 0.033571 0.020101
14 0.267143 0.175879 0.051429 0.020101
12 0.211071 0.172669 0.055000 0.026521
21 0.157500 0.179648 0.046429 0.027638
20 0.116071 0.175879 0.030714 0.020101
2 0.919643 0.211055 0.032143 0.020101
4 0.881071 0.211055 0.039286 0.020101
24 0.835714 0.211055 0.045714 0.020101
14 0.756429 0.211055 0.044286 0.020101
23 0.711071 0.214824 0.040714 0.027638
3 0.667857 0.211055 0.040000 0.020101
4 0.592143 0.211055 0.042857 0.020101
5 0.555714 0.211055 0.024286 0.020101
19 0.495714 0.211055 0.027143 0.020101
18 0.464643 0.211055 0.029286 0.020101
19 0.429643 0.211055 0.035000 0.020101
19 0.392143 0.211055 0.034286 0.020101
15 0.330000 0.214824 0.021429 0.027638
12 0.293929 0.207845 0.045000 0.026521
20 0.250357 0.211055 0.036429 0.020101
3 0.911786 0.246231 0.047857 0.020101
8 0.862500 0.246231 0.045000 0.020101
3 0.816786 0.246231 0.040714 0.020101
20 0.780000 0.246231 0.027143 0.020101
7 0.714286 0.246231 0.035714 0.020101
14 0.665000 0.246231 0.057143 0.020101
7 0.612500 0.246231 0.042143 0.020101
21 0.572143 0.250000 0.032857 0.027638
5 0.509286 0.246231 0.024286 0.020101
10 0.471071 0.250000 0.046429 0.027638
13 0.416429 0.246231 0.057143 0.020101
23 0.367500 0.250000 0.035000 0.027638
11 0.321429 0.246231 0.051429 0.020101
16 0.920714 0.281407 0.030000 0.020101
25 0.878571 0.281407 0.048571 0.020101
22 0.843929 0.281407 0.015000 0.020101
19 0.816786 0.281407 0.033571 0.020101
14 0.740000 0.281407 0.051429 0.020101
20 0.693214 0.281407 0.036429 0.020101
11 0.652143 0.281407 0.040000 0.020101
4 0.606071 0.281407 0.046429 0.020101
23 0.526071 0.285176 0.045000 0.027638
15 0.485357 0.285176 0.030714 0.027638
9 0.453571 0.281407 0.027143 0.020101
9 0.423571 0.281407 0.027143 0.020101
3 0.353571 0.281407 0.044286 0.020101
5 0.312857 0.281407 0.031429 0.020101
19 0.276786 0.281407 0.035000 0.020101
3 0.236071 0.281407 0.040714 0.020101
26 0.186786 0.281407 0.052143 0.020101
20 0.919286 0.316583 0.032857 0.020101
7 0.879286 0.316583 0.041429 0.020101
23 0.838214 0.320352 0.035000 0.027638
16 0.771429 0.316583 0.030000 0.020101
23 0.730714 0.320352 0.045714 0.027638
20 0.692143 0.316583 0.025714 0.020101
21 0.654643 0.320352 0.043571 0.027638
14 0.573929 0.316583 0.049286 0.020101
19 0.535000 0.316583 0.022857 0.020101
12 0.496429 0.313372 0.048571 0.026521
9 0.455714 0.316583 0.027143 0.020101
14 0.381786 0.316583 0.052143 0.020101
26 0.324643 0.316583 0.056429 0.020101
10 0.268929 0.320352 0.049286 0.027638
11 0.225000 0.316583 0.032857 0.020101
8 0.188929 0.316583 0.033571 0.020101
5 0.925000 0.351759 0.021429 0.020101
3 0.890714 0.351759 0.041429 0.020101
23 0.846786 0.355528 0.040714 0.027638
24 0.803929 0.351759 0.039286 0.020101
3 0.731429 0.351759 0.037143 0.020101
12 0.686786 0.348548 0.046429 0.026521
5 0.646429 0.351759 0.028571 0.020101
11 0.607500 0.351759 0.043571 0.020101
19 0.565000 0.351759 0.035714 0.020101
25 0.493214 0.351759 0.039286 0.020101
17 0.442857 0.351759 0.055714 0.020101
5 0.371786 0.351759 0.017857 0.020101
4 0.338571 0.351759 0.042857 0.020101
1 0.293929 0.351759 0.040714 0.020101
12 0.245357 0.348548 0.050714 0.026521
10 0.190000 0.355528 0.054286 0.027638
9 0.919286 0.386935 0.032857 0.020101
16 0.885357 0.386935 0.029286 0.020101
15 0.849643 0.390704 0.036429 0.027638
9 0.813214 0.386935 0.030714 0.020101
1 0.774643 0.386935 0.040714 0.020101
13 0.729643 0.386935 0.043571 0.020101
22 0.648571 0.386935 0.050000 0.020101
7 0.600000 0.386935 0.041429 0.020101
10 0.551786 0.390704 0.049286 0.027638
12 0.477857 0.383724 0.030000 0.026521
10 0.441071 0.390704 0.037857 0.027638
23 0.401786 0.390704 0.035000 0.027638
16 0.366429 0.386935 0.030000 0.020101
25 0.291429 0.386935 0.051429 0.020101
8 0.241071 0.386935 0.043571 0.020101
7 0.193214 0.386935 0.046429 0.020101
21 0.145000 0.390704 0.044286 0.027638
23 0.915357 0.425879 0.040714 0.027638
26 0.869286 0.422111 0.045714 0.020101
14 0.816429 0.422111 0.054286 0.020101
10 0.763214 0.425879 0.046429 0.027638
19 0.723214 0.422111 0.027857 0.020101
6 0.661071 0.422111 0.027857 0.020101
4 0.622857 0.422111 0.042857 0.020101
17 0.541429 0.422111 0.051429 0.020101
4 0.496071 0.422111 0.033571 0.020101
4 0.453571 0.422111 0.045714 0.020101
5 0.415000 0.422111 0.025714 0.020101
20 0.378929 0.422111 0.040714 0.020101
23 0.309643 0.425879 0.029286 0.027638
21 0.275714 0.425879 0.032857 0.027638
0 0.238929 0.422111 0.035000 0.020101
0 0.200000 0.422111 0.037143 0.020101
16 0.920714 0.457286 0.030000 0.020101
25 0.871429 0.457286 0.062857 0.020101
13 0.812857 0.457286 0.048571 0.020101
8 0.764286 0.457286 0.042857 0.020101
13 0.714286 0.457286 0.051429 0.020101
18 0.636071 0.457286 0.036429 0.020101
20 0.594286 0.457286 0.041429 0.020101
2 0.560000 0.457286 0.021429 0.020101
24 0.517500 0.457286 0.057857 0.020101
19 0.468214 0.457286 0.035000 0.020101
8 0.395000 0.457286 0.042857 0.020101
5 0.355000 0.457286 0.031429 0.020101
24 0.310714 0.457286 0.051429 0.020101
18 0.232500 0.457286 0.036429 0.020101
14 0.187857 0.457286 0.047143 0.020101
19 0.144643 0.457286 0.033571 0.020101
2 0.110357 0.457286 0.029286 0.020101
17 0.910714 0.492462 0.050000 0.020101
19 0.867143 0.492462 0.031429 0.020101
20 0.827500 0.492462 0.042143 0.020101
11 0.748571 0.492462 0.047143 0.020101
18 0.704286 0.492462 0.035714 0.020101
22 0.663571 0.492462 0.040000 0.020101
16 0.625714 0.492462 0.030000 0.020101
15 0.593571 0.496231 0.028571 0.027638
3 0.521071 0.492462 0.047857 0.020101
0 0.470714 0.492462 0.047143 0.020101
5 0.434643 0.492462 0.019286 0.020101
15 0.407143 0.496231 0.030000 0.027638
12 0.334643 0.489252 0.046429 0.026521
12 0.285714 0.489252 0.045714 0.026521
3 0.235714 0.492462 0.048571 0.020101
22 0.188214 0.492462 0.040714 0.020101
16 0.922857 0.527638 0.025714 0.020101
2 0.892143 0.527638 0.030000 0.020101
12 0.847500 0.524428 0.053571 0.026521
18 0.800000 0.527638 0.035714 0.020101
6 0.762857 0.527638 0.032857 0.020101
14 0.686071 0.527638 0.052143 0.020101
8 0.635000 0.527638 0.044286 0.020101
10 0.590714 0.531407 0.038571 0.027638
16 0.524286 0.527638 0.025714 0.020101
4 0.488929 0.527638 0.039286 0.020101
19 0.449643 0.527638 0.033571 0.020101
24 0.377500 0.527638 0.042143 0.020101
10 0.329286 0.531407 0.048571 0.027638
0 0.277500 0.527638 0.049286 0.020101
12 0.227143 0.524428 0.045714 0.026521
11 0.915000 0.562814 0.041429 0.020101
6 0.877500 0.562814 0.027857 0.020101
2 0.849286 0.562814 0.022857 0.020101
16 0.822143 0.562814 0.025714 0.020101
6 0.769286 0.562814 0.011429 0.020101
24 0.738214 0.562814 0.045000 0.020101
3 0.690357 0.562814 0.045000 0.020101
19 0.653214 0.562814 0.023571 0.020101
9 0.622143 0.562814 0.032857 0.020101
21 0.547857 0.566583 0.047143 0.027638
14 0.493571 0.562814 0.055714 0.020101
26 0.434643 0.562814 0.056429 0.020101
12 0.377500 0.559604 0.052143 0.026521
17 0.292500 0.562814 0.049286 0.020101
15 0.253214 0.566583 0.023571 0.027638
5 0.222857 0.562814 0.031429 0.020101
9 0.191429 0.562814 0.025714 0.020101
0 0.158571 0.562814 0.034286 0.020101
14 0.912143 0.597990 0.047143 0.020101
7 0.867857 0.597990 0.035714 0.020101
11 0.825357 0.597990 0.043571 0.020101
3 0.780000 0.597990 0.041429 0.020101
24 0.730714 0.597990 0.051429 0.020101
6 0.657857 0.597990 0.025714 0.020101
7 0.622143 0.597990 0.040000 0.020101
18 0.579643 0.597990 0.039286 0.020101
2 0.542500 0.597990 0.029286 0.020101
11 0.475357 0.597990 0.036429 0.020101
22 0.432143 0.597990 0.044286 0.020101
16 0.392500 0.597990 0.029286 0.020101
0 0.354286 0.597990 0.041429 0.020101
10 0.274643 0.601759 0.049286 0.027638
9 0.227857 0.597990 0.038571 0.020101
24 0.183571 0.597990 0.044286 0.020101
0 0.140714 0.597990 0.035714 0.020101
7 0.911786 0.633166 0.047857 0.020101
13 0.860714 0.633166 0.048571 0.020101
2 0.817857 0.633166 0.031429 0.020101
5 0.758214 0.633166 0.019286 0.020101
15 0.730357 0.636935 0.030714 0.027638
4 0.688929 0.633166 0.046429 0.020101
0 0.610000 0.633166 0.042857 0.020101
25 0.561071 0.633166 0.049286 0.020101
6 0.519286 0.633166 0.028571 0.020101
14 0.446429 0.633166 0.048571 0.020101
5 0.406429 0.633166 0.025714 0.020101
11 0.365714 0.633166 0.050000 0.020101
11 0.317143 0.633166 0.041429 0.020101
0 0.275357 0.633166 0.036429 0.020101
2 0.919286 0.668342 0.032857 0.020101
13 0.873571 0.668342 0.052857 0.020101
10 0.822500 0.672111 0.043571 0.027638
7 0.746071 0.668342 0.040714 0.020101
13 0.694643 0.668342 0.056429 0.020101
13 0.635357 0.668342 0.056429 0.020101
9 0.587143 0.668342 0.034286 0.020101
21 0.547857 0.672111 0.038571 0.027638
20 0.473929 0.668342 0.040714 0.020101
5 0.436429 0.668342 0.028571 0.020101
25 0.395000 0.668342 0.048571 0.020101
14 0.310714 0.668342 0.051429 0.020101
4 0.259286 0.668342 0.045714 0.020101
4 0.213929 0.668342 0.039286 0.020101
14 0.163929 0.668342 0.055000 0.020101
11 0.116071 0.668342 0.035000 0.020101
16 0.922143 0.703518 0.027143 0.020101
5 0.895000 0.703518 0.021429 0.020101
22 0.868571 0.703518 0.025714 0.020101
2 0.835000 0.703518 0.035714 0.020101
9 0.802857 0.703518 0.022857 0.020101
16 0.742143 0.703518 0.030000 0.020101
11 0.705714 0.703518 0.037143 0.020101
7 0.665357 0.703518 0.037857 0.020101
4 0.592500 0.703518 0.039286 0.020101
16 0.557857 0.703518 0.024286 0.020101
10 0.520357 0.707286 0.045000 0.027638
20 0.479286 0.703518 0.031429 0.020101
7 0.410000 0.703518 0.038571 0.020101
14 0.360357 0.703518 0.055000 0.020101
0 0.307857 0.703518 0.044286 0.020101
5 0.240714 0.703518 0.021429 0.020101
14 0.200714 0.703518 0.052857 0.020101
26 0.145357 0.703518 0.052143 0.020101
5 0.105000 0.703518 0.022857 0.020101
15 0.923214 0.742462 0.025000 0.027638
12 0.881071 0.735483 0.053571 0.026521
1 0.830714 0.738693 0.041429 0.020101
13 0.780714 0.738693 0.052857 0.020101
22 0.730357 0.738693 0.042143 0.020101
6 0.661786 0.738693 0.026429 0.020101
1 0.624643 0.738693 0.042143 0.020101
24 0.582500 0.738693 0.036429 0.020101
3 0.543214 0.738693 0.036429 0.020101
26 0.473571 0.738693 0.034286 0.020101
6 0.437143 0.738693 0.032857 0.020101
9 0.401071 0.738693 0.033571 0.020101
17 0.358929 0.738693 0.045000 0.020101
19 0.319643 0.738693 0.027857 0.020101
3 0.253571 0.738693 0.035714 0.020101
26 0.209643 0.738693 0.046429 0.020101
14 0.160714 0.738693 0.045714 0.020101
9 0.922143 0.773869 0.027143 0.020101
5 0.894643 0.773869 0.022143 0.020101
21 0.857143 0.777638 0.047143 0.027638
26 0.774643 0.773869 0.049286 0.020101
26 0.725714 0.773869 0.042857 0.020101
19 0.685714 0.773869 0.031429 0.020101
12 0.643929 0.770659 0.046429 0.026521
12 0.593214 0.770659 0.049286 0.026521
2 0.516429 0.773869 0.035714 0.020101
10 0.471071 0.777638 0.049286 0.027638
20 0.431071 0.773869 0.025000 0.020101
6 0.402143 0.773869 0.027143 0.020101
4 0.364286 0.773869 0.042857 0.020101
13 0.284286 0.773869 0.048571 0.020101
2 0.241786 0.773869 0.030714 0.020101
23 0.201429 0.777638 0.044286 0.027638
11 0.916786 0.809045 0.037857 0.020101
24 0.869286 0.809045 0.051429 0.020101
26 0.820357 0.809045 0.040714 0.020101
17 0.772143 0.809045 0.050000 0.020101
17 0.691071 0.809045 0.043571 0.020101
18 0.651786 0.809045 0.029286 0.020101
0 0.614643 0.809045 0.039286 0.020101
13 0.536429 0.809045 0.048571 0.020101
7 0.490357 0.809045 0.037857 0.020101
0 0.443214 0.809045 0.050714 0.020101
12 0.393214 0.805835 0.043571 0.026521
23 0.312500 0.812814 0.049286 0.027638
5 0.272143 0.809045 0.025714 0.020101
18 0.232857 0.809045 0.047143 0.020101
11 0.184643 0.809045 0.043571 0.020101
14 0.908214 0.844221 0.055000 0.020101
12 0.855357 0.841011 0.045000 0.026521
12 0.806071 0.841011 0.047857 0.026521
14 0.753571 0.844221 0.051429 0.020101
6 0.712143 0.844221 0.025714 0.020101
0 0.640714 0.844221 0.048571 0.020101
14 0.587857 0.844221 0.051429 0.020101
15 0.550000 0.847990 0.018571 0.027638
12 0.513214 0.841011 0.049286 0.026521
4 0.463214 0.844221 0.045000 0.020101
11 0.383571 0.844221 0.045714 0.020101
11 0.341429 0.844221 0.032857 0.020101
0 0.303214 0.844221 0.037857 0.020101
20 0.233571 0.844221 0.032857 0.020101
10 0.195357 0.847990 0.037857 0.027638
18 0.155714 0.844221 0.035714 0.020101
18 0.917143 0.879397 0.037143 0.020101
18 0.877143 0.879397 0.037143 0.020101
25 0.800357 0.879397 0.047857 0.020101
19 0.760714 0.879397 0.025714 0.020101
6 0.730714 0.879397 0.028571 0.020101
17 0.694643 0.879397 0.037857 0.020101
21 0.621429 0.883166 0.040000 0.027638
7 0.577857 0.879397 0.041429 0.020101
18 0.536071 0.879397 0.036429 0.020101
0 0.490357 0.879397 0.049286 0.020101
3 0.442500 0.879397 0.040714 0.020101
9 0.374286 0.879397 0.027143 0.020101
18 0.342500 0.879397 0.030714 0.020101
10 0.300000 0.883166 0.048571 0.027638
26 0.252857 0.879397 0.040000 0.020101
17 0.906786 0.914573 0.057857 0.020101
2 0.858571 0.914573 0.032857 0.020101
21 0.827500 0.918342 0.023571 0.027638
1 0.794286 0.914573 0.037143 0.020101
23 0.721071 0.918342 0.040714 0.027638
11 0.668929 0.914573 0.057857 0.020101
20 0.616786 0.914573 0.040714 0.020101
10 0.568929 0.918342 0.049286 0.027638
5 0.497143 0.914573 0.025714 0.020101
9 0.468929 0.914573 0.025000 0.020101
20 0.431786 0.914573 0.043571 0.020101
18 0.388929 0.914573 0.036429 0.020101
0 0.347857 0.914573 0.040000 0.020101
17 0.279643 0.914573 0.027857 0.020101
5 0.250357 0.914573 0.025000 0.020101
14 0.207857 0.914573 0.054286 0.020101
1 0.914643 0.949749 0.042143 0.020101
10 0.866429 0.953518 0.048571 0.027638
22 0.819286 0.949749 0.040000 0.020101
7 0.744286 0.949749 0.041429 0.020101
17 0.701429 0.949749 0.038571 0.020101
12 0.656071 0.946538 0.046429 0.026521
17 0.602143 0.949749 0.055714 0.020101
7 0.551071 0.949749 0.040714 0.020101
2 0.512143 0.949749 0.031429 0.020101
7 0.441071 0.949749 0.042143 0.020101
5 0.407143 0.949749 0.020000 0.020101
17 0.373929 0.949749 0.040714 0.020101
24 0.326071 0.949749 0.049286 0.020101
10 0.275357 0.953518 0.046429 0.027638
